-0.0927481-0.107595j 0.0843306-0.135431j -0.102605+0.0551196j 0.111596+0.00253675j -0.0761655-0.110859j 0.00757942+0.000773747j -0.00228896+0.00335874j 0.00614133-0.00197882j -0.00364722-0.000239533j 0.00962955+0.00111352j 0.00293226+0.011548j -0.0109425+0.0115031j -0.00957304-0.00293622j -0.00508558+0.0152535j 0.00541255-0.00202638j -0.00359051+0.000577458j 0.00167847+0.0050414j 0.00610836-0.0027527j -0.00104923-0.000827122j 0.000507733-0.00159495j -0.00116858+0.000114519j -0.00247368+0.000574184j -6.04315e-05-0.00148469j 0.000496679+0.00332285j 0.000965116+0.00200758j -0.00110571-0.00181935j 0.000156524-0.00171607j -0.00145674-0.00200911j 0.00015009-0.00332807j -0.00145727+0.00380191j -0.00299845+0.00173038j -0.00232597+0.00686477j 0.001937+0.00252784j -0.00208131+0.000849786j -0.00149578+0.0012384j -0.00119666-0.00189185j -0.00500054+0.00302777j 0.00253784+0.00510376j 9.25988e-05+0.00546845j -0.0020534+0.00178978j -0.00139124+0.00468854j -0.00593492+0.0028912j 0.00109069+0.00384296j 0.00235424+0.00473448j -0.00566295+0.00357488j 0.00302509+0.00160464j -0.000206721-0.00083117j 0.00131226+0.000562949j -0.00150817-0.00206361j -0.00340856+0.00113279j 0.00120721-0.000188132j -0.00114728+0.000638365j -0.00148877+0.00475837j -0.000291618-0.000549071j -0.00111855-0.00139274j -0.000343773+0.000272698j 0.000167012+0.00218231j -5.89339e-05-0.00270413j -0.000346801-0.00128428j -0.00118887-0.000295812j 0.000717299+0.000917951j 0.00114901-7.40728e-05j -0.000933293-0.00244224j -0.000456523-0.000804429j -0.000702437+0.00155612j -0.00238846+0.00230138j 0.000559655+0.000674769j 6.20884e-05-0.000380082j -0.00124222-0.00104345j 0.00279667-0.00124638j -0.000371322-0.000347842j 0.000486912-0.00412604j 0.0048112-0.00132032j -0.0015437-0.00101828j -0.000144785-0.000232426j 0.00160184+0.000707363j 0.000507749+0.00130322j -0.000215566-0.00153509j -0.00106632-0.000836205j 0.000538195-0.000418273j -0.000321443-4.13363e-05j 0.00109996+0.00156484j 0.000716341-0.00124003j -2.77718e-05-0.00101047j -0.000246375+0.00221788j -0.000274824+0.00294832j 0.00424532-0.00279269j -0.00166557-0.00247829j 0.00124603-0.0026536j -0.00167005-0.00121651j 0.00297797-0.00204857j 0.00176969+3.43194e-05j 0.00129458-0.00046307j 0.000683835+0.000446074j 0.00250527-0.00171731j 0.00111308+0.0011825j 0.00236349+0.000668207j 0.0014377-0.00485013j 0.00528765+5.15383e-05j -0.000533116+0.00149018j -0.00307261+0.00167502j 0.00190697+0.00124649j 0.00126017+0.00156968j 0.00273379-0.00142708j -9.49201e-05-0.000867149j 0.00209071-0.00072057j -0.0025517-0.000775548j -0.000550494+0.000153635j 0.00175253-0.000264938j 0.000205576-0.000896582j 0.000717515-9.31476e-05j 0.000338271+0.00106857j 0.00388765-2.69546e-06j -0.00130044+0.000950834j 0.00293932-0.00114385j 0.00126804-0.00079545j -0.00115108-0.000369095j -0.000614649-0.000407873j -0.00162499+0.000338538j -0.00121458-0.000288574j -0.00161523+0.000819695j -0.00133282+0.00129256j -0.00157995-0.00299166j -0.0013639-0.00299782j 0.000768565-0.000576448j 0.00186929+0.00171063j -0.00176465+0.000273329j 0.00103882+2.30264e-05j -0.000760144-0.000189904j -0.00041493+0.000135701j -0.000825064-0.000237905j -0.00297493-0.000253837j -0.00150632+0.00068388j 0.00124049-0.0002999j 0.000343513-0.0011929j 0.00134374+0.00163384j 0.00111051+0.000182098j -0.000761742+0.000205068j 0.000428532+0.000626839j 0.00223352-0.000504498j -0.00236363-0.00158995j -0.00164928+0.000271314j 0.000736524+0.000278975j 0.00115806+0.000182677j 0.000922655-0.000675477j 0.000420153-0.000186838j -0.00183713-0.00122215j 0.000421665+0.000681131j 0.00048226+0.00041153j -0.000584429+0.000424892j 0.00251049+0.000515873j -0.00199008+0.00022862j -0.00110857-0.000287788j -0.000694943+0.0002273j 0.000194607+2.29829e-05j -0.000604661+0.00157731j -6.18899e-05+0.000687981j -0.000553613+0.000311225j 1.89197e-05+0.000891233j 0.000183587+0.00155271j 0.00131732+0.00167854j -9.14871e-06+0.00252117j 0.0026394+0.00243087j 0.00447511+0.00146706j -0.00514416-0.00794015j -0.00173803-0.00152806j -0.0120622-0.00924657j 0.00943524+0.00936521j 0.00073108-0.00434673j 0.00146008+0.00228742j 0.000667938-0.00180965j 0.00869037+0.0045317j 0.000567933+0.000766064j 0.00121715-0.00123547j -0.00419615-0.00541149j -0.00102678+0.00215913j 0.00207703-0.000214236j -0.00136643-0.00445432j -0.0018545+0.00208965j -4.06574e-05+0.0032234j -0.00379069+0.00221551j -0.00331108-0.00608921j 0.000598761-0.00385117j -0.00221233-0.000333597j 0.00187117+0.000578146j -0.0019947+0.00360131j 0.000908194-0.00105993j -0.00134752+0.00250078j 0.00305724-0.00235364j 
0.186381-0.0815997j 0.180798+0.107829j -0.0700309-0.109208j 0.0628246+0.114086j 0.0714929-0.0822824j -0.0146524+0.00411586j -0.00954547+0.00272345j -0.00514236+0.00867561j 0.00254893-0.0025894j -0.00441069+0.00926142j -0.0135803+0.00859109j -0.0136185-0.00659314j 0.00395914-0.0126591j -0.0163861-0.00615926j 0.00105863+0.00473467j 0.00327193-0.00156829j -0.00975944+0.00372918j 0.00145624+0.00443853j 0.00123408-0.000521197j 0.00238213-0.00204933j -0.000195531-0.00240609j -0.0039811-0.00209327j 0.00252614+0.00133463j -0.00126439+0.000126458j -0.0025205+0.00239286j -0.000618543-0.000465821j -3.95372e-05+0.000592245j 0.00227234-0.00291178j 0.00169038-0.000322423j -0.00199702+0.000225139j -0.000669952-0.00664224j -0.00621367-0.000203117j -0.00414232+0.00333362j -0.0019936-0.00201479j -0.0019569-0.00195329j 0.0019294-0.00129572j -0.0034213-0.00627885j -0.00566881+0.00403934j -0.00643066-0.000287033j -0.00197001-0.00280315j -0.00496792-0.000890539j -0.00335463-0.0058443j -0.00470705+0.00165032j -0.00643431+0.00240679j -0.00227219-0.00568974j -0.00264921+0.00310495j 0.00123673+0.000372616j -0.000297417+0.00136766j 0.000515903-0.00187788j -6.18631e-06-0.002805j -0.000194001+0.0012738j -0.000496857-0.00137304j -0.00534495-0.00164514j 0.000382044-0.00143985j 0.000997924-0.00229964j 0.000430485+0.000338025j -0.00383702+7.11772e-05j 0.00225159-0.00129135j 0.00022874-0.000839015j 0.000216098-0.00256801j 0.000608504-0.000506131j 0.000787848+0.00166124j 0.00319664-0.00205533j 0.00221037-0.000368886j -0.00139508-0.00136742j -0.00202203-0.00164033j -0.000574561+0.000993069j -0.000346944+0.000118812j -0.000236304-0.00279569j -0.00264694+0.00388736j 0.00122267-0.002025j 0.00497302-0.0029768j -0.00247843+0.00353865j 0.00148323-0.000471235j 0.000626042-8.75273e-05j 0.00200942+0.000776067j -0.00356848-0.00152328j 0.0010572+0.00104109j -4.25183e-05-0.00137188j 0.00063908+0.000191735j 0.000620917-0.000223003j -0.000822469+0.000996437j 0.00184141+0.001752j 0.0014081-0.000213377j -0.0022231+1.58061e-05j -0.00412968-0.0002844j 0.00244165+0.00444095j 0.00418087-0.00250273j 0.00311445+0.000601061j 0.00242687-0.00196831j 0.00122753+0.00247364j -0.00194026+0.00243097j 1.44562e-05+0.00145832j -0.00140435+0.00105828j 0.000732165+0.00212921j -0.000920919+0.00130143j -0.00266354+0.00212108j 0.00829874-0.000174496j -0.0027117+0.00414402j -0.0028917+0.000297764j -0.00235307-0.00184266j -0.0015112+0.00154331j -0.00222679+0.000734214j 0.00298051+0.00172616j 0.00396887-0.00026856j 0.00100295+0.000549757j 0.000817567-0.0012576j -0.00193275+0.00048916j 0.000769753+0.00119966j 0.00196893-0.000249571j 0.00199594-0.000513674j -0.000503491+0.00119929j 0.00202447+0.000971006j 0.000574389-0.00124432j 0.00260472+0.00152128j 0.00231354+0.000191112j 0.000705344-0.000242675j -0.000129609+0.00109879j -0.00185516-0.00100421j -0.000951661-0.00022228j -0.00153347-0.00129643j -0.00109847-0.00109179j 0.00311465-0.000834174j 0.00327631-0.00058891j 0.000307288+0.000652799j -0.0011774+0.000676366j -0.000553499-0.00186884j 0.00131317+2.79598e-05j 0.00265555-0.00100669j -0.000625647+1.65868e-05j 0.000228624-1.00493e-05j 0.00227669-0.000690929j -0.000898031+0.000914726j -1.67298e-05-0.000671881j 0.000648779-0.000669941j -0.00165548+0.000764273j 0.000157288-0.000494647j -0.000819004+0.000983225j -0.000648682-0.000400461j 0.000707534+0.00228695j 0.00109934-0.000854975j 0.0013728-0.000856436j -5.52697e-05+0.000588483j -0.000500151-0.00216729j 0.00215919-0.00207022j 0.00276686-0.000789346j -0.00061997+0.00313354j -0.00120707+0.002049j -0.00064046+0.000272894j -0.000162779-0.00124681j -0.0043206-0.00152224j 0.00148678-0.000354417j 0.00252765+0.00196846j 0.00256822+0.00158088j 0.000234106+0.00026978j 0.00173164+0.0020392j -0.000669383+0.000608297j 0.000747745-0.000442516j 0.000293095-0.000492359j 0.0014808+1.27395e-05j 0.000886623-0.00127315j 0.00509555+0.0049531j 0.0011802-0.000305375j -0.00688197-0.00920952j -0.00674103-0.00471821j -0.00266223-0.00118125j 0.00144094+0.00543645j 0.00293426-0.00130652j -0.0126862-0.0113208j 0.000814466+0.000874498j -0.00733011-0.00678643j 0.000423427-0.00426417j 0.00305035-0.000754105j -0.0012459-0.0023091j -0.000575574+0.00357097j 0.00283428+0.00515171j -0.000473264-0.00345632j -0.00472897+0.00011496j 0.000152561+0.000782701j 0.00205189+0.00224987j 0.000249515+0.00648996j -0.00335133+0.0042039j -0.0010174-0.00383375j 0.00024153-0.000981617j 0.003022-0.000766241j -0.000673263-0.000411213j 0.00327252-0.00166086j -0.00408207+0.00120237j 0.000550809+0.00293633j 
0.0150363-0.243279j 0.037255-0.0842345j 0.107549+0.119079j -0.0199235+0.00500836j 0.140877+0.0852465j 0.0026478+0.00665953j 0.0133127+0.00151269j 0.00314467-0.0153247j -0.00228051-0.0102199j 0.00761539-0.0212059j -0.00705043+0.00416846j 0.00374248-0.0133048j -0.000474173-0.0056281j -0.00533864+0.019233j -0.00272589-0.00647911j 0.00284372+0.00476585j -0.00141339+0.00987115j 0.00361431+0.00443373j 0.000516089+0.000394119j 8.97767e-05-0.00549742j -0.00032474-0.00217333j -0.00439775-0.00800383j 0.00256513-0.00265458j 0.00162512+0.00825707j 7.60361e-06+0.00138178j -0.00236898-0.00447624j 0.000457907-0.00393335j -0.0014987-0.00464414j -0.00176516-0.00909156j -0.00107073+0.0159357j 0.00503833-2.24228e-05j 0.00077155+0.00348246j -0.0043176-0.00204893j 0.000255004+0.000286086j -0.00210174+0.00133768j 0.00103969-0.00255244j -0.000892578+0.0021516j -0.000909261+0.00925517j -0.000725501+0.00726158j -0.000312931-0.00286561j -0.000401425+0.00869773j 0.00191462+0.00456466j -0.00309852+0.00620256j -0.00314682+0.00818017j -0.000458881-0.000135687j -0.00448686+0.00262496j 0.00112255+9.12322e-05j -0.00134144-0.0037154j 0.00280689-0.000406902j 0.00207554+0.00435674j -0.00123625-0.0012711j -0.00138193-0.000836145j -0.00339045-0.00112167j 0.00028357-0.00248429j 0.002458-0.0035134j 0.00291344+0.000252923j -0.00541513+0.000106619j 0.00335382+0.000127371j -1.92484e-05-4.77684e-06j -0.00207862-0.000964416j 0.00309604+0.000398164j 0.00248136-0.00114432j 0.00407585-0.000519363j 0.000831916+0.00230768j -0.004047+0.00140899j -0.00848263+0.00357229j 0.00065394-0.00183704j 0.000709898-0.000163629j -0.00179415+0.00126815j 0.00160207-0.0122761j 0.00186593+0.00609754j 0.0156846+0.00993359j 0.0105729-0.00954735j -0.00852343-0.00376407j 0.00329134+0.00549277j -0.000249196+0.0104378j 0.00961449+0.00269327j 0.00146236-0.00260863j 0.00138882+0.00070576j -8.06766e-05-0.000236201j -8.81712e-05-0.000470441j -0.000691214+0.00170386j 0.00105901-0.00175234j 0.000441222-0.00170405j -7.50795e-05+0.0019261j 0.000667102+0.00486625j 0.00127919+0.000445959j -0.00118364-0.00339033j 0.000773401-0.00413223j -7.88085e-05-0.00219402j 0.00131149+0.00195518j 0.000465192-4.00003e-06j -0.000288871-0.00252708j -0.000330653-0.000962187j 0.000173915-0.000838522j 4.34203e-06+0.00069961j 0.00134547+0.003759j 9.25318e-05-0.00542092j -0.000364102+0.00573059j -0.000469397+0.00131084j 0.000891929-0.00158101j -0.00241556+0.00156584j -0.00178871+0.00167911j -0.000359016+0.0013247j -0.000122489-0.00202016j 7.40479e-05+0.0011998j 0.000847946-0.00152178j 0.000322686+0.00200026j -0.000406281-0.00259462j 0.000119009+0.000422028j 0.000525546-0.000287468j -0.000928294-0.00210101j 0.000884626+0.000845984j 0.00102025+0.00123696j -0.000515914-0.00143831j -0.00107693-0.000560962j 0.000608283-0.000797804j 0.000328051+0.000400342j 3.12783e-05+0.00225577j 0.000673293-0.000374017j 0.00104242+0.0013023j -0.00120409-0.00100787j -0.000408084+7.22102e-05j 0.00128057+0.000371598j 0.000127206-0.00147462j -0.000569897+0.00191036j -0.001519-0.00228125j 0.000843554-0.000169706j 0.000490795-0.00251425j -0.00134474-0.00146319j 0.000649778-0.00177929j 0.00218695-0.00129644j -0.000169657-0.0029708j -0.000415703+0.00119926j 0.00111443+0.00196984j -0.0033486-0.000433219j -0.000398081+0.000378474j -0.000196504+0.00111799j -0.00172115-0.000481589j 0.00086623-0.000643417j 0.00140206-0.00165224j -0.000291819-0.00125009j -0.000283338-0.000882841j 0.000650228+0.00168484j 0.00464676+0.00285328j 0.00565401+0.00273251j -0.00544671-0.00356471j -0.00360282+5.77607e-05j 0.00134582-7.68364e-05j 0.00248378+0.00217335j 5.79472e-05+0.00405149j 0.00183053+0.000512221j -0.00132906-0.00419296j 0.000194778-0.00309867j 0.000743047+0.000358777j -0.00133783-0.00216149j 0.000705426+0.00324433j 0.00155687-0.000160817j 0.00161419+0.00195666j -0.001837-2.38517e-05j 0.000831881+0.00226337j -0.00548962+0.00153081j -0.00130983+0.00314465j 0.0100497+0.00235945j 0.00759158-0.00610587j 0.00208395-0.00106401j -0.0028993-0.0131695j -0.00186159+0.0113446j 0.0108899-0.000700907j -0.000924851+0.00194911j 0.00326045-0.0013242j 0.00322808+0.00812264j 0.00120764+0.0015275j 0.00155429-0.000146655j -0.000352414-0.00527009j -0.00273104-0.00082994j 0.00128084+0.00322421j 0.00183206-0.00288526j -0.00168208+0.00209695j -0.00434086-0.000207358j -0.00384943-0.00273697j 0.00163181-0.00513838j 0.00200068-0.000949822j 0.00119576+0.000502869j -0.000540744-0.000402361j 0.000289414+0.00109214j 3.06757e-05-0.00368784j -0.0013256+0.00258054j -0.000345286-0.00307283j 
0.214272-0.091485j 0.0251534-0.0138167j -0.121635+0.120642j -0.104437-0.0789403j -0.0548053+0.111756j 0.00222453+0.0175063j 0.0098743+0.0113256j 0.0187985+0.000699264j 0.01167-0.00404635j 0.0194215+0.00999849j -0.00462949-0.00955286j 0.0136036+0.00757671j 0.00664683+0.00119814j -0.0187161-0.000239576j 0.00296469-0.00333887j 0.000800369+0.00118386j -0.00584855+0.00494759j -0.00568719+0.00419414j 0.00261537+0.000704192j 0.0021034-0.00267645j 0.00151903-0.0015746j 0.00380987-0.0040202j -0.000576922-0.000741973j -0.0041593+0.00139384j -0.00190699+0.00241734j 0.00409757-0.00128251j -0.000486877+0.00637487j 0.00428761-0.00116132j 0.00662658-0.00117478j -0.00799023+0.000610178j 0.000505-0.00678844j 0.0105+0.000930281j 0.00141233+0.00209415j 0.0014757+0.00308336j -0.00219871-0.000703126j 0.0029895+0.000517171j -0.00373777-0.00133826j -0.00288229+0.0014053j -0.00573371-0.00159125j 0.00331714-0.0017485j -0.000838569+0.00329621j 0.000587188-0.000804186j -0.00161429+0.00035656j -0.00474515+0.00107658j 0.00617173-0.00629768j -0.00101025+0.000948066j 0.000166603-0.00194667j 0.0038132-0.000693909j -0.000228162-0.000958781j 0.00370157-0.00156277j -0.00104205-0.00294462j 0.00227862-0.00342404j 0.00195202+0.00187039j -0.0024725-0.00242755j 0.00387295-0.00256912j -4.23313e-05-0.00165189j 0.00207462+0.000383926j -0.00019115-7.59002e-05j -0.00414057+0.0031601j 0.000804105-0.000974367j 0.00236643-0.00360536j 0.00173349-0.000321746j -0.00479362+0.00290709j 0.00193715-5.58616e-05j 0.00162151+0.0018407j 0.00673002+0.00541323j -0.00329175-0.00250286j 0.00123394-0.00174286j -0.00140966-7.92139e-05j -0.00982555-0.00559986j 0.00510628-0.00131779j 0.01491-0.0126829j -0.0121092-0.0136274j 0.00173284+0.00567963j 0.00192743-0.00237518j 0.0100202+0.000179248j -0.000525957-0.00816072j -0.00265392-0.000739881j -0.000259783+0.00016733j 0.00098644+0.000260026j -1.08055e-05+0.000628916j -0.00242538+3.4642e-06j 0.000606168-0.000899883j 0.00238306-0.00032031j -0.00289378-0.00107834j -0.00473309-0.00173722j 0.00400258-0.000848871j 0.00404961+0.00294276j 0.00302564+0.00051675j 0.00248128+4.03065e-06j 0.00183795+0.000970608j 0.000183561-0.000504294j 0.00373747+0.000504158j 0.000932633-0.000272445j 0.00103458+0.00140243j -2.03517e-05+0.000624114j -0.00124274+0.000396644j 0.0025746+0.00198615j -0.0037189+0.00265746j -0.00187013-0.00107516j 0.00091238-0.00289739j 9.07145e-05-0.00323477j 0.00194281-0.00314732j 0.000305894+0.00215032j 0.000603843-0.00075418j 0.00117184+0.00203099j 0.000694298+0.00251301j -0.00274111-0.00116162j 0.0024135+0.000552035j -7.7028e-06+0.000336986j 0.00116089-6.92815e-05j 0.00208477-0.00288361j 0.00140419+0.00264499j -0.00194443+0.000648402j 0.00126349+0.00168193j 0.00020265+0.00189413j -0.000274963+1.46205e-05j -0.00115533-0.00159221j -0.00123965+0.00187423j -3.66869e-05+0.0015828j 0.000160067+0.00255518j 0.000409329-0.001287j -0.00350093-0.00114321j -0.00389926+0.00134898j 0.00179258-0.000103627j -0.000420731+0.00166155j 0.00198628-0.000714788j -0.000194437+0.00147259j -7.25954e-05+0.00181343j 0.00127434-0.00167959j 0.000295081-9.5396e-05j -0.00121141+0.0019662j 0.00042776-0.000940261j 0.000146779-0.000215994j -0.00162611-6.16346e-05j 0.00316028-0.00170259j 0.00104566-0.000545794j -0.00103388+0.00107414j 0.00096879-0.0018933j -0.00142386+0.00330236j -0.000312472-0.000650561j -0.00314215-0.00174084j 0.000452263-0.000909845j 0.00090737+0.000407622j 2.83235e-05+0.00567696j 0.000766814+0.00858233j -0.000653279-0.00714472j 4.07309e-05-0.000254204j 0.00116653+0.0010379j -0.000611137+0.00282148j 0.00140091-0.00213326j -0.000122737+0.00363522j 2.94265e-05+0.00479414j 0.000647176+0.00232781j 0.000893543+0.000855025j 0.00227074+0.0020075j 0.000331008+0.00320829j 5.43133e-05+0.00131398j 0.000736975-0.00169749j 0.00144869+0.000155726j 0.00296164-0.00103034j 0.00203453+0.00439986j 0.00260261-5.24478e-05j 0.00412926-0.0102105j -0.009271-0.00190174j -0.00170417+0.00125617j -0.0107949+0.00232759j 0.00978235+0.00125096j -0.00102089-0.012047j 6.02019e-05+0.00305232j 0.0019622-0.0123782j 0.00402766+0.00304958j 0.000559365+0.000833788j 0.00131384-0.00194105j -0.00440767-0.00187089j -0.00083908+0.00468198j 0.00251014-0.00155728j -0.00426247-0.00308507j -8.6625e-05+0.00256918j 0.00162082+0.00663097j -0.0067141+0.00503568j -0.00667383-0.00584923j 0.00376215-0.00427286j -0.0014644+0.000524885j 0.00161833+0.00095715j -0.00230412+0.00374314j 0.00482016+0.001521j -0.00391842-0.000337596j 0.00202725-0.00286808j 
-0.019995-0.0794847j 0.107818+0.0958767j 0.00436398-0.0926423j 0.186136-0.0281885j -0.106417+0.215813j -0.0134533+0.000271844j -0.00928635+0.0194814j -0.0114443+0.0165348j -0.0187626-0.012525j 0.00386341+0.0219438j 0.0305767+0.0186827j 0.0325939-0.010146j -0.0105194-0.015238j 0.00147486-0.00942042j 0.00212513+0.00628976j 0.00062235-0.00992581j 0.00528189+0.00677544j -0.00197181+0.00366583j -0.000320606-0.00330944j -0.00724595+0.00570988j -0.00363055+0.00621468j 0.00142382+0.0115596j 0.00137495-0.000245233j -0.00122971-0.00354625j 0.00601838-0.00787939j 0.007186+0.0110367j 0.0170039+0.000572681j -0.00382211+0.00339323j 0.00300512+0.0123177j -0.00373662-0.0177654j -0.0267919+0.000512207j 0.000861886-0.0211166j 0.0171286+0.00202371j 0.00500737-0.00207213j 0.000851175-0.00156949j -0.00151093-0.00204613j -0.00461863-0.00411662j 0.00297561-0.00338231j -0.00281887-0.00309792j -0.00422803-0.0040206j -0.00131017-0.00633955j -0.00491977-0.00729885j -0.00016876+0.000580303j 0.00119333+0.00189958j -0.00141948-0.00768696j 0.00140081+0.00346664j -0.000736804+0.00243364j -0.00119285+0.00171403j -0.00161142-0.00155188j -0.00106754-0.00536934j 0.00306876+0.000938569j -0.00137805-0.000417673j 0.00409622-0.00180294j 0.000382253+0.00352252j -0.00307604-0.000139224j -0.000478392-0.00126611j 0.00110773-0.00388051j 0.00144556-0.00226793j 0.000960035+0.00242816j -0.000153934-0.000262139j -0.00615774-0.00324925j -0.00772479-0.00790588j 0.00355676+0.00450372j -0.000880739-0.00279126j 0.00265869-0.00395768j 0.0090844-0.00705679j 0.00101078+0.00496004j -0.000599311-2.03602e-05j 0.00433683+0.0072694j 0.00757292+0.00348872j -0.00116944+0.00284422j 0.000607736+0.00112977j 0.00014394+0.00923141j 0.00376943+0.00375682j -0.00185746-0.00534025j 0.00288883-0.00228685j -0.00485678-0.0022132j -0.00283897+0.000799242j -0.00161869-0.0015061j 0.000550601+0.000324068j -0.000812426+0.00048648j 0.00137307+0.00163496j 0.00062934+0.00182073j -0.000412944+0.000260304j -0.00110636+0.000373885j 6.38967e-05-0.000688366j 0.00406695+0.00129316j 0.000751003-0.000117744j 0.00180606+0.00137074j -0.00210581+0.00016022j 0.00305942+0.000538379j 0.00014369-0.00197981j 0.00118139-0.0033111j 0.000550228-0.00187009j 0.00310932-0.000622247j 0.000989515-0.00091134j 0.0008595-0.000634563j 0.00278031+0.00527118j 0.00184998+0.00341021j 0.000205493-0.000836122j -0.0019344-0.00333666j -0.000394585+0.0031529j -0.000310755-0.00123609j 0.00098786+0.00267106j 0.000269374+0.00224653j 0.000450255+0.000298263j 3.73604e-05-0.00515318j -0.000132934+0.000969119j -0.000122751+0.000708353j -0.000354709+0.0010453j -0.000510256+0.00157113j -0.00169129+0.00116216j 0.00292662-0.00128029j 0.00247383-0.00179543j 0.00104871+0.00129614j 0.000866801+0.00226451j 1.59555e-05+0.000420174j -0.0010654+0.00297441j 0.000491803-0.00145554j -0.0017811-0.000480284j -5.68909e-06-0.00268295j 0.00051359-0.00143786j -0.000514619+0.0033499j -0.000598875+0.00206389j -0.00107789-5.46857e-05j 0.00165631+0.000432001j -0.00187082+0.00111093j 0.000872467+0.000676479j 0.000673943+0.00328439j -0.00136664+0.00134283j 0.000648472-0.000326209j -0.00121191+0.00230337j -0.000112261-0.00131056j 0.000526849-2.61011e-05j 0.00149851-0.000561504j -0.00244351+0.000458192j 0.000499054+0.00121349j -0.000568773+0.00140159j -9.81192e-05-0.0014795j 0.000745094+0.000347837j -0.00262467+0.00252784j 0.000464522+0.00265903j -0.00135661+0.000584374j 6.92859e-05-0.00107517j 0.00338962+4.04373e-05j 0.00556923-0.0018876j -0.00385408+0.00337067j 0.000798999+0.000459071j -0.00231436-0.000642701j 0.00168481-0.00160074j -0.00431783-0.00460225j 0.00223176+0.00220996j 0.00345074+0.00408498j 0.000683118+0.00461843j 0.00222223-0.00275644j 0.0012283+0.00311258j 0.000181722-0.00206864j 0.00157279+0.00165838j -3.94861e-05+0.00141573j 0.00139549+0.00180282j 0.00041909+0.00205406j -0.00544161+0.000445914j 0.00067297+0.000404095j 0.00325991+0.00779632j 0.00680547-0.00680777j -0.00014817+1.14375e-05j 0.000245341-0.0078278j -0.00184423+0.00742704j 0.00485002-0.00308629j -0.00168409+0.00373652j -0.000843174-0.00131074j 0.00507993-0.000787826j 0.00136967+0.000912786j 0.00228577-0.00169777j 0.00046973-0.00541431j -0.00462368+0.000306446j 0.00258676-0.00293344j 0.00216159-0.00594746j -0.00380621+0.00180298j -0.00326381-0.00146381j -0.00430511-0.000239399j 0.000270408-0.00319284j 0.00225865-0.00356176j -0.00505707+0.00161249j 0.00145691+0.00517011j -0.00603922+0.000146158j -0.000261685+0.00236786j 0.0012678-0.00223123j 0.00484479+0.00201867j 
0.0917112+0.0746976j -0.157064+0.0898671j 0.127109+0.107052j 0.0665252+0.211851j -0.100771-0.0710918j -0.00509186+0.00670064j -0.00390664-0.0100422j -0.00377667-0.0108525j 0.0016725-0.0398394j -0.00190431-0.00960902j 0.000653987+0.021181j 0.00221591+0.00281293j 0.00883406+0.00325399j 0.00839594-0.010869j -0.00198056+0.00291106j -0.000812932-0.00382874j 0.00238018-0.00942167j -0.00411798+0.0038705j -0.00365496-0.00391689j -0.00142172+0.00548882j -0.00544745-0.00205171j 0.00214104-0.000579009j 0.00525551+0.00475495j -0.00720333-0.00757887j 0.00870017+0.00289546j -0.00861597+0.00213164j 0.00911557-0.000898549j -0.00189665-0.00825262j -0.00589416-0.000997838j -0.00447583-0.0030074j 0.00564188+0.00399335j -0.00809477+0.00539304j -0.00156638-0.000106365j -0.00164154-0.00126086j 0.00196436-0.000718168j 0.000563401+0.00157856j 0.00553878+0.000146942j -0.00293398-0.00477288j 0.000478757-0.00240311j 0.00344383-0.000209805j -0.000694741-0.00250135j 0.0031598-0.00093397j -0.000213771-0.00327407j -3.2795e-05-0.00185545j 0.00379736+0.00219624j 0.0016005-0.0052702j -0.00389234+0.00187086j 0.00123259-0.00270426j -0.000493339-0.000278816j -0.00458747-4.85822e-05j 0.00260656+0.00206717j -7.70431e-05+0.00176691j 0.00939369-0.000114979j 0.00132368+0.00458497j -0.000359261+0.000914852j -5.75602e-05+0.000411356j 0.00289652-0.00425864j -0.00180436+0.00307558j 0.00327139+0.000338205j -0.00204193-0.000802827j -0.00566551+0.00237112j -0.00245513-0.00609666j 0.00415813-0.00310135j -0.0056979+0.00263944j -0.000292031-0.00240619j -0.0027661-0.00917496j -0.00492872+0.00238538j 0.00192883+0.00663885j 0.00926213+0.00676582j 0.0081316-0.0133512j 0.00131807+0.00871082j 0.00827528+0.010024j 0.00755872-0.00435841j 0.00378299+0.00309692j -0.00520011+0.000288133j -0.00124546+0.00722805j 0.00247287-0.00288486j -0.000693767-0.00108213j -0.00114757-0.000459815j -0.00123236-0.000144789j 0.000363469-8.90179e-05j 0.000280803-0.00117707j 0.000124838+0.00104552j 0.000807256+0.000613308j 0.00346245-0.000260047j 0.00354114-0.000289215j -0.00512508+0.00167797j -0.000347245+0.00031043j -0.00225379+0.000104009j -0.000338727+0.00196276j -0.0039318-2.80619e-05j -0.00240958-0.00205914j -0.00265704-0.00384358j -0.000613797-0.000422721j -0.00422476-0.000153576j -0.000754391-0.00314206j 0.00024265+0.000509874j -0.00383498+0.00195257j -0.00317645-0.00213056j 0.000114127+0.000311451j 0.00254039+0.00145116j -0.000240536+0.00108199j 0.00118323-0.00326077j -0.00222579-0.00205934j 0.00111097-0.000856876j -0.00195337-0.0014568j -0.00162625-0.00455256j 0.00102143+0.00188255j 0.0013226-0.00293009j -0.00228236-0.000751086j 0.000475488+0.000670737j 0.00122856-0.000951797j -0.000930157-0.00231889j 0.000218157+0.00394526j -0.00251225-0.00298499j -2.15401e-05+0.000122011j 0.00203853+0.00170412j 0.00144486+0.00377137j -0.000763425+0.000215216j 0.000575086+0.00228049j 0.00174203-0.00139433j -0.00182597-0.00122483j -0.00371597+0.00256032j -0.00397076+0.000698237j 0.000940718-0.00121403j -0.000507616-0.00107387j 0.00198104-0.00285574j -0.000168761-0.000700386j -0.000503097+0.000889209j -0.000815868+0.000223532j 0.00200246+0.00158323j 0.0014721-0.00169365j 0.00938399-0.00145121j -0.00496506+0.000661357j -0.00133136+0.00277119j -0.00282344-0.00140733j -0.00221668-0.00015353j 0.00133063-0.000246778j 0.000804048+0.000269108j 0.000298151-0.00226433j 0.00173591+0.00376647j -0.00249059+0.00444338j 0.0017761+0.000182213j -0.00225662-0.00338008j -0.00614311-0.00399085j -0.00598834-0.00619755j 0.00827201+0.00777638j 0.00176718+0.000840471j -0.000995622+0.000345216j -0.00151504-0.00224032j -0.00702968+0.00514112j 0.00262819-0.00554542j 0.00487276-0.00728095j 0.00510779-0.00232464j 0.00265191-0.000712869j 0.00850342-0.00240982j -6.71668e-05-0.00118377j 0.00221848-0.00212738j 0.000531241+0.000319871j 0.00186363-0.000775037j 0.00136286-0.000620086j -0.0016393+0.00499041j -0.00302446-0.000576661j 0.0132971-0.00529714j -0.00387162-0.00688023j 0.000848606-0.00206803j -0.00505174+0.00287407j 0.00476126-0.000516596j 0.0010395-0.00723873j 0.00329616+0.000483918j -0.000698085+0.00438028j -0.00465748-0.00969014j 0.000278029-0.00263479j -0.000414016-0.00195394j -0.00195981+0.00246465j 0.000364934+0.000682932j -0.00275427+6.36732e-06j -0.00233622-0.000214265j 0.00177064+0.00302506j -0.00260733-0.00325143j 0.00232944+0.00170745j -0.00107557+0.00426413j -0.00381242-0.000232382j 0.00128907+0.00103899j 0.000797381-0.000593633j 0.00295108-0.00197806j -0.000686714-0.000829245j 0.00143488-8.21997e-05j -0.0026707+0.0023077j 
-0.0311111+0.26888j 0.124563-0.0414109j -0.18171+0.0965244j 0.0698327+0.094523j 0.0627465+0.081416j -0.0399112-0.0205805j -0.0184532+0.0110196j -0.0130786+0.0208575j 0.0190604-0.00187724j 0.01788+0.00518276j -0.00498583+0.018314j 0.00997318-0.0132256j -0.0130176+0.00519489j 0.0108523-0.0101432j 0.000459789+0.00105433j 0.0067137+0.00316355j -0.00397431-0.00136271j -0.00249261-0.011945j 0.00282004-0.00183701j -0.00155774-0.000328982j 0.00189804-0.000977058j -0.00798172+0.00976089j -0.00379493+0.00233957j 0.0126452-0.00764703j -0.00878433+0.00624178j -0.00383654-0.0045203j 0.000751657+9.47373e-05j 0.0116568+0.000693778j 0.00153483-0.00186151j 0.00404075+0.00251717j -0.0129048-0.0135333j 0.0130901-0.018016j 0.003001+0.00420641j 0.00357741+0.00012923j 0.000309218-0.000111392j -0.00355021+0.00129174j -0.00152162-0.00107966j 0.00698391-0.00256886j 0.00501754-0.00375926j -0.00345883+0.00209223j -0.00231952-0.000713083j -0.00279681+0.00415722j 0.00134373+0.00200233j 0.00229472+0.00148609j 8.52053e-05+0.00819231j 0.00346811+0.00358807j 0.000880473+0.00100733j 0.00319216-0.00164967j -0.000377757-0.000689336j -0.00282215+0.00197445j 0.00531234+0.00101365j -0.000535714+0.000301016j -0.000185273+0.00351342j 0.00208468-0.00246413j 0.00027948-0.000762011j 0.000835002-2.84175e-05j -0.000379303+0.000432828j 0.00222459-0.00346469j 0.00173885-0.00267855j 0.000311231-0.000936309j 0.000817492+0.00260345j -0.00179339+0.00357776j 0.00883498-0.00739715j -0.00220858+0.00195812j 0.00081458-0.00148389j -0.00483125-0.00325773j -0.00229264+0.00237246j -0.00547382-0.00121828j 0.00826792-0.00670299j -0.0153775-0.00579149j 0.00558885-0.00517189j -0.000433139-0.0198748j -0.00867652-0.00583822j 0.00857999+0.000709639j -0.00210055+0.000308209j 0.00587549-0.00783239j -0.00616625-0.00637229j -0.00190466+0.00195073j -0.000277341+0.000492441j -0.000307973+0.000690506j -0.000730298-0.000235223j 0.00235023-0.00230991j 0.00160712+0.000487908j -0.000685541+0.00186183j 0.00217667-0.00221568j 0.00425553-0.00262128j 0.00431941+0.00225468j -0.00416359+0.00363471j -0.00246027+0.000586399j -0.00247853+0.00110082j 0.00267003-0.000175153j 0.00119973-0.000629147j -0.00063502+0.00121448j -0.000132733+0.000512232j -0.00130642-7.68432e-05j 4.6952e-05-0.000831127j 0.00174986-0.000452503j -0.00261848-0.00405086j 0.00307215-0.000704699j 0.00101547+0.000574666j -0.00106484+0.00174986j 0.00310994+0.000914377j 0.00286658+0.00242484j 0.000821746-0.000672504j -0.000189473-0.000398162j 0.000165137+5.38214e-05j -0.0033327-0.000647659j 0.00277709-0.00016615j -0.000419921-0.000773292j -7.108e-05+0.000525698j -7.28308e-05+0.000264105j 0.00185368-0.000810144j -0.00184981-0.000171092j -0.00266295+0.00186178j -0.00202048-0.0011887j -0.00156664-0.000263389j -0.000372742+0.000119806j 0.00416965+0.000908387j -0.000466923+0.000149983j 0.00166109+0.00135938j -0.00137527+8.08328e-06j -0.00490187-0.00244512j -5.76258e-06-0.00148023j 0.000894627-0.000697612j 0.00210341+0.000955127j -0.000482989-0.000829407j -0.0011934-0.00298776j -0.000186898+0.000670312j 0.000240434-0.00328717j 0.000351491-0.00203421j -0.00119531-0.00150338j 0.00117782-0.00179162j -0.000573112-0.00159676j -0.000927525+0.000742071j -0.000121186-0.000550229j -0.00050898+0.000814513j -0.00107358-0.000860695j 0.00198027+0.000547187j -0.000893166+1.84095e-05j 0.000608939-0.000418687j 0.00322773+4.75464e-05j -0.000129327-0.00310559j 0.000627334+0.00118926j -0.000662204-0.00167576j -0.00183361-0.000302997j -0.00554392-0.00143048j 0.0067268+0.00313458j 0.000138682-0.00114363j 0.000363+0.00133275j -0.00167404-0.0018403j 0.000852391+0.00777739j -0.000473759-0.00582612j -0.00267759-0.00762965j 0.000220812-0.00605576j -0.000839396+0.00232703j 0.000483259-0.00564181j -0.00103405+0.000381137j -0.000309679-0.00228415j 0.00120239-0.000259266j -0.000747851-0.00168446j 0.00198743+0.000830292j -0.0015241+0.00198222j -0.00162505+0.00145204j 0.00668641-0.00230563j -0.000713783-0.00222156j 0.00156741-0.00156201j -0.00134579-0.00134333j 0.000606827+0.000635721j 0.00423724+0.00412809j -0.000352717-0.0025398j 0.00378075+0.00828025j -0.00729114-0.000830839j -0.00166052-0.00325517j 0.00166189+0.000112683j 0.00126816-0.002343j -0.00446153-0.00391312j -0.00165883+0.00192148j -0.00107685+0.00105535j 0.00346691-0.00066567j -0.0039048+0.00219264j -0.0023759-0.00427426j 0.00401033-0.00125038j 6.14415e-05+0.00632754j -0.00118145+0.00104937j 0.000631719+0.00188376j -0.00460648-0.00350249j -0.00241151+0.00460017j 0.00165124-0.00356164j 0.00286919+0.00218142j 
-0.204178-0.131954j -0.0375789+0.0858858j -0.100324-0.0155326j -0.170229+0.166196j -0.0734161-0.0134605j -0.00273405-0.015046j 0.00511185-0.00536862j -0.0212091-0.0135429j 0.0127042-0.0104718j 0.00283923+0.0146999j -0.0051256-0.0033221j 0.00068632-0.00874653j -0.0118556-0.0151317j 0.017063+0.00555324j -0.00585613+0.00393683j 0.00508189-0.00430559j 0.0158404+0.00631949j 0.00179374+0.00489528j 0.00232483-0.00381765j -0.0103731+0.000525935j -0.00342788+0.00056745j -0.00822272-0.00097092j -0.00191008+0.000575765j 0.00940468+0.00337059j 0.00270575-0.00555811j -0.00218263-0.00493823j 0.0157599+0.00306115j 0.00181814+0.00424969j -0.00309273-0.00162199j -0.00159727-0.0089682j 0.0011862+0.0143535j -0.0158228-0.00230691j -0.000318727-0.00687961j -0.00118908-0.00462507j 0.000360744+0.000211886j -0.00261264-0.00471442j -0.00200153-0.00152918j 0.00860687+0.00547428j 0.0011616+0.00202424j -0.00274007-0.00340919j 0.0042439+0.00402902j 9.42519e-05-0.00129816j 0.00213556+0.00504699j 0.00216185+0.00684017j -0.00238324-0.0065982j 0.00116152+0.00251293j 0.000880181+0.000621361j 0.00259229-0.00232162j 0.000538525-0.00117135j 0.00107858+0.00143864j -0.00204978-0.00190334j -0.0013962-0.00191502j 0.000599829-0.000337636j -0.000440671+0.000867408j 0.00399755-0.00359058j 0.00264811-0.000607052j -0.00226937-0.00530307j 0.000595148-0.00177339j -0.00312349+0.00115639j -0.000932449-0.00122094j 0.00146988+0.0018439j -0.00201163-0.00138951j 0.00527064-0.00177427j -0.00215437+0.00359555j -0.00429423-0.00332246j -0.00504442-0.00424502j 0.00635377+0.00522261j -0.00809129+0.000469224j -0.00379652-0.0024325j 0.00505393+0.00049235j -0.00557267+0.00176734j -0.00999314+0.00939588j 0.0114397+0.00683869j -0.00475612-0.00847186j 0.001232+0.00469959j -0.00692885+0.00119974j 0.00477557+0.00552337j 0.00113239+0.00147194j 0.000359414-0.000223596j -0.000489273+0.000922766j -0.000968945-0.000665243j 0.00189556+0.00164695j -0.000385135-0.000532707j -0.0012172-0.00142059j 0.00156468-0.00114085j 0.0042026+0.00114119j 0.00290989+0.0025958j -0.00186293-0.00235847j -0.00078064+7.05085e-05j -0.00458428-0.00177606j 0.00295886+0.00218598j 0.000261621+0.00116543j -0.000429497+0.000272081j 0.00171281+0.00043226j -0.00130545+0.00127155j -0.000848041+0.000830065j 0.00616061+0.00239405j -0.000756554-0.0018234j 0.00410375+0.0047123j -0.000400524+0.0005892j -0.0019736-0.00117388j -0.00180258-0.000165837j -0.0022807-0.00183385j -0.00165268+0.000840811j -0.00226713-0.00198595j 0.0011533+0.00125137j -0.0012245-0.000613364j 0.000672612-0.000197762j 0.00104648-0.000877542j -0.00126065+0.000299261j 0.000161483+0.00102872j -0.000870986-0.00121737j -0.00115225+0.000842334j -0.00207663+0.00316538j -0.000477038-0.00118536j 0.00205864-0.00104056j -0.00028215-0.00195407j 0.00196887-0.000269965j 0.00300254+0.00288378j 0.00371728+0.00171187j 0.00262459+0.000798797j -0.00186516-0.000982281j -0.00119407-0.000839575j 0.00113154+0.0014752j 0.000244463-0.000124227j -0.00122214-0.000770355j -0.00040927-0.00719253j 0.000491456+0.00109834j -0.00164341-0.00147192j -0.00180473-0.00131838j -0.00151762-0.00286873j -0.00223342-0.00229373j -0.00679648-0.00719234j 0.00344188+0.00346754j 0.00228708+0.00342467j 0.000354491-0.000896016j 0.000456641+0.000149761j -0.00091556+0.00118343j 5.37809e-06-0.00218249j -0.000561325+0.000106769j -0.000835299-0.00118384j -0.000278965+0.00131562j -0.00059895-0.00131975j 0.00208116-0.0019826j -0.00114248+0.00890204j -0.00492693+0.0115706j 0.00296208-0.0061573j 0.00108608-0.00163018j 0.000188018-0.000272657j -0.00155358+0.0014347j 0.00762216+0.00302511j -0.00494709-0.000991449j -0.00606422-0.00290635j -0.00533456-0.00487466j -0.00140705+0.000964742j -0.00417127-0.00794982j -0.00078418+0.00130836j -0.00314051-0.000780475j -0.00117266+0.000955437j -0.000258859-0.00300391j -0.000873091-9.15062e-05j 0.00402257+0.00240398j 0.00183192+0.00277213j -0.00338391-0.012099j -0.0075178+0.00258001j -0.00285552-0.00203823j -0.0057146+0.00289911j 0.00504038-0.00231171j -0.00263826-0.00340332j 0.00135121-0.00233937j 0.00330646-0.00113503j -0.00163198+0.00435538j -0.00210592-0.000389143j -0.00115894-0.000407076j -0.00220986+0.000367374j 0.000204377+0.00136678j -0.000671544+0.00262701j 0.000620055+0.0012533j 0.000287643-0.00220096j 0.000798486+0.000952006j 0.00219434-0.00262528j 0.00314013+0.001621j -0.000267249+0.00246433j 0.000803172-0.000614064j -0.00170334-0.000449977j 0.000910686-0.0020421j -0.00303375-0.00200205j 0.00362238+0.00122892j -0.00113301+0.00233021j 
0.00621989+0.0812722j -0.035691+0.119338j 0.101705-0.00894465j 0.0233784-0.12305j 0.0728799-0.0740903j -0.00970375+0.0031954j 0.0022459-0.0114307j -0.0149395-0.0114441j -0.0223079-0.00461303j 0.0209262-0.0101184j -0.0341598-0.00682905j -0.00828924+0.0223265j 0.000982487+0.00724944j 0.00479892-0.00695599j -0.00482495-0.000117141j 0.00602315-0.00356623j 0.00105475-0.0012706j -0.00193396+1.37618e-05j 0.00255336-0.00112104j -0.000327922+0.00696865j 0.00472099+0.00200315j -0.00412122+0.000941664j -0.0016029-0.00227337j 0.0112201+0.00891349j -0.00852826+0.00862465j 0.0184755+0.00347295j -0.0128466-0.00644835j -0.000397-0.0120104j 0.00801315-0.000499299j 0.00265483+0.0134294j -0.000673003-0.0120355j 0.00828925-0.0113984j -0.00322427+0.00177417j 0.00294223+0.000336646j 0.000379931-5.60271e-05j -0.000355241+0.00147409j 0.00263264-0.000717578j 0.00144026-0.00250829j 0.00317187-0.00437561j -0.00151894-0.000143339j 0.000145754+0.00054303j 0.00465954+0.00149017j 0.00162364+0.000483734j 0.00321914-0.000874813j 0.00331871+5.82915e-05j 0.0017191-0.00107504j 0.000383217+0.00439732j -0.00201938-0.000319179j 0.00207056+0.000867142j 0.00115095+0.00283457j 0.00205175-0.000494244j -0.00263272-0.000793014j 0.00308384-0.00518076j -0.00030657-0.00427264j -0.000313196+0.000521611j 1.76153e-05+0.00259686j -0.00193417-0.00133824j 0.00238725-0.00167522j -0.0002929-0.00106857j -0.00161-0.00217874j 0.00919929+0.0012966j 0.00265032+0.00905766j -0.00693911+0.00416699j 4.45207e-05-0.00247624j 0.0038844+0.00292527j -0.00130012+0.00654388j 0.00462349-0.00257031j 0.00213154-0.00223979j -0.00590865-0.00554324j -0.00234134+0.010711j -0.00374088-0.00312755j -0.0182824+0.0118955j -0.00230651+0.00398674j -0.00101032-0.00480336j -0.000435092+0.00368529j -0.00892221+0.000534791j -0.00279833+0.00372613j 0.00270751+0.000183468j 0.000693874-4.66361e-05j -0.000721746+0.000209523j 0.000125346-0.000356813j 3.0315e-05-0.00134315j 0.000860469+0.000291954j 0.000368154+0.000578355j 0.00187036-0.00194931j 0.00323199-0.00132579j 0.000518954+0.00237208j -0.00080221+0.00286975j -0.00282656+0.00082349j -0.000909057+6.55313e-05j -0.000261049+0.000764084j -0.00185757-0.00123801j -0.00188992+0.000155458j -0.000726697+0.000446211j -0.00263134-0.000426172j 0.00108481-0.000873716j 0.00099868+0.00148579j -0.00422994+0.00106358j 0.00134437+0.000849109j 0.00119688+0.000863548j 0.000378314+0.000441766j 0.000614269+3.55265e-05j 0.000573201-0.00311909j -0.000332641-0.00258207j 0.00114531-0.00151062j -0.000486799-0.00106411j 0.00022724+0.00231132j 0.000482809+6.67733e-05j -0.00110961-0.00408123j 0.000655798+0.00298059j 0.00134274+0.00109385j 0.00102239-0.00251433j 0.00036008-0.00401447j 0.000181524-0.00386747j -0.0019719-0.00238889j -0.00128022-0.00222702j 0.000825443-0.0013193j 0.00281037+0.00141422j -0.000514219+0.00101894j 0.00195486+0.0034175j 0.000527705+0.00262611j -0.00304938-0.00350043j -0.00247358+0.0030041j -0.00157949+0.00673698j 0.000830515-0.000925159j -0.000622251-0.000466776j -0.00372478+0.000820086j -6.59843e-05+0.0017806j -0.00368637-0.0015252j -0.00159973-0.00146426j 0.00198681-0.00490565j 0.00124984+0.00317794j 0.00678774-0.00446744j -0.00352081+0.00138874j -0.00143568+0.00150274j -0.00143251-0.00366542j -0.00560581-0.00348645j 0.000462062-0.000364112j 0.000429421-0.00139348j -0.000174023-0.000465473j -0.000419041+0.00432714j 0.000996894-0.00831808j 0.00101348-0.00119415j -0.00555015+0.00396621j 0.000964551+0.00371344j 0.00670267-0.00144265j -0.00411597+0.00635705j 0.00111347-0.00197085j 0.0038524-0.00159742j 0.00197135-0.0010237j -0.00131037-0.00257286j -0.000323599+0.000499721j -0.00250691-0.000740838j 0.00435185-0.00280341j 0.00143963+0.00613616j 0.00299125+3.40966e-05j 0.00392333+0.00359991j 0.00281845-0.00181068j 0.00610924-0.00168529j -0.00335103-0.00366678j 0.00375809+0.000515499j -0.00109955+0.000598522j 0.000322266-0.000507151j 0.00706324-0.000238523j 0.000267417-0.00299486j 0.000543671-0.00122173j -0.00366725-0.00110778j 0.00179604+0.00159919j 0.00580079+0.00172486j -0.00360418-0.00239922j -7.7293e-05+0.00064637j 0.00117404-0.00310407j 0.00179928-0.00315421j 0.000259825-8.83812e-05j -0.0024241-0.000253104j -0.00202799-0.000515511j -0.00281337+0.000598334j -0.00254113+0.00215871j 0.00287279-0.00100714j -0.000204303+0.00146241j 0.000373628-0.00256544j -0.00163547+0.00146733j -0.00204328+0.0047288j 0.00180535+0.000822979j 0.00148285-0.00102185j 0.00164805-0.00208852j -7.3516e-06+0.00221353j -0.000771351-0.00104892j -0.00241615+0.000360599j 
0.0591885-0.079123j 0.106059-0.0292904j 0.00413008-0.00756276j -0.24863+0.0385318j -0.113419-0.105796j 7.27182e-05+0.0310808j 0.00971864+0.00646744j -0.00531592+0.00623883j -0.0148916+0.0100497j -0.00699657-0.0235097j -0.0100382+0.00599415j 0.00850283+0.0192767j 0.000327535+0.00118581j -0.00905808-0.00598725j 0.00203173+0.00418655j -0.0044942-0.0114831j 0.000223329-0.00367414j 0.000260138+0.0026877j -0.0039461-0.00299497j 0.00477067+0.0123816j -0.00119992+0.00463564j 0.00494937+0.00920412j 0.00831647+0.00202965j -0.00152951-0.008036j 0.013333-0.00417354j -0.00265167-0.023997j 0.00906879+0.00410101j -0.0195447+0.0105895j -0.0021977-0.00794969j -0.00389809-1.94085e-05j 0.000302219-0.00957763j 0.0155377+0.0123018j 0.00420927+0.00881737j 0.00183644+0.00515139j -0.000178603+0.000415979j 0.000169764+0.00114519j 0.00160386+0.00149553j -0.00546581-0.00320341j -0.00281906+0.00222601j -0.0021993+3.05473e-05j -0.00526248-0.00378617j -6.99811e-05-0.00157693j -0.00313142-0.000228024j -0.00178838+0.000173401j -0.00361605-0.00235442j 0.00267466-0.000439289j -0.00410169+0.0022369j -0.000854068-0.000351906j 0.00100921+0.00122607j -0.00779108-0.00265258j 0.0035489+0.00182189j -0.00187814+0.00111627j 0.00390181-0.00624795j 0.00228725+0.00333736j -0.00552181+0.000847699j -0.00313135+0.00426101j 0.00582362+0.000416985j -0.00253834+0.00317328j 0.00591009-0.00172202j -0.000570252+0.000569404j -0.00352729+0.00386437j 0.00553527+0.00801245j -0.000978629+0.00478927j -0.00520845-0.00357759j 0.00212724+0.0010135j -0.00487709-0.00760738j -0.00770211-0.00473766j 0.00685579-0.000354858j 0.00750365+0.000106924j -0.00279913+0.000353858j 0.00485865-0.000623235j 0.0016965+0.00154195j -0.00785222+0.00585663j 0.00938851-0.000405174j -0.00548797-0.000161381j 0.00162153+0.00230145j -0.00867231-0.000566205j -0.00141776-0.00178345j -0.000858525-0.000681885j -0.000442868-0.000750026j 0.000731002+8.28537e-05j 0.000440577+8.19682e-05j 0.00187963+0.000368437j 0.000876152-3.39834e-05j 0.0012304+0.00186915j 0.00115168+0.00133809j -0.00141219-0.000243016j 0.00204742-0.00262571j -0.000543437-0.00126386j 0.00094187+0.000118815j -0.00138971-0.00124359j -0.00335419-0.000686932j -0.00230048-0.00193069j -0.00229567-0.000801136j -0.00422983-0.00274069j -0.000302222+0.000626293j -0.00189074+0.000221831j 0.000916229+0.00128023j -0.00231398+0.000231738j -0.00270391-0.0009586j -0.000777176-0.000752077j -0.00376001+0.0013343j -0.00203938-0.00103737j 0.00267178+0.000894063j 0.00379113+0.00390151j 0.000603026-0.00148052j -0.000551399-0.00144272j 0.000683087+0.000315719j 0.00237324+3.00216e-06j -7.69229e-05+0.00162795j 0.00219021+0.00265211j -0.000326435-0.000478874j 0.000440164-0.00262161j 0.00392935-0.00140228j -0.00195464-0.00158849j 0.00215826+0.0023511j 0.00158602+0.00199115j 0.0016346+0.00325113j 0.000145882-0.000676923j -0.00117389-0.00110619j -0.00238027-0.00102616j -0.000181478-0.00490511j -0.00132074+0.00569848j 0.00148689+0.00277716j 0.00146338+0.000810727j 0.00161478-0.00517548j 1.83277e-05-0.00119061j -0.000161774-0.000936828j 0.00371707-0.00440563j 0.00188255-0.00122024j -4.2271e-05+0.000106815j 0.00420519+0.000370699j -0.00219024+0.00720035j 9.90297e-05-0.00254305j -9.07108e-05+0.00307228j -0.000332315-0.00709938j 0.00136574-0.00300212j -0.00104713-0.000126463j -0.000923628+0.000122827j 0.00281902-0.0018373j -0.000388749+0.0020716j 0.0143903+0.00360963j 6.90368e-05-0.00220296j -0.00213044-0.00316875j -0.00209794+0.0035716j -0.00178669+0.00880603j -0.00424483-0.00377716j -0.00129994+0.000201132j 0.00152654+6.21692e-05j 0.00031082+0.00299448j 0.00472999+0.00217032j -0.00346497-0.00347197j -0.00807255-0.0079872j -0.00204258+0.00259939j -0.00700126+0.00145098j -0.00718343-0.000481472j -0.00493989+0.00322762j -0.000252903+0.00254646j 0.00373984+0.00886291j 0.00361893-0.00363514j 0.00167521+0.00346409j 0.00130705+0.00302332j 0.00101742-0.000576007j -0.00175012-0.000818581j 0.00223223-0.00191993j -0.00254773-0.00227584j 0.00377192-0.000410334j -0.00220027+0.00128782j 0.00020209+0.000753051j -0.00120462-0.00568275j 0.00667449-0.00110402j 0.0014422+0.00359298j 0.00363305+0.00405995j 0.00172452+0.00185954j 0.000810019+0.000288932j -0.00118133+0.000728816j -0.00048761-0.00178297j -0.00233847-0.00161114j -0.000760306-0.000692804j -0.00164304-0.00245061j 0.000154947+0.000955115j -0.00260167-0.000146103j -0.000378356-0.00432216j -0.00055144-0.0029766j 0.00176465+9.2385e-05j 0.000328041+0.00155738j 0.00164092-0.000543962j -0.00170108+0.000857884j -0.000161506+0.00013755j 
-0.0598841+0.045235j 0.11452-0.144791j 0.278232-0.0239126j 0.00785693+0.122012j -0.0180984+0.0451962j 0.00988674-0.00250206j 0.034646+0.00748617j 0.0102115-0.0100656j 0.0170257+0.00439839j -0.0184616-0.0264894j -0.0104514+0.00154127j 0.00825217+0.00697413j -0.0098413+0.00334291j -0.0103211+0.00407702j 0.000398251-0.00319138j -0.00489195+0.000472849j 0.0054285+0.00427136j 0.00140823+0.00139267j 0.00187296-0.00371057j 0.00852003+0.00913222j 0.0162021-0.00487614j 0.0211028-0.00864855j -0.00532009-0.0138657j 0.0112525-0.00501626j -0.00608021+0.00301536j -0.00520407+0.00888294j -0.00706918-0.00707985j 0.00828437-0.00384145j -0.00181108+0.00263214j -0.000741554+0.00989546j 0.00418649-0.0132367j 0.0187424+0.00649612j -0.00123028+0.00650781j 0.00208832+0.0047309j -0.00141764-2.52832e-05j 0.000115583+6.27467e-05j -0.00259314+0.000537928j -0.00201841+3.53733e-05j -0.00121163+0.000398231j -0.00527565+8.91379e-05j -0.00242044-0.000966169j -0.00215957-0.00121659j 0.00122588+0.00161759j 0.00201348+0.00235217j -0.00399573-0.00546508j -0.000732524+0.00322789j 0.0057631+0.0009439j 0.00134735-0.00304252j -0.000863505-0.00187743j 0.00148916-0.00548615j -0.000456821-0.0021654j 0.00229453+0.00167678j 0.00239394-0.0135147j 0.00295595+0.00277235j 0.00355498-0.00021864j 0.00437228-0.00558217j -0.00129407+0.000885439j -0.00330824+0.00208135j -0.00851693+0.00011114j -0.00296997+0.00393441j 3.10656e-05-0.00262152j -0.0107625-0.00593421j 0.0033541-0.00940539j -0.00539612+0.00287316j -0.00467298-0.00407964j -0.00196974-0.00334248j 0.00722892+0.00635911j -0.00587741+0.00550653j 0.00319729-0.00039808j -0.00333798+0.00375583j 0.000702356-0.000889726j -0.00120353-0.00669627j 0.00434623+0.00825538j 0.000461175-0.00201846j 0.00022123-0.000329618j 0.000998543-0.00382558j 0.00195445+0.00328568j -0.000289003+0.000681388j 0.000868803+0.000827516j 0.000798516-0.000531919j 0.00050499+0.000340435j -0.000146647+0.000470586j 5.11047e-05-0.000185871j -0.000600968+0.000169036j -0.00222677+0.00169238j -0.0025663+0.00094521j 0.00138026-0.00145903j 0.00159324+0.000756056j 0.00168458-0.000604037j 0.00194007-0.000980198j 0.00281114-0.00115559j -0.000479332-0.00145605j -0.00188223-0.000673504j -0.00166295+0.000316666j 0.00308752-0.000654076j -0.0010644+0.000473887j -0.00183506+0.00093352j 0.00509335+0.00182861j 0.00488632+0.00265504j 0.00065999-0.00086868j -0.00357865-0.00277987j 0.00177114-0.000132774j -0.00202153-0.000572575j 0.0022203+0.00259268j -0.00196946+0.00296905j 0.0015089-0.000441252j -0.00147901-0.00213068j 0.00157332+0.00161331j -0.00197021+0.00031518j 0.00135124+0.000698197j -0.00161139-0.00174795j -0.000711618+0.000625912j -0.000501398+0.00178868j -0.00169272+0.00190037j 0.00248344+0.00387327j 0.000619953+0.0032297j -0.00168539+0.00187491j -0.000588736+0.0033281j 0.00129658-0.00174027j -0.000284946-0.00317815j -0.0011338-0.0051204j -0.00100722+0.00054167j 0.00202992+0.00651505j 0.00129246+0.00509062j 0.000990592-0.000720279j 7.60218e-05+0.00097169j -0.00213175+0.000827307j 0.00190917+0.000108045j 0.0031124+0.00650567j 9.269e-05+0.00040662j -0.00340705+0.000493338j -0.00355245+0.00485049j -0.00486564-0.0060143j 0.00258608+0.00114562j 0.00125834+0.000162183j 0.00134273-0.000541953j 0.00252915+0.00226244j 0.000851808+0.00210359j 0.000787141-0.00272779j 0.00269306+0.00106509j -0.00386331+0.00112769j -0.0114228+0.00679687j 0.00231902+0.000784524j 0.0018262+0.000800806j -0.00120165+0.00253571j -0.00374436-0.00225626j 0.00522235-0.00199166j 0.00166781-0.00328464j -0.00225648+0.000530153j -0.00456244-0.00107612j -0.00168604+0.00375785j 0.000765616-0.00037416j 0.0100375-0.00437205j -0.000385797-0.00451043j 0.00364501-0.00427254j 0.00339451-0.00695832j -0.00263965-0.00468324j -0.00184903-0.000410829j -0.0102444-0.00105747j 0.000981366+0.00380382j -0.00656311-0.000513505j -0.00186223+0.000370654j -0.00276458+0.000423441j 0.00179349+0.00233707j 0.000333824+0.000776241j 0.00238851+0.000507452j -0.00131591-0.00103138j -0.00216177+0.0011071j 0.00032663+0.000908764j 0.00470625+0.00445134j -0.000374621+0.0057398j -0.000336917+0.0040526j -0.00445814+0.00114708j -0.00101265+0.000692444j -0.000344012-0.00242205j 5.23658e-05-0.00181668j 0.000495334+0.000732602j 0.00230994-0.000225313j 0.00124695-0.000343329j 0.000287299-0.00145475j 0.000553077+0.00129875j 0.000151751-0.00278667j 0.00102819-0.000903959j 0.00132648+1.34338e-05j -0.000750653+0.00119703j -0.000369318+0.00137189j 0.000274583+0.000102015j -0.000629078-0.000178825j 0.000113671-0.00160193j 
-0.174776+0.019555j 0.0748456+0.322207j 0.0155655+0.172346j -0.0193028-0.00869656j -0.0195427+0.0484141j 0.0311252-0.0346707j -0.0386325+0.00723702j 0.0013588-0.00240258j 0.00739869+0.017216j 0.0132377-0.0202314j 0.0170592+0.0121911j -0.00242836-0.0100158j 0.00772328-0.0156045j 0.00610707-0.00147047j 0.00092028-0.00596468j -0.00786398+0.00848102j -0.0113644+0.00611021j 0.00481953+0.00440386j 0.0049437+0.00921805j -0.00180006-0.00709876j 0.00807442+0.00689499j 0.0110422+0.00881245j 0.0093352-0.0146728j 0.00986693+0.0138541j -0.0027575+0.00911537j -0.00407292-0.0010461j -0.00265531+0.00758459j 0.00635774-0.00340348j 0.000267631-0.00517769j 0.0038922+0.00275382j -0.0146916-0.000608129j -0.00615022-0.0116761j 0.00616937-0.000899993j 0.00105837-0.00212671j 0.0027416-0.00351776j 0.00239908-0.00135585j 0.00370103-0.00716222j -0.0031262+0.00128476j 0.00376923-0.00650632j 0.00257123-0.00703507j -0.001505-0.00216591j 0.0016573-0.0032572j -0.00242265-0.00546386j -0.00358272-0.00591162j 0.00639516-0.00178912j -0.00495448-0.00446616j 0.00345335+0.00156829j 0.00236101-0.00418507j 0.00275073+0.000905682j 0.00630201+0.002628j 0.00277441-0.00121376j 0.000492117+0.00183897j 0.00602863-0.00427425j -0.00623444-0.00190981j 0.00411905+0.000219124j -0.000478388-0.00327462j -0.00195529+0.00725703j -0.00198181-0.00379975j -0.00332516-0.00538578j -0.00774561+0.0013982j 0.00657811-0.00236573j -0.00362116+0.00288552j -0.0102924-0.0128956j 0.00302461-0.00282696j -0.00254236-0.000873757j -0.00544556+0.00548315j 0.00739128+0.00136356j 0.000375849+0.00839612j -0.00484652-0.00525365j -0.00771579+0.00402045j -3.93228e-05+0.00133321j -0.00354761+0.00828821j 0.00138379-0.00337857j -0.00337391-0.00369634j 0.00379147+0.0031213j -0.00172054+0.00330203j 0.000304709-0.00159225j 0.000653425+0.000590778j 0.000220872-0.000668657j -0.000718452+0.00027928j 3.25178e-05-0.000115767j 0.000517924+0.00151559j -0.000993559+0.003297j -0.00113489+2.65327e-05j 0.00140054-0.000885761j 0.000373179-0.000169323j -0.00374563+0.00534799j -0.0018399+0.00118147j -0.00046589+0.00156244j 0.0022517-0.00119797j -0.00277727+0.00312375j 0.000558336-0.00233416j -0.00101918-0.0018176j -0.00146333-0.0018104j -0.000550163-0.00127493j -0.000911563+5.35875e-06j -0.0045318-6.28527e-05j 0.002239+0.00477911j -0.00555429-0.00224581j -6.60939e-05-0.00144587j 0.00238339-0.000948684j -0.00014498-0.00235775j 0.000200863-0.00298051j -0.00110099+0.000436832j 0.00128696+0.00177378j -0.000952396-0.000635233j -0.000242588-0.000596697j -0.000496279+0.000506549j 0.00106915-0.00128866j -0.00082475+0.00114088j 0.000758798+0.00108072j 0.00289547-0.00107271j -0.000749951-0.000696178j 0.00364809+0.00026801j -0.000899257-0.00166508j -0.0009734+0.00118879j -0.000512996+0.00114709j -0.00308069+0.000758014j -0.00070265+0.0015583j -0.00347232-0.00197872j -0.0029431+0.000889494j 0.00649777+0.00011763j -0.00256225+0.000757763j -0.00292494-9.45881e-05j 0.00164201-0.000137402j -0.000279165-0.000172289j 0.00251994+0.00211194j -0.000969336-0.00155071j 0.00350323+0.0014295j 0.00331415+0.00354543j 0.00122532-0.000518982j -0.00132693+0.00340347j -0.00154139+0.00614183j 0.00187503-0.0030061j -0.00146783-0.000962737j 0.00386715-0.00131854j 0.00766821+0.00182509j -0.00237467+0.000242151j 0.00149618+0.000385024j -0.00028559-0.00322615j -0.00382038+0.00136683j 0.00539903+0.00823434j 0.000853573-0.00257378j -0.000967273-0.00218768j -0.00518432-0.00118623j -0.00279228+0.00453711j -0.00133198-0.00608272j -2.31465e-05+0.0011824j -0.000610894-0.000257197j -0.00173992+0.00412843j -0.00165675+0.00209308j 0.00101311+0.000448712j 0.00479177-0.00233046j 0.0010502+0.00377852j -0.00400801-0.00359815j 0.000150604+0.00332441j -0.0080934+0.00269732j -5.61503e-05+0.00279618j -0.00322144+0.00585568j 0.00390057+0.00236732j -0.00222563+0.000986627j -0.00341429+0.00359219j 0.000290404+0.00010709j 0.00204912-0.000783997j 0.00165471-0.00337819j -0.000623348-0.00057105j 0.00328319+0.000351494j -0.00379275+0.00122089j -0.00251702-0.00270352j 0.0028666-0.000188276j 0.000638823-0.00340084j 0.000237015-0.0010645j 0.0037485+0.00317767j -0.000727845-0.00186792j 0.00102344-0.000928778j -0.00123135+0.000373194j 0.00158189-0.00323669j -0.00138059-0.00329806j -0.000303731+0.00246506j -0.00380295-0.00210222j 0.00182669+0.00128695j 0.00211944+0.000273415j -0.00280882-0.00192772j -0.00147137+0.00143181j 0.000236396+0.00246062j 0.000689185-0.00121007j -0.00235972-0.0010723j 0.00146272-0.000607742j -0.000561319+0.000773975j 
-0.201773+0.0129088j 0.0960715+0.0608977j 0.0941958-0.110692j -0.0398523-0.146709j -0.06166-0.0882336j 0.0111338-0.0197462j -0.00800941+0.00379453j 0.000462507-0.000211682j 0.0252204-0.0151934j 0.00172878-0.00369117j 0.00162643+0.00505197j 0.00931046+0.00253305j -0.00499724-0.00836179j 0.00735101-0.000618569j 3.55238e-05+0.00767939j -0.000894373-0.0039732j 0.00736537-0.0124267j 0.0103313-0.00557326j 0.00618116-0.0031293j -0.0143831+0.012925j -0.00954799+0.00579939j -0.00346405+0.00601432j -0.00887656-0.00363362j -0.0133497-0.00698425j 0.00271723+0.00173003j 0.0138612-0.00979278j -0.00685799-0.00402957j -0.0110588+0.00152982j 0.00650996-0.000506953j 0.00187093+0.0017967j -0.00328082-0.00186816j 0.00961661-0.004487j 0.00463057+0.00152931j 0.00304524+0.000572573j -0.000263067+0.000941093j -0.00264317-0.00253838j -0.00114785+0.00313184j 0.00412785-0.000241409j -0.0013461+0.00546392j -0.00107284-0.00220861j 0.00522057-0.00423163j -0.00403817-0.000647499j -0.00200545-0.000246691j -0.0030769+0.00129613j -0.00686163-0.000271065j -0.00430862-0.000940184j -0.00426674+0.00310817j 0.00270735+0.00165674j -0.000264778-0.000646347j 0.000412544-0.00168278j -0.00367169-3.3968e-05j 0.00331332+0.0013911j 0.00906428+0.0026198j 0.00323928+0.00879893j 0.00321475+0.00556883j 0.00126431+0.00346845j 0.00941852-0.00535442j -0.00455295+0.00141361j -0.00427561-0.00740705j 0.00268038+0.00318752j -0.0102792+0.0198202j 0.00326033+0.00219852j 0.00580498-0.00814946j -0.000292753-0.00285234j -0.0170626+0.00727834j -0.0162984-0.000995588j -0.00383167+0.00391054j -0.00182677-0.00126776j 0.00405545-0.00502618j -0.011535-0.00678296j 0.00300655+0.000589595j -0.000619806+0.00127573j 0.00177818+0.00148127j -0.00101917-0.00415176j 0.000931116+0.00528878j 0.000632399+0.00208447j -0.000654459+0.00134715j -0.000448151-0.000423646j 8.96468e-05-0.000221562j 0.000253885+0.000704895j -0.000426559-8.32121e-05j 0.00152567+0.000841838j -0.0010391+0.000277892j -0.00136232-0.000749209j -0.000666227-0.000618063j -0.000115344+0.000781458j -0.000251232+6.56961e-05j -0.000374064-0.00303713j 0.00164156+0.000114536j -0.00205853+0.00122601j 0.000780543+0.000822168j 0.000291293+0.00210673j 0.00105639+0.00085941j 0.000864216-0.000393078j 0.000726057+0.00151853j 0.00202829-0.000272041j 0.00191553-0.00257227j 0.00450465-0.00141706j -0.00212545+0.000369596j -0.000285239+0.00129295j -0.000359562+0.00143528j -0.00309867-0.000223285j -0.00235813+0.000433158j -0.00165811+0.000756924j 4.53871e-05-2.19567e-05j 0.000333871+0.000426078j 0.00364479+0.00114059j -0.0029072+0.0011738j 0.00123801-0.00282479j -0.00102194+0.00176494j 6.70053e-05-0.000546693j -0.000326219-0.00315493j 0.00165817-0.000412742j -0.00345181+0.000633986j 0.00154861+0.000489261j 0.00145569-0.000294182j 0.000696794+0.000660346j -0.00237948-0.00124133j -0.000838393+0.00027944j 0.00299906-0.000426085j 0.00306284+0.00110551j 0.00303791+0.000772538j -0.00656108+0.00418832j -0.0024096+0.00425252j 0.0012715-0.00151517j 0.000360879-0.000175298j 0.00459596+0.00235315j 0.00014246-0.00029438j -0.00186028-0.00365352j 0.0012702-0.00152279j 0.00124047-0.000128433j 0.0006038-0.000503096j 0.0037402-0.00395866j -0.00106371+0.00338893j -0.00173938+0.00188846j 0.000857163-0.000271285j -0.00568747+0.000465763j -0.00439278-0.00465993j 0.00174866+0.00131114j 0.00115908-0.00169472j -0.00144289-0.00264879j -0.000899664-0.000932449j 0.00100564-0.0025633j 0.00316573+0.00606121j 0.000213805-0.000266238j -0.00034803-0.000811989j -0.00802752-0.00216892j -0.000519365+0.0015432j 0.00548738-0.000869917j 0.00321842+0.000304081j 0.00542193-0.00028613j -0.00311273-0.00132017j -0.00787711-0.00172284j -0.00169323-0.00299005j 0.00248293+0.00178268j 0.000476776-0.0004746j 0.00507286+0.00218094j -0.000260644-0.00117698j 0.00175371-0.00236003j -0.00294081+0.000161736j 0.00161626-0.000160829j 0.00294469-0.00250457j -0.000229289+0.00340357j -0.00252154-0.00156854j 0.000553741+0.00176089j -0.000246761-0.00287968j -0.00318359-0.00215943j 0.00251453-0.000898724j -0.000828722+0.00327129j -0.00130942-0.00442228j -0.00458576+0.000324685j 0.00573162+0.0045473j 0.000425168+0.000220896j 0.00211157+0.000879733j -0.00134502-0.00106027j 0.000878184-0.000535038j -0.000719901+0.00286181j -5.12631e-05-0.00025488j -0.000197152-0.0024852j 0.000295593+0.00168626j 0.000203043-0.0043173j -0.00060463-0.00146873j -0.00287825+0.0021284j -0.0020169-0.00158852j -5.8052e-05+0.000326767j 0.00170723-0.00101989j -0.00167667+0.0014707j 0.00201848-0.000393913j -0.000821139+0.00152935j 
-0.101741-0.0267471j 0.0886794+0.06824j -0.0387567+0.170693j 0.0763367+0.0146756j 0.1213-0.118309j 0.00810636-0.00827598j 0.00165872+0.00617656j -0.00531124+0.00617914j -0.0156345-0.00440131j -0.00225267+0.0152018j -0.0204442-0.0279036j 0.00928575+0.0284019j -0.00538197-0.00596794j -0.0058088+0.00261999j 0.00201556+0.000623403j -0.00396705-0.00182523j 0.000571226-0.000372027j 0.00716893-0.00142451j -0.0016611-2.46293e-05j -0.00383376+0.00257414j -0.00124327+0.000525511j 0.00836545+0.00490124j 0.00765064-0.00366041j -0.011003-0.00746466j -0.00508345-0.000420034j -0.00621705+0.0118923j -0.0111805-0.019603j -9.08863e-05-0.00492847j -0.00427881+0.00482882j 0.00732961+0.0119883j -0.0184239-0.00469634j 0.00296489-0.0221844j 0.00653634+0.000791717j 0.00474288-0.00153099j -0.000119963-0.000201671j -0.000482846-0.000640019j -0.000870387+0.000471279j -0.00312816-0.000275487j -0.00128399+0.00152868j -0.00344853-0.00198518j -0.00409014-0.00254402j -0.00422959-0.000228418j -0.00399773-0.00112307j -0.00248023+6.08175e-05j -0.00396902-0.000970682j -0.00225961+0.000118527j 0.000317894+0.000563289j -0.00114076-0.000412372j -0.00105261+0.000662476j -0.00210288-0.00261932j 0.00528438+0.00302558j 0.000459454+6.04186e-05j 0.00343608+0.00156782j 0.00372097+0.00594108j -0.00282082+0.000993189j -0.00705504+0.00103515j -0.00133942-0.00204998j -0.0103417-0.0043678j 0.00584+0.0017776j 0.00360963+0.00506068j 0.00741062+0.00674052j 0.0115944+0.0067613j -0.00370671+0.0105457j -0.00297713-0.00751313j 0.0074416+0.0124398j -0.000979359+0.00059963j -0.00371337-0.00326491j 0.00727757-0.00286648j 0.000698249+0.00324087j 0.00430467+0.0115269j 0.00417145-0.000159891j 0.0149321+0.0106694j 0.00125911+0.0103772j -0.00101014-0.000367552j 0.00318885-0.00228185j 0.00807675+0.00506264j -0.00399474+0.0058715j -0.00169502-0.00386654j -0.00138362-0.000256721j 0.000340507-0.000480206j 0.000133433-0.000159123j 0.00165103+0.00166667j 0.00142645+0.000810795j -0.000479948-0.000589485j -0.000483498+0.00194168j -0.000390789+0.00364135j 0.00161554-0.000352069j 0.000550742-0.00295867j 0.00200242-0.0015842j 0.000305119-0.000944928j 0.000555457-0.000439796j -0.000408211-0.000302342j -0.000863471-0.00257227j -8.86741e-05-0.000931327j 0.000848076-0.00202911j -0.00202342-0.000566124j 0.000198242+0.000568118j 0.00532086-0.00252108j -0.00183967-0.000275897j -0.00142981-0.000171284j -0.000805983+0.00123416j -0.00270363-0.000337936j -0.00348559-0.000782927j -0.000432605-0.000693169j -0.000302198+0.000334633j 0.00113025+0.000233959j -0.000633414-0.0042299j -0.00113063+0.000415289j -0.000476308+0.000487766j 0.000737411-0.0013868j 0.00196526+0.000593022j -0.00199621+0.000927671j 0.00118105+0.000819785j 0.00208687+0.00619006j 0.000348467-0.00195323j 0.00161946+0.000406446j -0.00121591+0.00118861j -0.00223064+0.00266737j 0.00165815-0.0007925j 0.00118404+0.00261832j 0.00101681-0.00391222j 0.000138492+0.00386946j 0.000372168-0.00255947j 0.00211981+0.000799566j -9.002e-06-0.000844531j -0.000577703+0.000808449j -0.00188225-0.00728006j 0.00133296-0.00241484j 0.000372048-0.00221561j -0.00139092+0.0035114j -0.000811691+0.0023043j -0.00259132-0.00118169j -0.0029729-0.00479757j 0.00173544+0.00318262j 0.00244789+0.00445851j -0.000320898-0.00067361j -0.0119238-0.00449607j -0.00109637-0.00538388j 0.00214054+0.000152822j -0.000936116-0.000646273j -0.00214161-0.00454913j -0.000782238-0.000977321j 0.00350667+0.00406562j 0.00276081+0.000230409j 0.00480146+0.000315167j -0.00425895-0.002875j -0.000898749+0.000943742j 0.00048496+0.00204199j -8.06026e-05+0.00567826j 0.000317769-0.0051503j -0.00422049-0.00179961j -0.00081152-0.00236736j -0.000454394-0.00637558j 0.000243941-0.00653239j 0.00223086+0.00055529j 0.00155589-0.00716948j 0.00143437-0.00105982j -0.0014742-0.002325j -0.00219606-0.00157464j -0.00227965+0.000759054j -0.000371591+0.0023653j -0.00175359-0.000579451j 0.00369968+0.00264428j 0.00325618+0.00214563j -0.00429368-0.000554119j -0.0031229-0.00460642j -0.00962769-0.00194818j 0.00669186+0.00228323j -0.00232091+0.0023269j 0.000382112-0.00211332j -0.00310052+0.00730163j 0.00493694+0.00288074j -0.00014099+0.00137729j -0.00122076-0.000481847j -0.00366719-0.00305044j 0.000653896-0.00129862j 0.00119081+0.0014095j -0.00220015-0.0022911j -0.000160537-0.00151527j 0.00279152-0.000588536j -0.000831319-0.00140323j -0.00246275-0.00285422j -0.000251611+0.000840736j 0.000487149-0.000577777j 0.00173722+0.000693777j -6.49453e-05+0.00052648j 0.00158702+0.00140316j -0.00177248+0.000163944j 8.82988e-05+0.000145222j 
-0.0329719-0.0209907j -0.153339-0.0464473j -0.064582+0.0114825j 0.1171+0.0502908j -0.0524256-0.0605083j 0.0152378-0.00597172j -0.000719322+0.00756267j 0.00439689+0.00448613j 0.0409442-0.0194187j 0.00875351-0.00039771j 0.00254875+0.00175132j 0.00849453-0.000590129j 0.00162285-0.00590617j 0.003628+0.00448053j 0.00326251-0.00310276j -0.0100369+0.00179951j -0.00303905+0.00683906j -0.00544316+0.00310577j -0.00316901-0.00285793j 0.00974603-0.0112051j 0.0136012-0.00237691j 0.0107548+0.0098105j 0.00534874+0.0122035j 0.0235324+0.00141945j 0.00442089-0.0035343j 0.0112163+0.00649482j -0.00531515-0.00656957j -0.0103227-0.00788187j -0.000988736+0.00385667j 0.00188136-0.00150285j 0.00026754+0.00962033j -0.00739279+0.0141557j 0.00226042+0.00197154j -0.00306465+0.00100645j 0.00243094-0.00049272j 0.000904887-0.000169284j 0.00315555-0.00191479j -0.00283421+0.00149628j 0.00264656-0.000836669j 0.00168033+0.000680918j -0.00626322+0.00150136j -0.00291222-0.00139951j 0.00130149+2.42243e-06j 0.000596843-0.000525471j 0.000898557-0.000791038j 0.00392696-0.00200904j 0.00449119+0.00130696j 0.0083378+0.000514868j -0.00219385-0.000664073j -0.00856902+0.00109372j 0.00588381+0.000797634j -0.00579493+0.00201345j 0.00151008-0.00212422j -0.00948622+0.000386899j -0.000682076+0.00351896j 0.00388013-0.0146321j -0.00348627-0.0134542j 0.00216249-0.00535633j -0.00319449+0.0153038j -0.0187219-3.09393e-05j 0.00285162+0.00792232j -0.00168782-0.00492531j -0.00989491-0.00307932j -0.0117614+0.00780335j 0.00200896+0.00694058j 0.00857083-0.000893967j -0.00646357+0.00602441j 0.00365089+0.00624729j 0.00546249-0.000930862j -0.00150697+0.00466359j 0.00562626+0.00164567j 0.0144796+0.00339884j -0.00737205+0.0030937j 0.00757286-0.00148054j -0.00137265-0.00110741j 0.0101316+0.00637606j -0.0087697+0.00159504j -0.00374289-0.00398137j -0.00351187-0.000456418j -0.000855871-4.03527e-05j 0.000516445-6.93413e-05j 0.00126985+0.000879994j 0.000302423-0.000387858j 0.000306166-0.000431724j 0.00344703+0.000737913j 0.00248967+3.26607e-05j -0.00288383-0.00040069j -0.00171094-0.00112582j -0.00257788-0.000136854j 0.000321951-0.000400071j -0.00273884-0.000748253j -0.00233385-0.00046138j -0.00249097-0.000873603j -0.00217587+7.92599e-05j -0.00470165-0.000906021j 0.000420648-0.00107719j -0.00232999-0.000184667j 0.000162149+0.00216581j 0.000128071-6.06143e-05j -0.000404449+0.000379314j -0.00101714-0.000702793j 0.00410843+0.00385554j 0.001454-2.42636e-05j 0.000815176-5.27763e-05j 0.00452657+0.00172425j 0.000424542-0.000190661j -5.64666e-05-0.00240999j -0.00237037-0.00190792j -0.000359678+0.00125917j 0.003661+9.20215e-05j 0.00449815+0.00194586j 0.00110166+0.00502318j -0.00114631-0.0026245j -0.00220275-0.000397856j 0.000706623+0.00157549j 0.00157655+0.00102416j -0.000409057-0.00096455j 0.00119745-0.000169877j -0.00302145-0.00269922j 0.00153499-7.45161e-05j -0.0016672-0.00493191j -0.00242833+0.00514094j 0.000611404+3.36414e-05j 0.00689182+0.00241753j 0.00251724+0.00191704j -0.0008871-0.00351252j 0.00329066+0.000936272j 0.00362553-0.00252668j 0.00149923-0.00330388j -0.00345056+0.00730011j -0.0029888-0.00192834j 0.00186822+0.00128732j -0.00987068-0.00213591j 0.00382364+0.00169125j 0.0005119+0.000315663j 0.00248807+0.00201343j -0.0133254+0.00126453j -0.00120439-0.00506453j 0.000471668-0.000494513j 0.0032965-0.00210119j 0.00247802-0.00131608j 0.0112603-0.00621764j 0.00233497+0.000508032j -0.000219054+0.00455687j 0.00488995+0.00613777j -0.00552764+0.00668914j 0.00438134-0.00265069j -0.00126918-0.00281846j 0.000301178+0.00394667j -0.00285367-0.00367637j -0.0111667-0.0105168j -0.00400263+0.0042685j -0.00244851+0.00411626j 0.00286056+0.00081133j 0.00080641+0.00325807j 4.58758e-05-0.000988553j -0.00491672-0.00234015j -0.00236114+0.00164113j 0.000766107-0.00201527j -0.00377665-0.00141854j 0.00216155+0.00251148j 0.00114246-0.00642889j 0.0042882-0.00206953j 0.001788+0.0141358j -0.00921386+0.00504681j -0.00807601+0.000676696j -0.00564178-0.00423436j 0.00592835+0.000842074j -0.00543804+0.00725934j -0.00284719-1.64299e-05j 0.00141397+0.00453759j 0.00068361+0.00367433j 0.00206282+0.00327862j -0.00310867-0.00022571j -0.00073483-0.0044854j 0.00387438-0.00383933j -0.00161761+0.00164947j -0.00474676-0.00414252j 1.75886e-05+0.00167355j 0.00390664-0.00303181j 0.00380611-0.00183071j -0.000378056-0.00403275j -0.00338779-0.00253228j 5.6732e-05-0.00097303j -0.000760704+0.00372346j 0.00385228+0.000378816j -0.000782032+0.00011479j 0.00139798-0.000778208j -0.00169978+0.000591147j 
0.00108864+0.047191j -0.020751+0.0592122j -0.0829887-0.0132718j -0.111982+0.0835458j 0.0475252+0.0379899j -0.0178975-0.00896203j 0.00843865-0.0139908j -0.00123584+0.0054074j -0.000442934+0.0106168j -0.0106836-0.011768j 0.00356001+0.000816578j 0.0115988+0.00501431j -0.00670756+0.00483642j 0.00856043-0.000435635j -0.00446218+0.00150858j -0.00209662+0.00354972j 0.0159698-0.000337387j 0.00146617+0.0013244j 0.00410542-0.00613869j -0.00975306+0.000515403j 0.011127+0.00334948j 0.0144651-0.000302901j -0.00593651+0.0292178j -0.000997145+0.0244786j 0.00377452+0.00717534j -0.00753445-0.000236105j 0.00204452+0.0127743j 0.00880497-0.0119843j -0.00110007-0.00897623j 0.000272316+0.000311433j -0.0105164-0.00353816j 0.0123108-0.0010801j 0.00838668+0.0038799j 0.00382269+0.00303806j -0.000914878-0.00118473j -6.64897e-05-0.00178438j -0.00425564-0.00158253j 0.000955419+0.00166559j -0.00563618-0.00276947j -0.00131074+0.000541179j 0.00066913+0.00315088j -0.00707913-0.00182617j 0.0015664-0.00268673j -0.000844481-0.0047071j -0.00447923-0.004649j 0.00113024+0.000292293j 0.00565172-0.00719125j 0.00755911-0.00100072j -0.00406193+0.00167643j -0.000717298-0.00614125j 0.0038982-0.0112062j -0.00268764-0.00513652j 0.002184-0.00252045j -0.00725684-0.00677176j 0.000707568-0.00299378j -0.00172294+0.00410397j -0.0115378+0.00200374j -0.0153853+0.00537397j 0.00435595+0.00355039j -0.00660103-0.00921505j 0.00511745-0.00210665j -0.00218113+0.0174693j 0.00145682+0.00186688j -0.00282102+0.00307051j 0.00668873-0.00754013j 0.00740731-0.0107759j 0.00733765-0.00822008j -0.00283543-0.00110329j 0.00217861-0.010009j 0.00948877-0.00957223j 0.000759398-0.00230959j 0.00555549-0.00365197j 0.00631284-0.011142j 0.00333832-0.00407238j -0.00460966+0.00126787j 0.00256529-0.00190157j 0.0032424-0.00113901j -0.00282761+0.000794438j -0.000113855+0.00197114j -9.4655e-05+0.000777926j 0.000205142+2.4464e-05j 0.00107097-0.000369752j -0.000826582-0.0002503j -0.000263194-0.000537806j 5.35441e-05-0.00227612j -0.000333642-0.00316598j -0.00115573-0.00125338j 0.00298215+1.81678e-05j 0.000445169+0.00102275j -0.000783613+0.00037866j -0.000407128-0.000842984j -0.0030208+0.000765124j -0.00410309+0.00141255j 0.00020061-0.000375493j -0.000515398+0.000872886j -0.00459716+0.000749823j 0.00197387-0.0043754j 0.0064219+0.00374057j 0.00204197-0.00151483j -0.000225268+0.00119909j -0.00370454-3.8601e-05j 0.00571864+0.00294515j -0.00213371-0.000234846j -0.00324792+0.000122193j -0.00250617+1.39798e-05j 0.00173417+0.000718331j -0.00740799+0.00146275j -0.00413061-0.00154123j 0.000639127+1.08727e-05j -0.00191229+0.00263183j 0.000493248+0.00144673j 0.00464645+0.00192469j -0.00145859-0.0023256j -0.000498912-0.00302388j 0.00349711+0.0033963j 0.00347738+0.00153736j -0.00330767-0.0037019j -0.00044536-0.00297035j -0.00273859+0.000448918j 0.00525328-0.00194254j -0.00237707-0.00226012j 0.00334943+0.00681057j 0.000854866+0.00227727j -0.00516799-0.000280678j -0.00472301-0.00133708j 0.000294674-0.0032217j -0.00639358-0.00166703j 5.97353e-05-0.000560326j 0.0016286+0.00398444j 0.00327301+0.00661268j 0.00207275-0.000671703j -0.00524469-0.0013503j -0.00119397+0.00644586j 0.00158642-0.00114473j -0.00242793-0.00209599j 0.00654821+0.000998424j 0.00472368+0.00245731j -0.000395105-0.00548866j -0.000974368+0.00526428j 0.00142905-0.00819056j 0.0051275-0.00299926j 0.00707246-0.015588j -0.00267825+0.00548402j -0.00598755+0.0064816j 0.00415458-0.000275004j 0.0108137-0.00438944j -3.14131e-05-0.00700716j -0.00264658-0.00643219j 0.00177131+0.00330921j -0.00184784+0.000807975j -0.00294926+0.0140235j 3.00104e-05-0.00384192j 0.00552525-0.00650464j 0.00750341-0.0070419j -0.00499454+0.00314919j -0.00592723-0.00447775j -0.00522017+0.0001666j 0.00196982-0.00188267j 0.00632042-0.00316922j -0.0069019-0.00150254j 0.000675182-0.00114985j -0.00381254+0.00286984j -0.00318038-0.00507283j 0.00747617-0.00635261j 0.00247514+0.00844411j 0.00273224+0.00420231j -0.00263139+0.00658462j 0.00193005-0.00360606j 0.00381185+0.00262579j 0.00182135+0.000470315j 0.00224215+0.000157176j -0.00126726+0.00657262j 0.000111312+0.000946834j 0.00174834+0.00438251j -0.0035913-1.64963e-05j -0.00277843-0.00352177j -0.000783809+0.00253034j -0.00189667+0.00120024j 0.00178982-0.00199642j -0.000837065-0.00367845j -0.000941053-0.00435j -0.0013675-0.00276008j -0.000961013+0.00140496j 0.000274737-0.00304764j 0.00261056+0.00294382j 0.000279161-0.00231752j 0.000191165+0.00199089j -0.000293961-0.00168238j -0.000512354+0.00179795j 
0.0291223+0.0505272j -0.022332+0.0631879j 0.0324633+0.174099j -0.021608-0.151122j -0.202024-0.118949j -0.00671348-0.010408j 0.0201359-0.00660153j 0.00803684+0.0114776j -0.016266-0.00889431j -0.00184116+0.000424681j -0.0361435+0.0112528j -0.00399353-0.02327j -0.00638144+0.0034263j -0.00388121+0.00385428j 0.000929195-0.00170618j -0.00281647+0.00501196j 0.00374132-0.00531355j 0.00116441-0.000454289j -0.00349639+0.000812805j -0.00424969-0.00170547j 0.00611582-0.00423041j 0.0123941-0.00547147j 0.0167482+0.00515303j 0.00605109+0.00134969j -0.00356549-0.00991196j 0.00671691+0.000790671j -0.00756973+0.0116824j -0.00652178+0.014869j 0.00244036+0.0074663j 0.00431945-0.010497j -0.00210704+0.00303461j 0.0167955-0.00577633j 0.00694429-0.00261503j 0.00390104+0.00133754j -0.00089229+0.000253143j -0.000383781-0.000106546j -0.00230836+0.00182546j -0.000947939-0.000328372j -0.00167341+0.00196868j -0.00139815+0.000983269j -0.00178426-0.000844563j -0.00484515+0.000794702j -0.000382194-0.000189981j 0.000413634+0.000572005j -0.00528302+0.00158962j -0.000469686+0.00134908j 0.00217626-0.000725114j 0.00192958+0.00053806j -0.000129193+0.000659184j -0.00130746-0.00187693j 0.00094223+0.00202419j 0.00109987-0.00027805j -0.0041616-0.000854459j -0.00171125-0.00323334j -4.23428e-05+0.000171524j -0.0055147-0.00572836j -9.62803e-05+0.00299922j -0.00627046+0.000165707j 0.00330101+0.00202977j 0.00177835-0.00194896j -0.00452086-0.00520524j 0.000317813-0.0142765j 0.00166268-0.019405j 0.00170159+0.00253049j -0.00191902+0.00194753j -0.00608281+0.00983603j -0.00144494+0.00455508j -0.00152477+0.0110706j 0.00137218+0.00149763j 0.00817831+0.0151374j -0.0026302-0.00316051j 0.00811018-0.0100382j 0.0162972+0.00506137j -0.00384488+0.00250855j 0.00333498-0.00706336j 0.00472552-0.00586756j 0.00754513+0.00424937j -0.00123509+0.000408469j -0.000149922+0.000384565j 0.000409952-0.000746556j -0.000455783+0.000308752j 0.000957826-0.000517712j -0.000902516-0.00071479j -0.000561685+0.000140174j -0.000331442+0.00160905j -0.000546487+0.00154972j 0.00111821-0.00432265j 0.00013001-0.00035622j 0.00210809-0.00198761j -0.000788796+0.000180533j 0.00101548-0.0028741j 0.00142487-0.00136376j 0.00124466-0.00121102j 0.00291151-0.00046836j 0.00343117-0.00267109j -0.00128927-0.000200565j 0.00269868-0.00123465j 0.00308918-0.00200595j 0.00176916-0.000984375j 0.000501562+0.000551781j -0.000732413+0.00119822j 7.37465e-05+0.000801809j -0.000242566-0.000492522j -0.00175297-0.00272742j -0.00395341-0.00102203j -0.00171634+0.000245842j -0.00201105+0.000643731j 0.00477008-0.00481478j 0.00107747+0.000982036j -0.00133497-0.000589041j -0.00180427+0.00185868j -0.00132065+0.00370936j -0.00174652-0.000152777j -0.00585692-0.00113935j 1.70489e-05+0.00165317j 0.00138425-0.000809129j -0.000558705-0.00466789j 0.000209201-0.0028648j 0.00412515-0.000154846j -0.00680979+0.00223553j 0.00192694+0.000864124j -0.00624941-9.89062e-05j 0.00653183-0.00430242j -0.004139-0.00261037j 0.000721143+0.00107552j -0.000727716-0.000377915j 0.00748795-0.00380113j -0.000449227+0.00233409j 0.00542125+0.000767278j -0.00250748+0.00183453j 0.000359191-0.00397846j -0.00532036-0.00336962j 0.00512597+0.00611479j -0.00318326-0.00233812j 0.000200416-0.0023563j -0.000720555+0.00127006j 0.0014364-0.00484113j 0.0121422+0.000978334j 0.000103206+0.00233848j -0.00171457+0.00211848j 0.00570461+0.000651899j 0.0105189+0.0025039j -0.00181539+0.00216653j -0.00230386-0.0053426j 5.34114e-05+0.0017228j -0.00697577+0.0020794j 0.00421128-0.000245135j 0.00297682-0.00098759j -0.00779676-0.00169968j 0.00445438+0.00173142j 0.0056415-0.00495322j -0.000574428-0.00106019j -0.000660493+0.00528578j 0.00380815+0.00809803j -0.00687948+0.00102261j 0.00361038+0.00561604j 0.000538748-0.00235685j 0.000217264+0.00176845j 0.00196215+0.000896616j 0.000144091-0.00529811j -0.000516839-0.0030303j -0.00462485-0.00281601j -0.00122961-0.004616j 0.00890634+0.000762897j 5.53728e-06+0.00594098j 0.00432913+0.00233729j -0.00724012+0.00833816j 0.00307342-0.0075857j 0.0125804+0.00224545j 0.00065952-0.00109273j 0.00937163-0.00186271j -0.00292888-0.00622828j -0.00516309-0.00103368j 0.00216565+0.00119132j -0.00320937+0.00255992j -0.00384359-0.00202973j 0.000461693-0.00157346j 0.00305305+0.0016177j 0.000751236+0.0015635j -0.000775482-0.00302046j -0.00476876-0.000441716j -0.00126197+0.00394126j 0.00489114-0.000196658j 0.000175727+0.000374524j -2.15316e-05-0.000798119j -0.00387298-0.000298843j 0.00145633-0.00152311j -0.000808686+0.00114965j 0.00241374-0.000471303j 
-0.0752142-0.0562157j 0.0689823+0.0417806j 0.0728458+0.104163j -0.00134808+0.0376758j 0.0888693-0.00948726j -0.00259698+0.00291699j 0.00754564-0.0226161j 0.0204237+0.00375132j 0.0155479-0.00170093j 0.000228447+0.0112017j 0.0131206+0.0103513j -0.018483+0.0249382j -0.00834077+0.00284109j -0.00289311+0.00719274j 0.00668488+0.00341013j -0.00275897-0.00584197j -0.00550618-0.0148167j 0.00331042-0.00459831j -0.00583973-0.0045901j 0.00172289+0.0157929j 0.00101364-0.00414246j 0.000894069+0.00170317j 0.0241417-0.000647908j 0.00862144+0.000619123j -0.00594592+0.0138807j 0.00272755+0.0069615j 6.48107e-05+0.0168483j 0.00508872-0.0133124j 0.00244213+0.00225955j -0.000228839-0.00918324j -0.00346571-0.0155796j -0.00659215+0.00125873j -0.00266021+0.0114585j -0.00317578+0.00129916j 0.000403137+0.00237812j -0.00233657+0.000529995j 0.00149284+0.00433912j -0.00178848-0.00173491j 0.00293012+0.00605363j -0.0030552+0.00162518j -0.00771554-0.00347565j -0.00503938+0.00159599j -0.00138491+0.000227463j 0.000530986+0.00321927j -0.00857745+0.0060503j 0.00252755-0.00032755j -0.00102071+0.00619173j 0.00209302+0.0011573j 0.00344502-0.00199986j -0.00893102+0.000236054j 0.00362584+0.00820792j 0.000372981+0.00290325j 0.00161943-0.00194379j 0.00530933+0.000526696j 0.00514789+0.00282925j 0.00024892+0.00392441j 0.0041579+0.00734987j 0.00936217-0.00367797j -0.0021793-0.00932313j -0.0023395+0.002451j 0.00631647-0.001126j -0.0150547-0.0012005j -0.0118114+0.0041278j -0.00702309-0.010818j 0.0083003+0.000220152j 0.00528326+0.00204516j 0.00649092+0.00475748j 0.00738586-0.00386472j 0.00513152+0.00529486j 0.0126488-0.00591996j -0.000594023+0.00269337j -0.0109384-0.00776568j 0.00696393-0.00505909j 0.0042731+0.00706426j -0.00689814-0.00538251j -0.00568577-0.00453757j 0.00100131-0.00538561j 0.00162646+0.000281684j -0.000224957-0.00123459j -0.000905181-0.000420951j -7.15354e-05+0.000231159j 0.00155562-1.52734e-07j 0.00101374-0.000560434j 0.000543619-0.00083388j 0.00273386+0.000698609j 0.00355254+0.00210644j 0.00155464-0.00352946j -0.000564537-0.00281892j -0.000566304-0.0029138j -0.00268775+0.00175177j -7.61242e-05-0.00177748j -0.00223055+0.00118963j -0.000377266-0.00425538j 0.00111067-0.00151072j -0.00326857-0.00117105j 0.00198124-0.00540399j 0.00613963-0.000374081j 0.0006302-0.00564797j 0.00121103+0.00114907j -0.000526267+0.0024691j -0.000356142+0.00348827j -0.00373749+0.00303073j -0.00228461-0.00100043j -0.00260374-0.00460399j 0.00284496-0.00631766j -0.00209669-0.000278936j 0.00408266-0.00650954j 0.000507026+0.00166198j 0.000756936-0.00241554j -0.000699464-0.00153122j -0.000487099+0.0013323j 0.00248229-7.6788e-05j -0.00410011-0.00476721j -0.0034634-0.000524026j -0.000374561-0.00713946j 0.00219101-0.0040579j 0.00323939-0.00305754j 0.00422961+0.00101016j 0.00195922+0.00308892j 0.00298965+0.00356108j 0.00331065+0.00224341j 0.000462613-0.00297208j -0.00112957-0.000874837j 0.000260158-0.00338759j 0.00179436+0.00023768j -0.00851538-0.00147444j 0.00110692+0.000672696j 0.000162999-0.00086282j -0.00808114+0.00281732j -0.00679514+0.00218829j -0.00170712-0.00196375j 6.78092e-05-0.00137447j -0.00872953-0.00330361j 0.00411141+0.000760355j 0.000844644-0.00103162j 0.000564425+0.00240564j 0.00724035-0.00344328j -0.000562007+0.00657682j -0.000673359-0.00299542j -0.00310272-0.00416501j -0.00492304+0.00843264j -0.00549788+0.00134901j -0.0037563-0.00269538j -0.00351893-0.00434724j -0.00301812+0.00973659j 0.00673883+0.0105933j 0.00718723+0.000470529j 0.00174386-0.000848316j -0.00510609-0.000219428j -0.00522775+0.00240672j -0.00367718-0.00216273j 0.00110502+0.00533791j 0.00505822+0.00457972j -0.00338517+0.00264992j 0.00454372+0.00143803j -0.00144056-0.000695191j -0.00292684+0.00331596j 0.00024066+0.00194352j -0.00177272+0.00265674j 0.00486619-0.00306683j -0.00267425+0.00202467j -3.4297e-05+0.00299j 0.00235871+0.000502611j -0.000867624-0.00185262j -0.001493-0.00713701j -0.00457697+0.00291224j 0.00308474-0.00562061j -0.0051355+0.00666352j -0.000578927-0.00763749j -0.00181855+0.00446409j 0.00275379-0.00460529j -0.00396291-0.00164841j 0.0014632-0.0027596j -0.00292244-0.00178701j 0.00287478-0.00184174j -0.000895096+0.00338948j -0.000601783-0.00201553j 0.000583255+0.000744872j -0.000604238+0.00189682j -0.00167464+0.00222344j 0.0010085+0.00449728j 0.00407736-9.99368e-05j -2.98975e-05-0.00306917j 0.000876099+0.000769633j -0.00126519-0.00105759j -0.000880189+0.00265134j -0.00125888-0.00047573j 0.000520721+0.00181953j 0.000829996-0.00147689j 
0.00292961-0.00869754j -0.178742+0.123055j 0.0194928-0.0295948j 0.0286983-0.0341841j 0.10764+0.0998387j 0.00182904-0.0294674j 0.00611969-0.0155508j 0.0197034+0.0208003j -0.00990515-0.0150128j -0.0168896-0.00724774j 0.00692994+0.000403437j 0.0268853+0.00796307j 0.0042119-0.00641555j 0.00708+0.00710373j 0.00074806+0.00126729j 0.00280878+0.00702901j 0.000752802+0.00167908j -0.00386808-0.00443381j -0.0080981-0.000244241j -0.00708311-0.0036762j -0.00485436-0.00823995j 0.000949886+0.00165357j 0.0233727+0.00775736j -0.00252162-0.013059j -0.00806985+0.00497481j -0.00943486-0.0123711j -0.0108883-0.00384606j 0.00564777-0.00241421j -0.0028093-0.00935917j 0.00606536+0.0056533j 0.00309835+0.00869798j -0.0284208-0.00368702j -0.00728601-0.00461498j -0.00303985-0.00547023j 0.000845298+0.000450306j 0.000787805-0.00162386j 0.00241365-0.00172736j 2.68326e-05+0.00254259j 0.00202638+0.00138868j 0.00226542-0.00294006j 0.000903809-0.00283482j 0.00117412-0.00225135j 0.000457632+0.00146949j -0.00151531+0.00242046j 0.0032554-0.00463612j 0.00077562+0.00507571j -0.00278207+0.0017088j 0.0018966+0.00661691j 0.000994271+0.0024308j -0.00224175-0.00617422j -0.00700964-0.00261576j 0.00539987-0.00121801j 0.00478993-0.00204004j 0.00888395-0.00442469j 0.00472437+0.0139188j -0.0016297-0.00217853j 0.00129739+0.00215273j 0.000553699+0.00141443j 0.000185383-0.00154211j 0.0089619+0.0031454j 0.00766638+0.00403215j 0.00337025+0.00497054j 0.000441207+0.00936174j -0.000314345-0.00642559j 0.00479038+0.00714254j -0.000967365+0.00244818j 0.000970693-0.00149785j 0.00294266-0.0088326j 0.000367096-5.37684e-05j 0.00224705+0.00202359j 0.00269931-0.00362003j 0.00956396-0.0103543j 0.00681416-7.80198e-05j -0.00489164+0.00224229j 0.00331081-0.00321382j 0.00479005-0.00517503j 0.00711333+0.00131071j -0.00210625+0.0013141j 0.000796311+0.000903377j 0.000211068-5.94033e-05j -0.000326533-0.00014202j -0.000318161+0.00115212j -0.00164099-0.000265076j -0.000287552-0.000125302j -5.0606e-05+0.00133735j 0.000393474+0.00136953j -0.00134996+0.000656293j -0.00159109+0.000580317j 0.000548234-0.000915858j -4.33323e-05-0.000540435j 0.00152472+0.000780574j 0.00305995-0.00164222j 0.00151842-0.00184684j 0.000703067-0.00100411j 0.00261318-0.000629839j -5.86058e-05-0.000416211j 0.000373661-0.000676485j -0.0031384+0.00156267j 0.00202807+0.00405234j -0.000312979+0.000190342j -0.000146227-0.0029129j -0.00115718+0.00144381j 0.00398983-0.000447722j 0.00190019+0.00336606j -0.00237851+0.00224831j 0.00177107+0.00151896j 0.000260507+0.000276024j 0.00302142-0.000796912j 0.00411546+0.000363002j -0.00262337+0.00127555j -0.00217924+0.000658276j -0.00183664+0.000418227j -0.00165401-0.00202092j 0.000667348-0.000103707j -1.3061e-05+0.00268794j 0.00382205+0.00343098j 0.00219834+0.000984821j 0.000265234+0.0033906j 0.00646314+0.000473913j -0.00243462+0.000523864j 0.00267103-0.00288251j -0.00207053-0.00114625j 0.000460489+0.00475384j -0.00505245+0.00431213j 0.00266582+0.00277611j -0.00640744-0.00752163j -0.00171341-0.00362178j -0.000977029-0.000374596j -0.000839929+0.0008597j -0.00395139-0.00139892j 0.0021402+0.00209621j -0.00812754-0.0035257j 0.000769065-0.00273449j 0.000167488+0.00131651j 0.00384901+0.003533j -0.00182969-0.00047171j 0.00179081-0.012362j 0.00601459+0.00077884j 0.000813175+0.00107668j -0.00302946-0.00192165j -0.00554247-0.00209411j -0.00778369-0.000236622j 0.00108545+0.00604551j -0.0019406-0.00681756j 0.00126088+0.004792j 0.00279634+0.00110174j -0.00139345+0.00054843j 0.00234274+0.0021804j -0.00369868+0.00255377j 0.000664633-0.00167302j 0.00810104-0.000666955j 0.000343069-0.00314006j 0.00198964-0.00237791j -0.00206983-0.00274018j -0.000802419+0.00347599j -0.00118098-0.00443426j 0.000586248-0.000927966j 0.000453055-0.00124552j -0.00134362-0.000510655j 0.00197635-0.00429132j -0.00342609-0.000501657j -0.00270732-0.000754334j -0.000773782-0.00130546j -0.000741624-0.00393245j 0.00567439+0.00823764j 0.00363593-0.00109121j 0.000400476+0.00954034j -0.00198675-0.00906478j 0.00442081+0.00493183j 0.00289031-0.00421165j 5.38128e-05+0.00259139j 0.00101903-0.00258183j -0.00217692-0.000436988j 0.000519304+0.00115055j -0.00201029+0.00384608j -0.000460904-0.00314567j 0.00293175+0.000398173j 0.00205606+0.00282781j -0.00073743-0.00115241j -8.1412e-05-0.00263531j -0.00223859-0.00328827j -0.00174033+0.00397495j 0.0015952+0.00304122j 0.000207309-0.000422068j -0.000248181-0.000706272j 0.00106941-0.00314575j 0.00103652-0.000986127j 0.00031471+0.00033666j -0.000858068+0.00203938j 
0.12566+0.0689813j 0.0757343+0.0654287j 0.0886564+0.0979538j -0.09386+0.0125062j -0.0335859-0.033443j -0.00891735+0.00670936j 0.00902528-0.00584113j -0.00823668+0.000358324j 0.00051846+0.00380804j 0.00140882+0.0103516j 0.0177105-0.023835j 0.00293378+0.0148594j -9.53709e-05+0.0081793j -0.00737635-0.00563501j -0.000938366+0.00144063j -0.00612483-0.00100687j -0.00157513-0.00286859j 0.0150328-0.00146784j 0.00378172-0.00248479j -0.00165645-0.00182008j 0.00600105-0.0053954j -0.00791683+0.00159608j 0.004734+0.0045061j 0.0297363-0.00913868j 0.00362403-0.00981411j -0.00253499+0.000577584j 0.00817228-0.00572126j -0.0083648+0.00504871j -0.00982103+0.00346127j 0.00577509+0.00319673j 0.00866823-0.0116906j -0.00323063-0.00665133j -0.00944642+0.00156921j -0.00101721-0.000991696j -0.000990379-0.00146707j 0.00080865+0.0022854j 0.000835579+0.00051885j -0.00275614-0.00440575j -0.00415098-0.00397628j 0.00416522+0.000107593j 0.00390667-0.000812702j 0.00494413+0.00128899j 0.000870509-0.00616277j -0.00317893-0.00971697j 0.00331677+0.00222639j -0.00990543-0.00528702j 0.00814415-0.00398555j 0.00278375+0.00148167j 0.00297438+0.00503396j 0.0151907+0.00431514j 0.00186639-0.000925224j 0.00899601-0.00219193j -0.00761593+0.00878416j 0.00243272+0.00298847j 0.0129979+0.00885733j 0.00661854+0.00194249j -0.00528433-0.0133826j -0.00307198+0.00902019j -0.0133038-0.00039657j 0.0102395-0.000128409j 0.00142091+0.015112j -0.00617459-0.00570328j 0.0131231+0.00712187j 0.00101698+0.00457596j 0.00107224+0.00467357j 0.0179626+0.00141531j 0.00516521+0.0111914j -0.0140444-0.0105833j -0.00202479-0.00377872j -0.00138321-0.000601185j -0.00248886-0.00382283j -0.00340601-0.000143482j -0.00289905+0.0054672j -0.000714374-0.00292491j 0.00150092+0.00265029j -0.00107224-0.00486471j 0.00250399+0.0058047j -0.00139286+0.00195544j 0.00117516+0.00202967j 0.000800997-0.000139212j 0.00019934+2.2074e-05j -0.00170967-0.000278588j 0.000469179+0.00154415j 0.00104348+0.000490034j -0.00295187-0.000783003j -0.00327602-0.000459905j -0.000655648+0.0016186j 0.00499602+0.00101848j 0.00305868+0.00163992j 0.00290663+0.000167634j -0.00109761+0.00064772j -0.000500691-0.000567032j 0.00135048-0.00099609j 0.000840574+0.000428518j 0.000876865+0.00105833j -0.00242069-0.000608383j -0.000993075+0.00123159j 0.00171551+0.00396324j -0.00619973-0.00255231j -0.0013477+0.000756893j 0.00256136+0.00121101j -0.00518033+0.000570865j -0.00353085+0.000675373j -0.00169265-0.00198747j -0.00178275-0.000812527j -0.000728595-0.000674489j 0.00186125-0.00200807j 0.00064112+0.000482014j 0.00234639+0.000486304j -0.00247289-0.00159859j 0.000781114-0.000941739j 0.000735875+0.00524755j -0.000165275-0.000388827j 0.00668563+0.00074636j -0.00373812+0.00054285j -0.000494986-0.00184798j -0.000870172-0.00210339j -0.00366157+0.00419473j 0.00464925-3.47565e-05j -0.00452553+0.00191845j -0.000434974-0.00469671j 0.00463915+0.00294334j -0.0034053-0.00686939j -0.00221687-0.00208897j 0.00197151+0.00276575j -0.000747926+0.000334353j -0.00112726-0.007433j -0.00182117-0.00285238j 0.00178367-0.00586j 0.00113086+0.00676346j 0.00052989-0.00405573j -0.00561346-0.00219804j -0.00521423-0.00503312j 0.00314667+0.00292857j 0.00559369+0.000578693j -0.000204786+0.00522084j -0.00356207+0.00126466j 0.00148761-0.00174109j 0.000874754-0.00116362j -0.00136563+0.00160405j -0.00566197-0.00585151j 0.00321617-0.00102938j 0.00210607+0.00125163j -0.000254975-0.00611567j 0.00445497-0.0011998j 0.00020775+0.0060598j -0.00260555+0.00163055j 0.0025188+0.00380054j -0.00339325+0.00477874j 0.000982315-0.00532307j -0.00636429-0.00171473j 0.00410803-0.000325065j 0.00443325+0.000645584j 0.000654775-0.0028881j -0.00175049-0.00124046j 0.000150891-0.00776787j -0.00268845-0.00192789j 0.00020015-0.000486556j -0.0019503+0.0012561j 0.00287867-0.000390004j -0.00146662+1.41103e-05j -0.00622085-0.00066064j 0.00223475+0.00174544j 0.00536268-0.00196493j 0.00408466+0.000507105j -0.000820568-0.001864j -0.00203164+0.00187082j -0.00094375-0.00101929j 0.00412454-0.00234038j -6.92979e-05+6.06206e-05j 0.00200466+0.00219878j 0.00133316+0.000519934j 0.000373249+0.000405014j -0.000438246+0.000665217j -0.00103891+3.68988e-05j -0.00109316-0.00040986j 0.0025845+0.00173353j -0.00113781+0.00109392j -0.000883698-0.00229721j 0.0017453+0.000180451j -0.00282263-0.00100213j -0.00286093+1.46168e-05j 0.0030457+0.00247955j 0.00106266-9.60651e-05j 0.000433078-0.000178041j -0.000236074-0.000854493j 0.00226248+0.00157519j -0.00171644-0.00148278j -0.000292743-0.00013107j 
-0.0367362+0.121271j -0.056777-0.0507674j -0.051555-0.0172002j -0.0102624-0.0952349j -0.0329459+0.0200437j 0.0174498-0.0247438j 0.0197563+0.00747377j -0.0425978+0.0163275j -0.0106869-0.0190942j 0.02541-0.0185049j 0.013153-0.0118568j -0.00894404+0.00848056j -0.00334613+0.00260002j -0.00550399+0.00453229j -0.0013939-0.004949j -0.00828935+0.0136424j -0.00176679-0.00103075j 0.00664879-0.0104314j -0.00168843+0.00275351j 0.00368386-0.0106177j -0.00239326+0.000116508j -0.00440978+0.00119879j -0.0113158+0.00666263j -0.00785513+6.53103e-05j 0.000165546+0.000884367j -0.00128471+0.000601225j 0.00703907+0.0158726j 0.00585488+0.00293695j 0.00366981+0.00189615j -0.00379106-0.0138894j -0.0032789-0.00322058j -0.00735711+0.0245646j 0.00177832+0.00827117j -0.00558493+0.00504588j -0.0015769-0.0021895j 0.00125809-0.000412229j 0.000471238-0.00220337j -0.00602887+0.0037789j -0.00262944+0.000885702j -0.00134217-0.00111285j -0.00505359+0.00119933j -0.0011247+0.000341469j -0.00816495+4.4497e-05j -0.00671072-0.00138953j -0.00470874+0.000774782j -0.00920369+0.00163317j -0.00548815-0.00354124j -0.00548147-0.00149681j 0.0035358+0.00642229j 0.00015277+0.00404248j 0.00684802-0.000603867j 0.000187206+0.000581328j 0.00246751+0.00360798j 0.00974354-0.00227189j -0.00751254-0.00111634j 0.00886323-0.00463936j 0.00171387+0.0111265j 0.00635633+0.0024939j -0.00414063+5.00736e-05j -0.000312681+0.00316839j 0.00916644-0.0171526j 0.00324599-0.00411799j 0.00275472+0.00577327j -0.00590999-0.000530022j 0.00473396-0.0125306j -0.00829603-0.0102144j 0.00203062-0.00252857j -0.0018595-0.000711493j -0.0026385+0.00406597j -0.00426843+0.00485847j -0.000259093-0.00328036j -0.00267446-0.00943101j -0.00176652+0.0109135j -0.00108333-0.000411366j 0.0012248-0.00257582j 0.000992804-0.00593426j -0.00168613+0.00252388j -0.000360111+0.00108276j -0.000193276+0.000101275j -1.87117e-05-0.000381742j 0.000742296-0.000101j 0.00132797+0.0001674j 0.000647556+0.000505822j -0.000977642+0.000700472j 0.00047309+0.00152401j -0.000107358+0.0013327j -0.00278046+0.000443727j -0.000253497-0.00132411j 0.00136655-0.00143251j 0.00142264-0.00207887j -0.00287841-0.00121023j -0.000971943-0.000617824j -0.00217206+0.0011326j -4.30266e-05+7.25808e-05j -0.000922501-0.00228245j -0.0020624+0.00421591j -0.00358457+9.43795e-05j 0.00486965-0.00164575j -0.00397498-0.00409547j 0.000189997+0.000837746j 0.00144141+0.00243041j 0.000138346-0.000977409j -0.00547477+0.00315318j -0.00221033+0.000271536j -0.000854473+0.00515339j -0.00119928-0.00252494j -0.00200286+0.00436198j 0.000167137+0.000170377j 0.000820941-0.00195526j -0.000348309+0.00139731j 0.00314907-0.000608305j 0.000346147+0.00112442j -0.00262076-0.0026606j 0.000457266+0.00102097j -0.00598393-0.00173633j -0.00422714-0.00235644j -0.00276458+0.00328946j -0.00106533+0.00294644j -3.7458e-05-0.00124655j 0.000823505-0.000945154j -0.000247812+0.000919694j -0.00637041-0.000501698j -0.00243352+0.00258798j -0.00391705+0.00146126j 0.0038267+9.59091e-05j -0.00540411-0.0041712j -0.00958961+0.00347769j 0.00295035+0.00303266j -0.00199157+0.00889924j -0.00159701-0.00646015j -0.00401489+0.00281315j -0.00966245+0.00867697j 0.00175524-0.00455694j 0.000976339-0.00138088j 0.00375517-0.00143911j -0.00262471-0.00346288j 0.00228892-0.011392j -0.000843583+0.00471117j 0.00310853-0.00280161j -0.000283381-0.00287944j -0.00417071+0.00350956j -0.0146714-0.00256385j 0.00245661+0.00568654j -0.00330723+3.05592e-05j -0.000242137+0.0095977j 0.00289761-0.00110195j 0.00510718-0.00139465j 0.000203832-0.00723792j -0.00274859+0.000443321j -0.00537673+0.00245756j 0.00402634-0.00344873j -0.00503747+0.00480895j 0.00661645-0.0030123j 0.000914576-0.00465947j 0.00430408+0.00594556j -0.000525333-0.000538222j -0.00396597-0.0001457j -0.00155283+0.00152647j -0.00353194+0.000972939j -0.00253017+0.0013023j -0.0036385+0.00486547j -0.000661844-0.00112041j -0.00086626+0.000977002j 0.0045021+0.0108472j -0.00463266+0.000489478j -0.000601064+2.04469e-05j -0.0106132-0.0059308j 0.00643957+0.00309399j 0.00229597+0.00669365j 0.00262683-0.000725277j 0.00374833+0.00398421j 0.00639161+0.00174033j -0.00193081+0.000783444j -0.000762922+0.00106103j -0.00477471-0.00460658j 0.000343042-0.00344173j 0.0012773-0.000538289j -0.000122863-0.00276695j -0.000893202+0.00112033j 0.00214068+0.00110701j 3.62773e-05-0.00159647j -0.00433544-0.0045648j 0.000120426+0.000208862j 0.000450583+0.000785829j 0.00107185+0.00227007j 0.00143825+0.000615758j 0.00152919+0.00195951j -0.00142326-0.0014589j -0.000222402-0.00100826j 
-0.0927391-0.0839256j 0.109146-0.103095j -0.123347+0.091977j 0.0240072-0.0441958j 0.0334704+0.0508653j 0.0181278+0.0406319j -0.0229902+0.0112831j 0.00347847+0.0124525j 0.00645371-0.0163795j -0.0208345-0.0131172j -0.0149962-0.00306681j 0.00621977+0.00837701j 0.00548828+0.0101762j -0.00261073-0.00605667j 0.00244044-0.000778933j 0.000656732+0.000284108j 0.00373215-0.00286698j 0.00258046-0.00604583j 0.00496877-0.00058652j 0.00542398+0.009644j 0.00831444+0.0128289j -0.00507184+0.00388565j -0.004128-0.00790074j 0.0102209+0.0261664j -0.00838021-0.00364243j -0.00618766+0.00418306j -0.0173977+0.00590754j 0.00756959+0.0115243j -0.00449578+0.00255756j 0.0197349+0.000314459j -0.00128941+0.0033519j -0.0113444-0.00541305j -0.00598289-0.00408169j -0.00225041-0.0028199j -0.000805843-0.000112921j 0.000482979+0.00163052j -0.00189405+0.000660024j 0.000898749-0.000228208j -0.00157566+0.0001751j -0.000762444-6.80337e-05j 0.00184905+0.00402887j -0.000198769-0.0012554j -0.00220068+0.000223558j -0.00288897+0.000639894j -0.000804972+0.00205875j -0.00136052-0.00331155j -0.00371729+0.000331579j -0.0024627-0.00249066j 0.00735038-0.00791243j 0.000654117+0.00276013j -0.00634854-0.00455776j 0.00130768+0.00517745j -0.00265007-6.03415e-05j 0.00491822+0.00762596j 0.00975345-0.00390757j -0.0073614-0.0122001j -0.0024615+0.0031727j 0.0187326-0.00906563j 0.00493719+0.0101567j 0.00355659+0.0166637j 0.00499035-0.0084494j -0.00847383+0.00299947j 0.00408143+0.0114488j 0.00322831+0.00868004j 0.00191839-0.00594201j 0.00124923-0.0170033j 0.00508365+0.000293773j -0.000118321+0.00192254j 0.0005125+0.00592687j -0.00240069-0.00323288j 0.00131161+0.00241483j 0.00198236+0.000266547j -0.00344686+0.00861622j -0.000159112-0.0014587j 0.00171989+0.00152196j -0.000372581-0.00169637j -0.000971382+0.00323764j 0.00109306+0.00158224j 0.00106226+0.000619721j -0.000437975-0.000641388j -0.000532339+0.000222656j 0.00106642+8.76139e-06j 0.0015402-0.00163136j -0.000255047-0.00140376j 0.000404334+0.00100767j 0.00174221+0.00010983j 0.00482993-0.0035651j -0.000924477-0.00246372j -0.000756934-0.00247489j -0.00214047-6.11525e-05j 0.00145016-0.00151153j -0.00064489-0.00064535j -0.00188113-0.00171284j 0.00129278-0.00190567j -0.000925081-0.00103147j -0.000196135+0.0035968j 0.00452087-0.00191153j 0.00152752+0.000767828j 0.000702157+0.000139477j 0.000526197+0.00208102j 0.000140431+0.000161124j 0.000876314+0.00253595j -0.00172332+0.00214793j -0.00320171+0.00130229j -0.00268102+0.00339718j -0.00070211-0.00204997j -0.00232665+1.06827e-05j 0.000138163+0.00201851j -0.00233245-0.00182125j -0.000657081+0.00140506j 0.000378951-0.00206038j -0.000764833+0.00494071j -0.00290525+0.00112651j -0.00256452-0.00262415j -0.00163959+0.00311852j 0.00147844-0.00425203j -0.0013553-0.00120822j -0.00107687+0.00295315j 0.00364424-0.00392896j 0.0031875-0.000459791j 0.00380762-0.00134105j 0.00453859-0.00518567j 0.000987782-0.00121837j -0.00155295-0.00377788j -0.00354014+0.0010085j -0.00136022-0.000124612j 0.00424473-0.00404895j -0.00204295+0.0034029j 0.00307321+0.00162552j 0.0042833-0.00365714j -0.000945632+0.000206423j -0.000954886+0.000631286j -0.00296651+0.0041631j 0.00218555-0.00372963j 0.0016356-0.0065128j 0.00170613+0.00516534j 0.00197782-0.00827345j -0.00146879+0.00328178j 0.00191056+0.00221862j -0.00812731+0.0024047j 0.00598971+0.00179984j 0.00752138+0.00207927j -0.00298275+0.00557628j 0.00318631-0.00390294j -0.00201672-0.00656855j -0.00769484-0.0127624j 0.00301223+0.00749561j -0.000479113-0.00274711j -0.00270684+0.00197991j 0.000885012-0.00162515j 0.00918115+0.000879831j -0.00343542-0.00632271j -0.00859407-0.00477167j -0.00640758+0.00203524j -0.00470188+0.000202109j -0.00785923+0.00529086j 0.00144434-0.00310068j -0.00208231-0.00234784j 0.00275083-0.000500081j 0.00035371-0.00223356j 0.000669968+0.000597839j 0.00206961+0.00347662j 0.00207298-0.000469535j -0.0059658+3.50135e-05j -0.000617022-0.00713497j -0.00034472-0.0018131j 0.00135197-0.000138075j 0.000730975+0.00110147j 0.000804631-0.000111557j -0.000302156-0.000806672j 0.00337524+0.00540857j -0.00129345-0.00513067j -0.00217051-0.00251024j 0.00148169-0.00235757j 0.00175427+0.00104018j -0.000774175+0.00114679j 0.00115571-0.00340758j 0.0028754+0.00125248j -0.000889869+0.00212536j -2.48347e-05-0.000723342j -0.00235561+0.00364606j 0.00159225+0.00324125j 0.00404024-6.94681e-05j -1.52799e-05+0.00279513j -0.00103544-0.00289076j -0.00341898+0.00155585j 0.000345413-0.00212148j -0.000595991+0.00134j 0.00161665-0.00234535j 
-0.00273691-0.075474j 0.0249787+0.109528j 0.101539+0.0283146j 0.0806228+0.0164303j 0.0315429+0.0893315j 0.00430453+0.000256618j -0.0063581-0.0314998j -0.00316071+0.0327885j 0.0146262-0.0129611j 0.000904259+0.00743555j 0.0061832-0.0231144j -0.00868426-0.0148346j 0.00705621+0.00647272j 0.000504587+0.000460039j -0.00189512+0.00258174j 0.00452829+0.0118347j -0.00161353-0.018034j -0.00472634-0.00941814j 0.00589694+0.00456175j 0.0029969+0.00143608j 0.00442954+0.00419007j 0.00110283+0.00511645j -0.00778434-0.023529j 0.0158093-0.00160848j 0.00493519+0.00447426j 0.00356898-0.00124938j 0.00525647-0.00265598j -0.00382267-0.00303783j -0.00135012-0.00158047j 0.00286391-0.000955431j -0.00836461+0.0161899j 0.0120986+0.0184767j 0.00896404-0.00384435j 0.000478955+0.00401972j -0.00282788+0.00249406j -0.00176639-0.00232352j -0.00359934+0.00255295j 0.00315955+0.00405054j -0.00188719+0.00995491j -0.00327122-0.000696613j 0.00265732-0.000565754j -0.00445326+0.000514917j -0.0036904+0.00289897j -0.00338594+0.00437151j -0.0113984+0.00404522j -0.0048841+0.00598608j -0.00581106+0.00571354j -0.00036562+0.00110302j 0.00732048+0.00271997j 0.00250644+0.000907871j -0.00124169-0.00167645j -0.00631155-0.00802468j 0.010638-0.00640239j -0.0066917-0.0162487j -0.00235227+0.00585112j -0.00845449-0.000392329j 0.00219941-0.00887204j 0.00166666+0.00512822j 0.0089474+0.0113078j 0.000257542-0.0100049j -0.00467932-0.00383042j 0.00438209+0.00416302j -0.00253328+0.018261j 0.000608299+0.00329915j 0.000837732+0.00483779j -0.000198014+0.0128285j -0.00463767-0.00923037j 0.00661785-0.00873601j -0.000332542+0.00221671j 0.000368998+0.00292039j -0.000996132-0.00156752j -0.0114898-0.000329517j -0.00343311-0.00664758j 0.00195909+0.00445283j -0.00165411-0.00208574j -0.00332529-0.00105257j -0.00203865-0.0042231j 0.000704717-0.000310699j 5.23745e-05+0.000312282j 0.000465764+0.000136984j 0.000107926-0.000251638j -0.000456663+0.00019994j -0.00197396+0.000162891j -0.000759874-3.55206e-05j -0.00185997+0.000416242j -0.00286128+1.37384e-06j -0.00154815+0.000449865j 0.0026867-0.00204484j 0.00130074-0.00183547j -0.000112486+0.000797201j -8.59313e-05-2.02026e-05j 0.00021949+0.00137803j -0.000664173+1.13764e-05j -6.8619e-05-0.00146646j 0.00356091+0.0016001j 0.000248911+0.00154591j -0.000930265-0.00195228j 0.00696203+0.000726783j -0.000504479+0.0014191j -0.0011836+0.00180084j -0.00201059-0.000369568j -0.00239181+0.00360259j -0.00429988+0.00446992j 0.000872441+0.0018098j -0.000794576+0.00190666j -0.000233499+0.000892064j 3.54528e-05+0.00225682j 0.000873446-0.000799101j -0.00105827-0.00301163j -0.000304729+0.00400023j -0.000508161-0.000511595j -0.00559453-0.00125614j 0.00477641+0.000586175j -0.000124777-0.00265903j -0.00136197+0.00530488j -0.00201561+0.00182798j 0.00155166-0.00137101j -0.000311427-0.00256127j -0.00308786-0.00199266j 0.00157584-0.0023856j -0.000350356+0.00132944j -0.00684312-0.00142641j -0.00241039+0.00567092j 0.00331073+0.00250996j 0.000634474-0.00133078j 0.0088598-0.00174583j 0.00178886+0.00127911j 0.000863959+0.00510216j -0.000823137+6.54331e-05j -8.77928e-05-0.00727874j 0.000893399-0.00541171j 0.00197137-0.00283555j 0.00455763-0.00781001j -0.00222944+0.0044151j 0.000909369-0.00194333j -0.00551303+0.00263638j 0.00572074+0.018199j -0.0020333-0.000824072j -0.00211463+0.000798059j 0.010671+0.00298113j 0.0048673-0.00143175j 0.00520535+0.00229156j -0.00272342-0.00655371j 0.00141285+0.00123612j -0.00570063-0.00461624j -0.00542087+0.00270731j 0.00330516+0.00127781j 0.00310323-0.00427253j 0.00234293-0.00983922j -0.000442214-0.000518578j -0.00124333+0.00447505j -0.00266781-0.00334067j -0.000263477+0.00548979j 0.00434111+0.00194822j -0.00401737-0.00224931j 0.00366237-0.00096303j 0.00115463-0.00788121j -0.00107052-0.00193946j -0.00168192-0.00222313j -0.00204885+0.00232988j -0.000383025-0.00551553j -0.003227-0.00224915j -0.00284872+0.000201363j 0.00506607-0.00267071j 0.00169284+0.000827432j 0.00205216-0.00165618j -0.000140359+0.000374843j -0.000922372-0.00228765j 0.00572706-0.000575892j -0.000126611+0.000962047j 0.00261262-0.000384471j -0.00357339+0.00158183j -0.00227981+0.00172086j 0.00053914-0.000629988j -0.000218589+0.00121704j -0.00342058-0.0015478j -0.000193034+0.00263346j 0.00158446-0.00137105j 0.00190322+3.51376e-05j -1.79263e-05+0.000106099j -0.00122733-0.00168458j 0.000454368-0.000258824j 0.00174429+0.000791205j 0.000822514-0.000301117j 0.000590276+0.00062092j -0.00157347-0.000856658j 0.000610654+0.000140359j -0.00073619-0.000879871j 0.000702421+0.000111242j 
-0.0803405+0.0222246j -0.00413116-0.0531694j -0.0640928+0.0137462j -0.0302411-0.119958j -0.0382754+0.0735968j 0.00617081-0.00460818j 0.00639954+0.0109359j 0.00770629+0.00487826j -0.0120862-0.00532486j -0.0084359+0.0138225j -0.0110235+0.00491827j -0.00403741+0.02013j -0.00760007+0.00019507j 0.000743982+0.00562125j 0.00506623-0.00397844j -0.00769112-0.00455566j 0.00314327+0.0140891j 0.00374516-0.00709517j -0.00457159-0.0018648j 0.0138651-0.000987137j 0.0001321+0.0065633j -0.0119832+0.0162819j -0.00614015+0.00115015j 0.00369023+0.00091126j -0.00349553+0.00549767j -0.0050783+0.00084516j -0.00176143-0.0152263j 0.00530382-0.0096106j -0.00246571-0.00439435j 0.00231725+0.0136782j -0.00928836-0.0134417j -0.0248181+0.00552891j -0.00633836+0.010453j -0.0059823-0.00115123j 4.01248e-06-0.00162421j 0.00112886-1.99518e-05j 0.000951148-0.00231065j -0.00289977+0.000855629j -0.000435867-0.0033611j -0.000373749-0.000598337j -0.00237701+0.002587j 0.000603705+0.00171277j -0.00210555-0.00249106j -0.00272903-0.00263489j 0.00328437-0.000493102j 0.00140095-0.00105772j 0.000985821-0.00632536j 0.00400139-0.00168487j 0.00448825+0.00215466j -0.000866971-0.00110057j -0.00353707-0.005262j 2.52833e-05-0.007354j -0.0107449+0.00532201j -0.0108897-0.00478128j 0.0103864+0.00189754j -0.0170501+0.000614783j 0.00542729-0.00970523j -0.00452479+0.0100461j 0.00873767+0.00894204j 0.00882752-0.00730717j -0.0160637+0.00542375j 0.000733089+0.000255726j 0.00282399-0.00653172j 0.00394321+0.0111145j -0.00304857+0.000277804j 0.00241471-0.000100589j -0.0061555+0.000226675j 0.000705389+0.0040906j 0.00618435-0.00841084j 0.011179+0.0016382j -0.00181592-0.00505129j -0.000187789-0.011811j 0.00835553-0.00334361j 0.00401048-0.00117726j -0.0045874-0.00272834j -0.000692471-0.0063763j 0.000576164+0.000951467j -0.00028355+0.00165911j -0.000472713+0.000151441j -0.000932028+3.59868e-05j 0.000224333+0.000135241j 0.00164998-0.00142237j 0.000605812-0.000785636j -0.000975863-0.000305777j 0.00260873-0.00124559j 0.00337759-0.00215623j -0.00187115-0.00172352j -0.00340681-0.000479196j -0.00242751+0.000272414j -0.000421512-0.000492911j -0.00164355-0.000959976j -0.0016621+0.000559241j -0.00501354+0.000329441j -0.00124956-0.000967544j -0.00381321+0.000959055j -0.00245831+0.0024454j 0.000603449-0.0020327j -0.00143819-0.00156403j 6.18735e-05+0.000410923j -8.81168e-05+0.00282842j 0.000775871+0.00135648j 1.58486e-06+0.00122745j -0.00419448-0.000904977j -0.00042396+0.000468236j -0.000447819-0.000328128j -0.000500989-0.0050411j -0.0069134+1.23815e-05j 0.00101519+0.00582727j -0.00277803-0.00541212j 0.00146497+0.00141005j 0.00584096-0.0030606j -0.00247681-0.00032909j 0.00265805-0.0042707j 0.00781697+0.00269272j -0.00119404-0.00452998j 0.00450012-0.0063438j -0.00402564-0.00106395j -0.0039648+0.00199597j 0.00392333+0.00217687j -0.00390389-0.00847632j 0.00138279-0.00283346j 0.0018899+0.00716837j 0.000206886+0.00549167j -0.00500972+0.00196664j -0.0054147-0.00631782j 0.00418857+0.0100641j -0.0096638+0.006549j 0.000935753-0.00328616j 0.00232621+0.00465017j 0.00164076+0.00670698j 0.000234334-0.00465716j -0.00651155+0.00784778j 0.019796-0.0017147j -0.00615895-0.000190831j 0.00332574-0.00124559j -0.00947712+0.000320818j 0.00672521+0.0151669j -0.00160535+0.00333783j 0.006116-0.00241046j -0.00380102-0.00560086j -0.00128481-0.00088824j 0.00213761+0.00811538j 0.00446907-0.0066919j -0.00726103+0.00279823j -0.00605605-0.001801j -0.00357716+0.0043422j -0.00101922-0.00859688j 0.00246202+0.00237539j -0.00358226-0.00577846j 0.0026897+0.00679529j 0.00690876+0.00370053j -0.00635785+0.00872129j -0.00245683+0.00367579j 0.00385595+0.00405687j 0.00115538-0.0100209j 0.00463871+0.00455896j -0.00208002+0.00152614j 1.42818e-05+0.00385692j 0.00197805+0.00495357j -0.0029285+0.00985971j -0.000497498-0.000291849j 0.00426404-0.000184719j -0.00382729+0.00207086j -6.51297e-05+0.00346326j -0.00512066-0.00173413j -0.00367963+0.00486741j -0.000239459-0.00401394j 0.000404622+0.00407368j 0.000136387+0.000610286j -0.00249124+0.00325087j -0.000679858-0.00227701j 0.000854279+0.000782431j 0.0032336+0.00269621j -0.000508812-0.000929912j 5.43908e-05-0.00264893j 0.00111646+0.000922202j -0.00330248-0.0027795j -0.00222709-0.00309698j 0.000316699+0.00124002j -0.00221212+0.000816523j 0.00270503+0.00399281j 0.00130378-0.00347287j -0.00302116-0.00361774j 0.000189852+0.00119483j 0.0003035+0.00105618j 0.00125104+0.00345405j -0.00205052+0.000358995j 0.000592162+0.000271638j -0.000580965-0.0021622j 
-0.0207468+0.186247j -0.086053-0.183419j -0.0348257+0.0231858j 0.0912592+0.0509455j 0.0742853+0.0113051j 0.00664038-0.0151219j 0.0196338+0.0395003j -0.019276-0.0244964j 0.00795175+0.00759266j -0.0202374+0.0101821j -0.00360396-0.0205946j 0.0017834+0.0114536j -0.00273501-0.00344366j -0.0039857-0.00556906j -0.00376905-0.00247233j 0.00303746-0.00743663j 0.000265869+0.0021161j 0.00141485+0.0071869j -0.00183382+0.00732265j -0.00262098+0.000959518j -0.00338215+0.000941903j -0.00449582-0.000371072j 0.0206028-0.011309j 0.00840083+0.00583503j 0.000704936+0.0035218j 0.0064366-0.0122966j 0.0106047+0.000143009j -0.00763877+0.000653179j 0.00358251-0.00824439j -0.00713103+0.00694176j -0.00450052+0.0019927j 0.00692135-0.0130602j 0.00452909-0.00591158j 0.00420406-0.000344632j 0.00059533-0.0011724j -4.97233e-05+0.00121279j 0.000980503+0.0012906j 0.000125788-0.00461583j 0.0019995-0.00503308j -0.000917927+0.00225711j -0.000130386-0.000808535j 0.00546705-0.000214368j 0.00144124-0.00161069j 0.0031845-0.00111583j 0.000699933-0.000125892j 0.0028713-0.00303404j -0.00465913+0.00519348j -0.0035842+0.00108798j 0.0047723+0.00145561j 0.00164034+0.00222789j 0.00159948+0.00451989j -0.00462741-0.00219941j 0.00689841-0.00579618j 0.00310086-0.0115676j -0.00498541-0.00214666j -0.00523691+0.00214543j -0.00565817+0.000470087j 0.00360208-0.00370279j 0.0131911+0.00347095j 0.00517586-0.0102279j 0.00389831-0.010861j 0.00411909-0.00175495j 0.0110774+0.00124074j 0.00405062+0.00300168j 0.00556331-0.00338933j -0.0108035+0.00237784j -0.00295233-0.00638146j -0.00020327+0.00227002j 0.00374672+0.00464604j -0.00636769+0.000538666j 0.0025151+0.00170082j 0.00292993+0.00832535j -5.84614e-05-0.00130088j -1.89506e-05+0.0029175j 0.0015452-0.000608105j -0.00105318+0.00345627j -0.000367826-0.00215196j 0.00124594-0.00068006j 0.000901986-0.000442116j 0.000208328-0.000249502j -0.00039606+0.000392402j -0.000255905-0.000285723j 0.000627413+0.000446207j 0.000554405+0.00118258j -0.000298959+0.000674201j -0.000271653+0.00146953j 0.00353905-0.00115686j 0.000230519+0.00222549j 0.001334+0.000392221j -0.00040601-0.000560716j 0.00199847-0.00107039j 0.00142597-0.00247087j 0.00266066+0.000291388j 0.00167937+0.00254834j 0.000862327-0.00161737j 0.00176703-0.000331065j 0.00259549+0.003696j -0.000796366-0.00272576j 0.000143304-0.00133435j -0.0015315+0.000969962j -0.000369077+0.00204029j -0.00234667-0.00163722j 0.00588345-0.0018303j 0.00134617-0.00468402j -0.000507897-0.00131453j 0.000673775-0.00163766j 0.00261443+0.00119201j 0.00200406-0.00460006j 0.0074253-0.00135949j -0.000786481-0.00270024j 0.00199476-0.00189866j 0.000940161+0.00168888j 0.0011538-0.00058508j -0.00675525-4.02761e-05j 0.00119701+0.00062985j 0.00479563+0.00125861j -0.00129212+0.00158319j 0.000530055-0.0039166j 0.00566344-0.00118845j -0.00546213+0.00292821j -1.28089e-05+0.00444531j -0.00606808+0.00868433j -0.00854333-0.00570979j 0.000916251-0.00832128j 0.0113222-0.00328094j -0.00193919-0.000532449j 0.00289091+0.00802968j 0.000510888-0.00345154j -0.00588505-0.00731135j 0.000549516+0.00290931j -0.0113634+0.000527571j -0.0033844-0.00305536j 0.00177626+0.00453079j -0.00124735+0.000213265j 0.00334225-0.0041035j -0.00589052+0.00690895j 0.00729894+0.00750194j 0.00648001-0.0030214j -0.00135365+0.00223201j 0.00751383-0.00322852j -0.00750122-0.000324849j -0.00997645+0.00751986j 0.00285215-0.00706566j -0.00328246-0.00391524j -0.002483-0.00568505j -0.00164174+0.00846885j 0.0058877-0.00180734j 0.00488735+0.00472534j -0.00476678-0.00265623j -0.00299048+0.00155685j 0.00148683+0.00235983j 0.000154911-0.000936361j 0.00477918+0.00178218j -0.000565915+0.00202688j 0.0023861-0.000248619j 0.00337974-0.000423379j -0.0017993+0.00295833j -0.00114029+0.00218511j -0.00560363+0.0050731j 0.00272316-6.06886e-05j -0.0033477-0.00181598j 0.00201185+0.000177082j -0.00236589+0.000135608j -0.0020692+0.000675107j -0.00402281+0.000165759j -0.00043878-0.00111554j -0.00043875-0.00119212j -0.000248899-0.000584706j -0.00389661+0.0022423j 0.00296897-0.0008789j -0.000453481-0.00182086j -0.000872706+0.000233664j -0.00132876-0.000460915j -0.00178952+0.000270187j -1.36813e-05-0.000290678j 0.000580509+0.00135263j -7.24883e-05-0.000881116j 0.000784984+0.000381505j 0.000830143+9.422e-05j -0.000458617+0.00198882j 0.00157142-0.000294649j 0.00051979-0.000922888j 5.20963e-05+0.0010784j 0.000871745+0.00100592j -0.000145809-0.000967801j -0.000498549+0.000887931j -0.00014284+0.000923282j -7.17719e-05-0.000212531j -0.000130031-0.000906198j 
0.0657713+0.0663684j -0.0766393-0.064861j 0.0105785+0.0200915j 0.0935087+0.0722121j -0.109986-0.0988169j -0.00419181-0.00834358j -0.00485238+0.0205113j 0.00843785-0.00631704j 0.01006+0.0242195j 0.00855736-0.00862093j -0.0245658+0.00235202j -0.0159115+0.018917j 0.0045347-0.00443689j 0.00334098-0.0016192j -0.000410981+0.00274661j 0.00458732-0.00747938j 0.0112719+0.00634286j -0.00360731-0.00433307j 0.00228417-0.000552968j -0.00909794+0.0126627j -0.00725482+0.00609209j -0.000334933+0.00349777j 0.00459222-0.00934121j -0.00760243+0.000467795j 0.00487316-0.00282012j 0.00217428+0.00757171j -0.00357797+0.00585892j -0.00742235+0.00581421j -0.00259689+0.00914839j 0.0087164-0.0104999j -0.0055289-0.000979569j -0.00611006-0.000256267j 0.00216998+0.00464189j -0.00108962+0.000124836j -0.00032732-0.000284186j 0.00142429-0.00133841j -0.0023481+0.000309476j 0.00172333-0.00101902j -0.00617947-0.00163321j 0.0032217-0.00226387j 0.00687624-0.00301007j -0.00352233+0.00137116j 0.000214234+0.00132271j -0.0035064-0.00111774j 0.00807217-0.00588194j -0.00196464-0.0027126j 0.000892243+0.00282571j 0.00437442+0.0115525j -0.0128132+0.00772502j -0.00171026+0.0019342j -0.0153972-0.00475155j -5.56317e-05+0.00281993j -0.00319244-0.00347679j 0.00461132-0.013149j -0.0121659+0.0203023j 0.00284274-0.00834927j -0.0129687-0.00275339j 0.00286213-0.00344561j 0.00123075+0.00542461j -0.00301385-0.00165488j -0.00374197+0.00411873j -0.0182633+0.0143195j -0.00911251+0.0126343j 0.0101313+0.00843854j -0.0094484-0.00638713j 0.000215407-0.00499927j 0.0135322+0.00199067j 0.00876968-0.00830402j -0.000802984-0.00813162j 0.00187304-0.0100154j 0.00307736-0.00137892j 0.00261228-0.00820734j 0.00354605-0.000775758j -0.00329709-0.00547905j 9.63668e-05+0.00456821j 0.00297524-0.00407503j 0.00273872+0.00415188j -0.00189267+0.0011019j 0.000444594+0.00131319j 0.000536841+0.000900251j 0.000229347+0.000242423j 5.28362e-05-0.0012019j -0.0017761-0.000228097j -0.0014677-6.5382e-05j -0.00163899-0.00162624j -0.00202068-0.00240186j -0.00538661-0.00179152j -8.66965e-05+0.00053424j 0.000152905+0.00184111j 0.00107778+0.00163807j -0.000695277-0.0012664j 0.00274365+0.00133427j -0.000413774+0.000914032j -0.000633257-0.000353758j 0.00161072+0.00288808j -0.00326878-0.00021904j -0.00459835-0.00592147j -0.00177885-0.000321185j -0.0016115+0.000129137j -0.00042539+0.00364361j -0.000735473+0.00210384j 0.00096534+0.00260538j 0.0016542-0.00245842j 0.00310257+1.83906e-05j 0.000207955+0.000309884j 0.00207021-0.00226905j -0.00369112+0.00201032j -4.97104e-05+0.00071666j 0.00540746-0.00117918j -0.0025123-0.000906456j 0.000243755-0.00231308j -0.00282294+0.0037449j 0.0025477-0.00197242j 0.0012848+0.00323135j 0.0021788-0.00386045j 0.00796669-0.0104574j 0.00336457-0.000997719j -0.0023083-0.00094454j 0.000397119-0.00397578j -0.00107486-0.00322059j -0.00176852-0.00497296j 0.00363578+0.00159819j 0.00377013-0.000594383j 0.00061699-0.00326649j -0.000775947+0.00338646j -0.00238779-0.00378012j 0.00273514-0.00203163j -0.00368262-0.000757715j -0.000562615-0.000969142j 0.00392529-0.000666621j 0.00562718+0.00197405j -0.00492903-0.00662749j 0.00564726-0.00916361j -0.000272464+0.00555426j 0.00646407+0.000340929j -0.00594577+0.00683693j 0.00390463+0.00372109j -0.00558347-0.000800722j 0.00221217+0.00024247j -0.00380665-0.000375601j -0.000743582-0.00616486j -0.00198933-0.00323582j -0.00110349-8.7609e-05j 0.00498977-0.00181889j -0.000737066-0.000136542j -0.000440374+0.00444314j -0.00623111+0.000511335j 0.00168765+0.00169846j 0.00166706-0.000136672j 0.0016123-0.00376768j 0.00796779-0.00317423j -0.00272502+0.00217123j -0.00571565+0.00772627j -0.00191605-0.000667365j -0.00176661-0.000584262j -0.000364759-0.0021278j 0.00207618-0.00378549j 1.21969e-06-0.00074534j -2.46633e-05-0.00272376j 0.00137069+0.00241789j 0.000836236-0.00169686j 0.00233231-0.0034937j -0.000928406+0.00214805j -0.00235151+9.31481e-05j 0.00166064+0.00254516j 0.00177765+0.000348698j -0.0013046-0.00109762j 0.0026182-0.000632684j 0.00156375+0.000447578j 0.000250423+0.00141385j -5.19065e-06+0.000868762j 0.00651249+0.00419334j 0.00150308-0.000301631j 0.00222922+0.000654598j -0.00171923-0.00164837j -0.000491294-0.000467262j 0.000615057+0.00226195j -0.000331106+0.000345727j -0.00167505-0.00268677j -0.000687784+0.000718874j -0.000413507-0.00191677j -0.00324613-0.0026964j -0.000841272+0.000491616j -0.00175827-0.00160133j 0.00168014+0.000873826j 0.000663711+0.000318464j 0.000584109+0.00187343j -0.00084675-0.000260159j -0.000481282+0.000510452j 
0.065264-0.0156178j 0.0725206+0.0402719j 0.0390638+0.0248373j 0.105622-0.0213173j 0.0102867-0.0508284j -0.0244146+0.0195657j -0.0202147-0.00547224j 0.00944622-0.0293762j 0.00257175-0.00013689j -0.00663511+0.00878846j -0.0104151-0.0172934j 0.01914+0.0240408j 0.000125043+0.0137023j 0.0132198-0.00392355j -0.00339706-0.00760289j -0.0047492+0.0130307j 0.0260875+0.00536016j 0.0048474-0.00887833j -0.00231675+0.00639669j -0.00574131-0.0058173j -0.00446194-0.00251383j -0.00110214-0.00307216j 0.00970167-0.0107428j -0.00492281-0.00426127j -0.0119357+0.00141611j 0.00240885-0.0132931j 0.00631921-0.00194561j 0.0103132+0.00855319j 0.0101254-0.00601097j -0.00621876+0.00498856j -0.0225742-0.00179209j -0.00755173+0.0113174j 0.00997645+0.00382807j 1.87689e-05+0.00278565j -0.00243158-0.00378689j 0.00256512-0.00217405j -0.00520503-0.00452255j -0.00338085+0.00605109j -0.0107788-0.00441861j 0.000788207-0.00436764j -0.00097857+0.00464484j -0.00191423-0.00268535j -0.00443103-0.00246378j -0.00521101-0.00255105j 0.00349846-0.0116686j -0.00264248-0.0094372j -0.00507749-0.00147171j 0.00426341-0.00501287j -0.00552325-0.000774788j -0.00562044+0.00716837j -0.00275838+0.00417973j 0.00510529-0.00264964j 0.0121323+0.00945016j 0.00546166+0.00565947j 0.00646452-0.0107505j 0.0026387+0.00104277j 0.0130304-0.00152482j -0.00394174-0.00218132j -0.0140385-0.000876788j 0.00315863+0.000861466j 0.00601224-0.00585452j 0.00386035-0.0108056j -0.0135997-0.00260758j -0.00847488-0.000884427j -0.00149679-0.00490078j -0.00664107-0.00496185j 0.00310291+0.00309426j 0.00115782+0.00560573j -0.00674624+0.0036463j 0.00023672-0.0116417j -0.00298092+0.00403811j -0.00515053-0.00618675j -0.000766654-0.0079705j -0.00306677+0.00282966j -0.000901883-0.000584883j -0.00228256-0.00157003j 0.00188162-0.00497787j 0.000246327-8.22631e-05j 0.000246204+0.000114622j 0.000329242-0.000227973j 6.56366e-06+0.000377353j 0.000349652+0.000167642j 0.000416122-3.65574e-05j -0.000119503+8.36588e-05j -0.00108651+0.000246557j -0.00185705-0.000214349j -0.000336396+0.000147338j 0.00116489+0.00226778j 0.00273255-0.00112799j -0.00086239-0.00251572j -0.000187978-0.00107859j -0.00104982-0.00155386j -0.000398352+0.00116196j -0.00108564-0.000185441j 0.000693199-0.00182929j 0.000997038+0.00294655j -0.00250979+0.000536838j 0.00118998+0.00204782j -0.00121591-0.0022009j 0.000471333+6.41642e-05j -0.000218133-0.000114481j 0.000488802-0.00207507j 0.000293926-0.000275017j 0.00123273+0.000230398j 0.00211448+0.00373468j 0.000631519-0.0020855j 0.00146815+0.0045654j -0.0012785+0.000714111j -0.00282576-0.000222935j 0.002115+0.00236805j 0.000525701+0.000643289j -0.00444676+0.00341121j 0.00475153-0.00311049j -0.000241644+0.00292321j 0.00220989+0.00107471j -0.00330099+0.00239129j 0.00060574-0.00185822j -0.00157417-0.00237148j -0.00542446+0.00343982j 0.00350283-0.00868968j 0.00360161+0.0010732j -0.0122944+0.00429754j 0.00370613+0.00363721j 0.00227733-0.00421915j -0.00168559-0.00108415j 0.00226264-0.00541281j -0.00365664-0.00131j 0.0106266+0.00322982j 0.00924488+0.00445667j -0.0130661-0.00705049j 0.00161693-0.0021463j 0.00556463-0.0035168j -0.00229365-0.000498893j -0.00177546-0.000581592j -0.00289029-0.00062254j -0.00605262+0.000264641j 0.00624712-0.00252518j 0.00185927+0.00640998j -0.00386028+0.00294773j 0.00996961-0.00428567j 0.0106731-0.00627985j 0.00396989+0.00190041j -0.00384623+0.00444075j 0.00121328-0.00236854j 0.00354449+0.00207763j 0.0020478-0.00357275j 0.00118073-0.00119928j -0.011921-0.0051276j -0.002777-0.00915847j 0.00234444+0.00345535j 0.00280259+0.000491121j -0.00194724+0.000456998j 0.000771618-0.00130111j 0.00355716-0.00128172j 0.000338021+0.0019548j 0.0001668+0.000846881j -0.00416418-0.00560335j 0.000129579+0.00027494j -9.92035e-05+0.00139658j -0.00322264+0.00202458j 0.000377801-0.000990669j -6.3514e-05-0.00147097j -0.00238466+0.000367649j -0.000299693+0.00138223j 0.000429478+0.00164654j 0.0020043-0.00291772j -0.000818676+0.00139909j 0.000814116-0.00151166j 0.000936123+0.00156937j 0.000873305-0.0017191j 0.000114285+0.00128265j 0.000986449+0.00177611j -0.00144937+0.00288358j 0.00119554+0.000545629j -0.00253536+0.000650527j -0.00141075-0.00213233j -0.000935999+3.90281e-05j -1.82245e-05-0.00240803j -0.000946621+0.000347519j 0.000675252+0.000116037j -0.000902218+0.000209877j -0.00146106-0.00158537j 0.00097403-4.71212e-05j -1.03877e-05-0.000655269j 0.00191329+0.000463039j -0.00061215-0.00010552j 0.00190532+0.000486384j -0.00122987-5.1166e-05j 0.000376053-0.00040277j 
0.0077005-0.052012j -0.0376605+0.0148793j -0.110082-0.0121123j 0.0418555+0.0987497j 0.088319-0.243975j 0.00654805+0.00527242j -0.00783659-0.0060526j -0.00222245+0.00813478j 0.00969029+0.0155296j -0.000948022-0.0223458j 0.0171503-0.0113189j 0.0235343-0.0318372j 0.00553208-0.00303936j -0.000590384-9.70426e-05j 0.00414199+0.00350084j 0.00470607-0.000712031j -0.0037999-0.000455478j -0.00725782-0.00897019j -0.00531621-0.00724089j 0.00863625+0.0135568j -0.00480991+0.00187792j -0.0112326-0.000459167j 0.00424752+0.00785927j 0.00158263+0.00749924j 0.00788022+0.00405174j 0.0165585+0.00106957j -0.00186315+6.98297e-05j -0.0156874-0.0124848j 0.00327039+0.000328936j 0.00171046+0.00455163j -0.00492285-0.0113011j -0.00054997+0.0130072j 0.00119291+0.0103191j -0.00128783+0.00131139j -0.000750322+0.00116899j 0.000255016-0.00111665j 0.000745868-0.00188243j 0.000898739+0.00297505j 0.000518629+0.00409783j -0.000826783-0.00439442j -0.00168861-0.00294006j 0.00329444-0.00189556j -0.00162765+0.00413414j -0.00269013+0.00548272j 0.00235809-0.00686755j -0.00466544+0.00569411j -4.43291e-05+0.000871215j 0.000601445-0.00487643j 0.00530983+0.00367681j 0.00709501+0.000170495j 0.000100322+0.00253356j 0.00745878-0.000541495j 0.00621288-0.00899467j 0.00351855+0.00443986j 0.0110878+0.00351283j -0.00591678-0.00490078j 0.00747011-0.0014154j -0.0045844+0.00722794j -0.00463415+0.00372092j 0.0100158+0.0100214j -0.00482382-0.00186238j -0.00610222-0.00799155j 0.00199089+0.00455671j -0.00158246+0.00429566j -0.00543011+0.00277932j -0.00509545+0.00362944j 0.00357577+0.00247292j -0.00161466+0.000106648j 0.00206372+0.00751183j -0.00223153+0.00256398j -0.000374108+0.00211997j -0.0042731+0.00232264j 0.00556446+0.00679717j -0.00256984+0.00302013j 0.00164551-0.000129647j -0.00257421+0.00045703j 0.00286084+0.000455564j 0.000186597+0.000487399j 0.000704798-0.000454367j 7.21465e-05-0.000277801j -0.000124408-0.000443292j -5.59813e-05+0.000186595j -9.46467e-05-0.00042097j -0.000266752+0.000105344j 0.000328563+0.00115037j 0.000752006+0.000438614j -0.000100994+0.0027679j -0.0020609-0.000866384j -0.000603018-0.00122698j -0.000184203-0.000981841j -4.5334e-05+0.000260338j 0.00201306-0.000400755j -0.000743415+0.000275391j -0.000256972+0.000928355j 0.00191737+0.00066615j -0.00111357+0.001028j -0.000414937+0.000909788j -0.0025234+0.000527224j 0.00227797+0.00216506j 0.0031939+0.000422888j 0.00162519-0.000906031j 0.00282121+0.00494913j 0.00287781+0.00198727j 0.00240501-0.000873483j -0.00120856+0.00100019j -0.00102738-0.00201059j -0.00484922-0.0033971j 0.00582009-0.0012524j -0.00568559-0.00278257j 0.00278989-0.0014898j -0.000636578-0.00513732j -0.00151192+0.00334694j 0.000317351-0.00100031j 0.00371961+0.00187264j -0.000144081+0.00352962j -0.00326078-0.000441979j -0.00422231+0.000884641j 0.00242192+0.000871908j 0.0014515-0.00533223j -0.00601658-0.00120129j -0.00282078-0.00373657j -0.00846251+0.00581297j 0.00410853+0.00735405j 0.00119671-0.00725643j -0.000528951-0.00967279j 0.00319749+0.000262206j -0.00999308-0.00741117j 0.000792091-0.00198124j -0.00974793-0.00356935j -0.000582921-0.00141155j -0.0101588+0.00647406j -0.00532358-0.00651454j 0.00401953+0.00712472j -0.00123843-0.00150149j 0.0012802-0.00287333j -0.00215998+0.00522973j 0.00945327+0.00013062j 0.00527089-0.00159118j -0.000599156+0.00491578j 0.0042144-0.0053103j -0.00294339-0.00477669j 0.00639136-0.00677695j -0.00551155+0.00117419j -0.00861155-0.00454524j -0.00210083-0.00996866j 0.00948639-0.00322087j 0.000197309+0.00586347j 0.00333327+0.00419234j -0.00605008-0.00169981j 0.00216421-0.00305365j 0.00628728+0.00374695j -0.00461583-0.0035251j -0.00247857+0.001737j 0.00167144+0.000478198j -0.00223039+0.00221271j -0.00382703+0.00222143j 0.000449917-0.000347801j 0.000164621-0.000580589j 0.00658278+0.00200419j -0.00322753+0.0013175j -0.00134073-0.00242011j -0.000332368+0.00206541j 0.00029531+5.04338e-05j -0.00416786-0.00186867j -6.98392e-05-0.00264847j -0.00250457-0.000856354j -0.00166717+0.00137939j 0.000413353-0.00106388j 0.00120564-0.000213801j -0.00239006-0.00163787j -0.000891038+0.00068579j 0.00223354-0.00305424j 1.01824e-05-0.000794261j 0.00125673+0.000595642j -0.000256535+0.00260712j -0.000134191-0.0006952j 0.00156795-0.000320956j 0.00146635+0.00176441j -0.00231466-1.99154e-05j 0.00178534-0.00155661j -0.00239057+0.000217486j -0.000333486+0.00402816j 0.00197997-5.58505e-05j -0.00129268-0.00179998j -0.000409974-0.000851701j -0.000922907-0.00271527j 0.00123528-0.00240623j -0.000323468+0.00130659j 0.000958251+0.00225215j 
-0.0281728-0.129535j 0.0540131+0.0201792j 0.0059483-0.0629733j 0.0914269-0.0389764j -0.0258884-0.0209864j -0.00294363+0.0191773j -0.0181411-0.0231467j 0.00143719+0.0124962j 0.00838932-8.70869e-05j 0.0125818-0.00626407j 0.0123066+0.00400161j -0.00779388-0.000542351j -0.00493721+0.00317601j 0.00209396+0.00804811j 0.00170744+0.00518364j -0.00737201-0.00921861j -0.0107515+0.0100873j 0.0150597+0.0108062j 0.0116535+0.00103824j -0.0116664+0.00990008j -0.000650626+0.00162121j 0.00866943-0.00749914j -0.00534138-0.020016j -0.00225969+0.0056461j 0.00645881+0.0100505j 0.00398607+0.000552044j 0.0109122+0.0170124j 0.00207843-0.00468032j 0.00522719-0.00148551j -0.0132477-0.0054687j 0.0102997-0.00972929j 0.00254492-0.00780525j -0.00286416+0.00177992j 0.00048008+0.000153861j 0.00265403-0.000461833j 0.000941954+0.00247562j 0.00149211+0.00154162j 0.00150172-0.00385538j 0.00168451-0.00356155j 0.00547867+0.00335053j 0.00807906-4.75457e-06j -0.00131638+0.00310824j 0.00651397-0.00541752j 0.00443951-0.00602921j 0.00414231+0.00808295j 0.00681099-0.00414986j -0.000228703-0.00410729j 0.00678219+0.000403443j -0.00933538-0.000151984j -0.0029578-0.00063107j -0.00438255-0.00922602j 0.000880394-0.00490462j 0.0125271+0.00519338j 0.00166268-0.00629816j -0.00159199-0.000672406j -0.00446605-0.00827244j -0.00449619-0.0067765j -0.016183+0.000872321j 0.000989656+0.0136713j 0.00539724-0.00283904j 0.0119244+0.00109197j 0.0184307+0.00135648j 0.00351439-0.00557648j -0.00456598+0.00855077j 0.008332+0.00602956j -0.0015565-0.00433606j -0.00363245-0.00203158j -0.00655824+0.00456594j -0.00435446-0.00573089j 0.000570709+0.00253064j -0.00110701-0.00338947j 0.00773176-0.000670457j 0.00187287-0.00148164j -0.00111158-0.00385542j 0.001153+0.00130687j 0.00451722+1.4828e-05j 0.00131248+0.00243893j -0.00172648+1.25901e-05j -0.000823596+0.000876303j 5.83379e-05+0.00019627j -0.000309935-0.000575144j -0.000412887+6.17893e-05j -0.000534436-0.000625644j -1.89313e-05-0.00115279j -0.000455891-0.00154911j -0.000879453-0.00294936j 0.000305155-0.00125223j -0.00066756-0.000874541j -0.000944634+0.00373425j 0.000938005+0.000380353j 0.000151437+0.000358459j 5.17e-05+0.00302132j -0.000854743+0.00266745j -0.00129337+0.00107639j -0.00205517+0.00529571j 0.00183079+0.0025128j 9.1227e-05-0.00207988j 0.000350786+0.0015125j 0.000609174-0.00368646j -0.00143915+0.00123345j -0.00269543+0.00188612j 0.000160458-0.000588657j 0.00354572+0.00491808j 0.00664248+0.00311393j 0.00401584+0.0035777j 0.000663163-0.00256159j -0.00500408-0.00262856j 0.00437421+0.00380849j 0.00291045+0.00264929j 0.000914329-0.00556735j 0.00229229-0.0102204j -0.00139247+0.00458523j -0.00101363+0.00594234j 0.00154633+0.00585844j 0.000174134+0.00536436j 0.00796261-0.00165353j 0.00176053+0.00743307j 0.00382186+0.00918416j 0.0069695-0.00651059j -0.00332616-0.00224608j 0.000479272-0.00842693j -0.0071615-0.00198229j 0.0052913+0.00391166j 0.00486182-0.00445906j 0.00447701-0.00143234j -0.00731138-0.00157478j -0.00358678-0.0112544j -6.42272e-05-0.00379014j 0.00355617-0.00255174j 0.00235422-0.00573145j -0.0055471+0.0145057j 0.00277559-0.00174878j 0.0111291+0.00100394j -0.00604695-0.00204824j 0.00761898+0.00236958j -0.0168836-0.00168473j -0.00108768-0.00866989j 0.00493379+0.00453507j -0.000554128-0.00445375j -0.0050207+0.00495117j 0.000744748-0.00381072j -0.0115819+0.00182791j 0.00273968+0.00492222j 0.00144072-0.0116812j 0.00596426-0.000805378j 0.00160785+0.00656515j -0.00054353-0.00322633j -0.00156586+0.00410784j -0.00584287+0.00853156j 0.00238888+0.00113727j 0.00251507+0.003822j 0.00235848+0.00146005j -0.000261997-0.00708986j 0.000213831-0.0018256j 0.00576696-0.00140947j 0.00679908-0.00191713j 0.0017872+0.00336115j 0.00255726+0.00159148j -0.001761+0.00731942j 0.00274745+0.000218962j -0.000561195+0.0045151j 0.00294376+0.00206308j -0.0054409+0.0017209j 0.00341625-0.000360856j -0.000566768+0.00148216j 0.00328368+0.00162282j 0.00147227+0.000344238j -0.000717161+0.00059234j 0.000188766+0.00193624j 0.0021008-0.00116464j -0.00280447-0.00202853j -0.00058582-8.21265e-05j 0.000976546+0.000955074j 0.000874835+0.00197951j -0.000239625-3.55798e-05j 0.000226067-0.000387517j -0.00225428-0.000769526j -0.00210763+0.000350748j 0.00222171-0.000663874j -0.00418252-0.00124593j 0.0009914-0.000556936j 0.000563604+0.000940161j -0.00325224-0.00139459j -0.000811758-0.00147012j 0.00164008+0.000323641j -3.9552e-05+4.38725e-05j -0.00198554-0.000344761j 0.000851542+0.000350218j 0.000366841+0.000270298j 
-0.0148405+0.0125387j 0.0255231-0.0800561j 0.0885905-0.0586968j 0.0933126+0.0168682j 0.0324815-0.129508j -0.00180507+0.00569106j 0.000984256-0.011584j -0.00393998-0.00441737j 0.00997203-0.0113185j 0.0143937+0.011097j 0.00574604-0.00802707j -0.00482077-0.044537j -0.00760432+0.00687801j 0.0022779+0.00786151j 0.00315333-0.0012791j -0.0132577+0.00072006j 0.00165384+0.0222638j 0.0134556-0.0085126j 0.000797289-0.0060144j 0.000236893+0.00705212j 0.00262949+0.00180691j 0.00933385-0.00446878j -0.00137942+0.00137847j -0.00498436-3.92259e-05j 0.0072891-0.0136996j -0.008632-0.0081295j -0.000187681+0.00887856j -0.0105862+0.0209457j -0.00531509+0.00189364j 0.00621415-0.000718889j 0.000574006-0.0205876j -0.00201911+0.000652679j -0.00181676+0.00922647j -0.00116144-0.000275959j 0.000788413-0.00281657j 0.00296744+0.0018422j 0.003339-0.00572679j -0.00659583+0.001199j -0.00102591-0.00771189j 0.00267408-0.0014529j -0.00307736-0.000801392j 0.0041676-0.00778805j -0.00282348-0.00137967j -0.00472684-0.00345953j 0.0103791-0.00421745j 0.000680187+0.000528547j -0.00385103-0.00180639j -0.00301015+0.0134848j 0.00575351-0.0038717j -8.76137e-05-0.0111495j -0.00323369-0.00759013j -0.00161117+0.00340874j -0.00279738+0.00818102j 7.36989e-05-0.0054568j -0.00240044+0.0145057j 0.00223969+0.00445383j -0.000220257+0.0142617j 0.0118547-0.000619656j 0.0026697-0.0135512j -0.00227145-0.00480546j 0.00519482+0.00405316j 0.00130259+0.0132615j -0.00916989-0.000694314j 0.0066602-0.011967j 0.00338695-0.00248981j 0.00302223-0.00112687j 0.00189122-0.00355371j 0.00822252-0.00419412j -0.0044698-0.00502396j 0.0103497+0.00691824j -0.000795346-0.00266942j 0.00517769+0.00297383j 0.00514231+0.00513523j -0.00394166-0.00287047j 0.00134088+0.000591636j 0.00120403+0.00117425j 0.00281109+0.00355556j 0.000196315+0.000213875j 4.17607e-05+3.81646e-05j -0.00074746-0.000141866j -0.000187416+4.08311e-05j 0.000336174-0.000313295j 0.00150684-0.00125396j 1.51271e-06-0.000213361j 0.00162038-0.000398559j 0.00308484-0.00143398j 0.000909446-0.000943033j -0.00490499+0.00150392j -0.00039038+0.000564795j -0.00133796-0.0022311j 0.000255471-0.000558946j 0.000568992-0.00127303j 9.34821e-05+0.00069227j 0.000371657+0.000784011j -0.00131704+0.000415132j 0.00428455+0.0018722j 0.003031+0.000214635j -0.00741658+0.000124426j 0.00207307+0.000321228j 0.00266258+0.00471095j 0.00278455+0.00168626j 0.00187229+0.00221492j 0.00461869+0.00322285j -0.00111981-0.00100781j 0.000389338-0.000420454j 0.000289157-0.00408788j 0.00136948+0.00198933j -0.000260033+0.00710164j -0.000376964-0.00321364j 0.00127534+0.00402314j 0.000835668+0.000696634j 0.0032904+0.005389j 0.00383642-0.00453922j 0.00280309-0.0047038j 0.003212+0.000614834j -0.00123263-0.00216989j -0.00314583-0.00656375j -0.00183394+0.00432499j 0.00073742+0.00565656j -0.00128464-0.0092558j 0.00305279-0.00399579j 0.00336234+0.00277687j -0.00592322-0.00276902j -0.00628907+0.00313978j -0.00196738+0.00471929j 0.00141186+0.00471521j -0.00628783+0.0036821j 0.00620528-0.00139598j 0.0105593-0.00445525j -0.00780113+0.00676063j 0.00250444-0.0162464j 0.000443581+0.00374033j -0.00391748-0.00471256j 0.000193288+0.00107884j -0.00308986-0.00309519j 0.00170571+0.00625313j 0.000381312+0.000475434j 0.00298435+0.00569373j 0.000713142-9.67045e-05j 0.000530168-0.0018539j -0.000500064-0.00810168j 0.0028013+0.00155441j 0.00555816+0.00226005j -0.00280699-4.56248e-05j 0.00208496-0.00239108j -0.00323868-0.00592768j -0.00158907+0.00145488j -0.00848133+0.00243973j -0.00217508-0.00268639j 0.00207213+0.000177421j 0.000948999+0.00217995j 0.00115226-5.53193e-05j -0.000684469-0.00401157j -0.00017322-0.00472466j 5.93267e-05-0.00199019j -0.0014808-0.00168535j -0.00532374-0.0010282j -0.000687149-0.00156537j 0.000325069+0.0002397j 0.00112161+0.00250687j 0.00107419-0.000285307j 0.00172896+0.00185455j 0.00101421+0.00222156j -0.00348645-0.00406516j -0.00129135-0.00199834j -0.00141733-0.00204237j 0.00198768+0.00102111j 0.000641874+3.38645e-05j -0.00634791-0.0027709j 0.0009339-0.000408123j -0.00236645+0.00174111j 0.00162967-0.000265362j 0.003114+0.00025353j -0.000678098-0.000133964j 0.000590656+0.00126767j 0.00246664+0.00043092j -2.7351e-05-2.00818e-05j -0.00210829+0.00172156j -0.00146684-0.0017695j -0.00127922+0.00106314j 0.00251643+0.00214242j 0.000531587+0.00165185j -0.0029182-0.000178226j -0.000564324-0.000821467j 9.95231e-05-0.00079258j 0.0015113-0.000482958j -0.00127522-0.00055824j 0.000491175+0.00016255j -0.000481812+0.000760315j 
0.0955455+0.146713j 0.0620989+0.0640123j 0.0231621-0.0715293j -0.12316+0.0213637j 0.0915835-0.000228405j -0.0311113-0.0205415j 0.0170109-0.0227344j 0.0168753-0.0215489j -0.00813465+0.0227995j 0.0104522-0.00506247j -0.0104432-0.00434721j 0.00986159-0.00692922j -0.00924681+0.00667134j -0.00332094+0.00280713j 0.00457065-0.00652264j -0.00111422-0.00145959j -0.00931276-0.00365593j -0.00804535-0.000715906j -0.00813039+0.0103028j 0.0225371-0.000793927j -0.00544168+0.00825442j -0.0139063-0.00174317j 0.00470959-0.0148707j -0.00681026+0.0123695j 0.00119642-0.0104931j -0.00117354+0.0165684j 0.00849287+0.00204755j -0.00451367+0.0111198j -0.00361283+0.013231j 0.00135127-0.00911303j -0.00850752-0.00229667j -0.00608347+0.00177643j 0.00245961+0.00144536j -0.000837819+0.00015548j -0.000637227+0.00108883j -0.00146852+0.00145734j 0.000391194+0.000609732j 0.000647524-0.00250156j 0.000730162-0.000227854j -0.00141191+0.000496144j 0.000840321-1.25221e-05j 0.00157666+0.00526357j -0.0003002+0.00170914j 0.000870049+0.000214325j -0.00203473+0.00653618j -0.00103478+0.000562181j 0.000193601-0.00323056j 0.00317344-0.00172062j -0.00059361+0.00320875j 0.00014113+0.00929645j 0.00151701+0.00799352j -0.0033948+0.00708417j -0.00095052+0.0179269j -0.0129909+0.00549085j -0.00443152+0.00276317j -0.00949256-0.0142399j -0.00189257+0.00171364j -0.00647522-0.0155402j 0.00797703+0.00932729j -0.0105355+0.0113307j -0.0091999+0.00127638j 0.00190843-0.00149368j -0.00815141-0.00277477j 0.00332472+0.0039618j -0.00772637+0.00651546j -0.00084155+0.000757341j -0.00337382-0.000258555j 0.00565142+0.0051707j -0.00356274+0.00524511j 0.00507918+0.0026834j -0.00172234+0.00249695j -0.00140665+0.000231575j -0.00226976+3.73733e-05j -0.0014351+0.00362805j -0.00040972-0.00241542j -0.000509386+0.00107896j -0.0018182-0.00151976j 0.000802733-0.0021382j -0.000712041-0.000234265j 0.000145053+0.000488436j 0.000256309-1.22489e-05j 0.000152322-0.00151155j 0.000307202+2.31547e-05j -0.000277529+0.000558522j -0.000233966-0.00192096j 0.000852134-0.00365714j -0.000997759-0.000571963j 0.000596611+0.00202995j -0.00189977+0.00129591j 0.000763981+0.00309931j -0.000596783-0.000117744j -0.00201389+0.000233237j -0.0029567-0.0013563j -0.0029842-0.00324916j -0.00388324+0.00140476j -0.000515831-0.00154317j -0.00142135-0.00547167j -0.002019+0.00624145j -0.00139139-0.00102474j -0.00161545-0.00195502j 0.00102453-0.00395074j -0.00576743+0.00471756j -0.00816419+0.00541504j 0.00118764+0.00721686j 0.00184615+0.00557755j -0.00140669+0.00247579j 0.00118126-0.00339689j 0.00092658+0.00192314j -0.00268807+0.00126447j -0.00107493+0.00178642j 0.00214473-0.00146959j -0.00286404-0.000338259j -0.00347282-0.00227536j 0.0109529+0.00241915j -0.0123422+0.00186985j -0.00721372+0.00538015j 0.00127201+0.00548558j -0.000116634+0.0051665j 0.000985706-0.0022745j 0.00437419-0.00328933j 0.00287731-0.00830597j -0.00276987-0.0012262j -0.00631759+0.0127669j -0.00288382+0.00432966j -0.00056727+0.00120852j 0.000125904-0.0083521j -0.00929886-0.00242128j 0.000419041-0.00246064j -0.00804155+0.00143058j -0.00395515-0.00219962j -0.000624355+0.00721681j -0.00228866-0.00477742j -0.000152715-0.00659474j 0.000709307+0.00352743j 0.00215797+0.0057652j -0.00265581-0.000718182j -0.00259993-0.00141664j -0.00258703+0.00014682j 0.000726137-0.000336347j 0.00108908-0.00233876j -0.00390324-0.00364716j -0.00247025-0.00270974j -0.000385423+0.00257876j -0.0039969-0.00402678j -0.00370152+0.00113148j 0.00116984+0.00141619j 0.00551417+0.00394711j 0.00231211+0.00322579j -0.00149247+0.000978657j -0.0026512-0.0063255j -0.00280339-0.000710716j -0.0024112-0.00148694j -0.00064906+0.000562943j -0.00158798-0.00376086j 0.00324539-0.000100605j -0.00128908-0.00613483j -0.000148987-0.0042027j -0.000884565-0.00111828j 0.00180517-0.000406511j -7.20448e-06+0.00115909j 0.000126969+0.000195574j -0.000210067+0.000795703j 0.00296825+0.000787857j -0.000180937-0.000401423j -0.00327473-0.00101962j -0.00550005-0.00275516j -0.000639827+0.00167297j -0.000520836-0.00112132j 0.000234225-0.000268252j -0.00503775-0.000736898j 0.00230292+0.0054902j -0.00330387-0.000314811j 0.000336425+0.00164605j -0.00202841-0.000257536j 0.000769317-0.000334342j 0.00037465-0.00170621j -0.000615292+0.00158582j -0.00166771-0.001367j -0.000545187-0.000852093j 0.00304523+8.80385e-05j 3.80394e-05-0.000595289j 0.00123108-0.00168361j 0.00247336+0.00138173j 0.00243017+0.000165645j -0.00087888+0.00193997j -0.000183881-0.000174353j 0.00111696+0.0019977j -0.000755987-0.0020283j 6.04068e-05-0.000649511j 
-0.0131252-0.0657907j 0.0524298+0.0321432j -0.00243165-0.121771j 0.0635284+0.0136018j 0.0388099-0.0848806j -0.0129494+0.000474395j -0.0105006-0.0114904j 0.00718908-0.00251539j 0.00235536-0.0161723j 0.0109297-0.015449j -0.0305846-0.0185051j 0.0446559+0.0210468j -0.00557209-0.00567323j 0.000317198+0.00387075j 0.00126213+0.0018123j -0.00789079-0.0124022j -0.0100596-0.000447471j 0.00357843+0.0214169j 0.000228628+0.00613791j 0.00133133-0.0183451j 0.000427262+0.00313192j -1.90897e-05+0.0125969j -0.00547236+0.00787065j -0.0026734-0.000836992j 0.00311286-0.00298524j -0.00826237-0.00236358j 0.0110793+0.00107534j 0.00445959+0.0042031j -0.00124836-0.000821426j -0.00858117-0.010756j 0.00577047+0.0105482j -0.00593876-0.00227806j -0.00160761-0.00496071j 0.000742949-0.000983047j 0.00358993+0.00125365j -0.00128082+0.00179279j 0.00168191+0.00119163j -0.00124164-0.00717998j 0.00155603-0.00262032j 0.000891032+0.00327986j 0.000747507-0.00547956j 0.000530467-0.00798932j 0.00177323-0.00815729j 0.000757691-0.00833242j -0.00393833+0.00139137j -0.00238497-0.00439877j 0.00398991+0.00240436j -0.00366107-0.000245809j 0.00744646-0.00180064j 0.00766432-0.00643868j -0.00158242-0.00268331j 0.00101158+0.00389343j -0.00534438-0.0211341j -0.00373709-0.000216595j 0.00537954+0.00372019j 6.19757e-05-0.00107236j -0.000975184+0.00898903j 0.00766056+0.00737393j -0.00063251-0.00413716j -0.00216646+0.00493443j -0.00311221-0.00487009j -0.012591+0.00298943j -0.00362848-0.00643793j 0.00689574+0.00164345j -0.00286102-0.000954224j 0.00308435+0.00913122j 0.00460576-0.00133716j 0.00074387+0.0037014j 0.00271085-0.000593624j -0.0149507+0.00347467j 0.00454113+0.0002402j 0.00140508+0.00363877j -0.00959854-0.00362729j 0.00184098+0.00238779j 0.00264038+0.000978863j 0.000630836+0.00285026j -0.00193699-0.00351332j 7.98402e-05-0.000136724j 0.000677016-0.000837313j 6.52513e-05-0.000150637j -0.00122304+0.000126867j 0.00066595+0.00129559j -0.000311454-0.0011794j -0.000533123-0.00183423j -0.000509876+0.00104447j 0.000560583+7.21305e-05j 0.00577026-0.00744604j -0.00155715-0.00477203j 0.000978864+0.000681334j -0.00252795+0.000204214j 0.00465063-0.00511137j 0.00140444+0.0040869j 0.000851889+0.00190362j 0.00103672+0.00105374j 0.00343154+0.000615151j 0.00230008+0.000142699j 0.00803668-0.00292321j 0.00394786-0.00700341j 0.0117497-0.00377124j 3.06272e-05+0.00297766j -0.00583493+0.00428154j 0.000172351+0.00275471j -0.00333266+0.00893839j 0.00428958-0.00177427j -0.000932451-0.00314974j -0.000385418-0.000763102j -0.00328785-0.00044189j 0.00689731+0.00391557j -0.00150959+0.00058908j 0.0010923+0.00158513j -0.00155073+0.00051114j 0.0032662-0.00191679j 0.0015451-0.00236588j 0.00275241-0.00789119j -3.99491e-05-0.00200832j -0.00438751-0.0016814j -0.00393089-0.000455541j 0.00802994+0.00495565j 0.00333692+0.00220893j -0.00400033-0.000344902j -0.00374475-0.00158157j -0.00641538-0.00919703j -0.000349188+0.000401603j -0.00180126+0.00954894j -0.000162106+0.00629373j 0.00578179+0.00338398j -0.0150706+0.00351269j 0.000497855+0.000436718j 0.00160098-0.00219173j -0.000781985+0.00220545j -0.00241732-0.00971958j 0.000677066+0.00630564j 0.00312109-0.00244544j -0.00355398-0.00114628j -0.000439952+0.00227677j -0.00143537-0.00659229j 0.000813398+0.00361502j 0.00934351+0.00518403j -0.00272387-0.00573849j 0.00256857+0.00690016j -0.00391674+0.00403317j -0.0045399-0.00447356j 0.00443989-0.00258978j -0.00942176+0.00106722j 0.0011457+0.00307449j 0.00493732+0.00301052j 0.00203607+0.00192268j 0.00300231-1.74127e-06j 0.000266274-0.000923769j -0.00036008+0.00117431j -0.0018594+0.00490998j 0.00406984+0.00216521j 0.0053809-0.00144348j 0.00377914-0.000967854j -0.00101559-0.000309553j 0.00292347-0.000404604j -0.00104755+0.00343155j 0.00209716+0.000634628j 0.0010856+0.00161256j 0.000898314-0.0017287j 1.4034e-05+0.00035328j -0.0020035+0.000632235j -0.00258275-0.00155546j 0.00412555+0.000101344j 0.00227121-5.30526e-05j 0.00328029+0.00403294j 0.00347747-0.00203444j -0.00382956+0.0019541j 0.00371847+0.0014977j 0.000415466+0.00208195j 0.00196332-0.00108446j -0.00606893-0.0018168j -0.000881143-0.00345843j 4.35978e-05+0.00217939j 0.00154445+1.51553e-05j -0.00211842-0.000184767j -0.0011118+0.000137641j 0.00055111+0.00298759j 0.00158499+0.000213249j -0.00429765-0.00180621j -0.00185194-0.00160122j 0.00264726+0.00244562j 0.00173107+0.000771704j 0.00018443-0.00105225j 2.21613e-05-0.000902605j -0.0031045-0.00176336j -0.00036498-0.00103651j 0.000777608+0.000980302j 0.00154883+0.00137429j 
-0.0407869-0.00334923j 0.0192416-0.00842705j -0.139561+0.0279765j 0.126383-0.131542j 0.0416312-0.0407583j 0.00636591+0.0100673j -0.0145659-0.00599164j -0.00699836-0.0257845j -0.00619961-0.0127579j 0.00959042+0.00718705j 0.00529123-0.0069568j -0.0189207-0.000231119j 0.0013064+0.00611811j -0.00458173+0.000856061j 0.00523123-0.00653148j -0.00193678+0.000398517j -0.0150826-0.00886176j -0.00974002-0.0018394j -0.00518235+0.00377366j 0.010762-0.00295817j 0.0042484+0.00450369j 0.0112888+0.0152724j 0.00604938-0.000422136j -0.00379091-0.00116536j 0.00650316+0.00824925j -0.0237967-0.00248553j 0.00259152+0.000466935j 0.00313156-0.00571913j -0.00973275-0.00840297j 0.00312329+0.00186958j -0.0161942+0.00394387j 0.013019+0.000359021j 0.010517+0.00189783j 0.00132631+0.00311556j 0.000172664+0.00295269j -0.00221236+0.00182214j -0.000404161+0.00581005j 0.00403543-0.00302171j 0.00471543+0.005731j -0.001549+0.000231009j 0.0025506-0.00422924j -0.00167367+0.00920366j 0.00345218+0.00212723j 0.00315716+0.00096021j 0.0027962+0.00379545j -0.00273864+0.00808774j 0.00901477-0.00637475j -0.00127007-0.00506452j -0.00677544+0.0115913j 0.0135535-0.00270358j 0.00399724-0.00214396j 0.0046839+0.00282466j -0.00182735-0.00511881j -0.00573186+0.0084905j -0.0073858+0.0074246j 0.00628931+0.00335768j -0.00154452+0.0108806j -0.0218566+0.0156856j -0.00813551-0.00652048j -0.00149234+0.00876215j -0.0129855-0.00376373j -0.00872757-0.000714159j 0.0045847+0.00619166j 0.000747581-0.00396543j -0.00635732-0.00349492j 0.0105725+0.000106225j 0.00699508-0.00397083j -0.00733033-0.00386479j -0.000243409+0.00711396j 0.00349595-0.00720342j -0.000894829+0.00294256j -0.00127401+0.00467018j 0.0028411-0.00282974j -0.00241961+0.0030105j 0.00108254+4.2302e-05j 0.000654268-0.000413821j 0.0017558+0.00086212j -0.000863791-0.000520515j -0.000135016+0.00128903j 0.000758011-0.000572567j 3.18257e-05-0.000341412j -0.000693064-0.00129259j -0.000896926+0.0013528j -0.000322888+0.00129865j -0.00119403+0.000689931j -0.00198496+0.00105572j -0.000373052+0.00215883j -0.00110538+0.000982184j -0.000689837-0.000346052j 0.00162955+0.000755197j -0.000396308+4.12509e-05j 0.00406025-0.00212296j -0.000384275+0.000843932j -0.000140322+0.00088379j 0.00300612-0.000965238j -0.00254653+0.0037336j -0.00179945-0.000539226j -0.00147038-0.00178601j 0.00108056-0.000775162j -0.000596115+0.00246718j -0.00089595+0.00242547j 0.00435584+0.000891762j 0.00752941+0.00245548j 0.00333708-0.00200534j -0.00205086+0.00193852j 0.00413461-0.00212062j -0.00802709+0.00282926j 0.00150122-0.000626918j 0.00469403+0.00124492j -0.00114855-0.000720419j 0.000778195-0.00187724j -0.000761097+0.00495754j 0.00457234+0.00142266j -0.000465537-0.0056545j 0.00443368+0.00184367j 0.00777497-0.0052166j -3.98525e-06-0.00012342j 0.00233693+0.00326751j 0.00171288-0.00483818j 0.000997232+0.00287014j -0.00531266-0.000227527j 0.000570123-0.00625552j 0.000590565-0.00588148j 0.00555553-0.00209752j 0.00180555+0.00440378j 0.00269961-0.00228881j -0.00271009-0.00360959j -0.00415258+0.00389336j 6.70126e-05-0.0011857j 0.00868378-0.00426132j 0.000234619-0.00294307j -0.00182645+0.00330383j -0.00180774-0.00510707j 0.00237912+0.000298971j 0.00587759-0.00411325j -0.00279465+0.00175113j 0.00132733+0.00627122j -0.00491324+0.00121575j -0.000154423-0.00371883j 0.000339259+0.00763535j -0.000951959+0.00188932j 0.000188146-0.00516934j 0.000846435-0.00117921j 0.00251389-0.00311789j -0.0012443-0.000440271j -0.00361968+0.00689541j -0.000204387+0.00225812j 0.00534119-0.00556233j 0.00405077+0.00223134j -0.00303081-0.00263995j 0.00126414+0.00249438j -0.00263856-0.000387674j -0.0018478+0.00104157j -0.00109274-0.000117768j -0.00531463+0.0021535j -0.00271801-0.00260861j -0.000675218-0.00296166j -0.00161365+0.000297572j -0.00274375+0.000352384j 0.00196523-0.000637791j -0.000374288+0.000968888j 0.000771773+0.00134784j 0.00178931-0.00182105j -0.0020595-0.000607238j -0.00273087+0.00116436j -8.21662e-05+0.00211146j -0.00198899+0.00141164j 0.00312692-0.000924779j -0.00350822+0.00218223j 0.00193746+0.000868171j 0.0011446+0.00235494j 0.00237507+0.000511151j 0.000442014-0.000959157j -0.000105418+0.000936126j -0.00114795-0.000687358j -0.000417657-0.000540968j 0.00149038-0.000257207j -0.00126456+0.000441731j 2.42306e-05+0.000466427j 0.000376486-0.00114109j -7.98128e-05-0.00052234j -0.00163715-0.00158469j -0.000292754+8.17721e-05j -0.000837502+6.47355e-05j 0.00202127+5.5822e-05j -0.0013059+0.00111543j 0.000506042+0.00075089j -0.00117008-5.75774e-05j 0.00163163-0.00173419j 
0.121301-0.00396537j -0.0138827+0.123726j -0.0945019-0.0266524j 0.0308325-0.0374454j 0.140387+0.0998956j -0.0124394-0.00559841j 0.0155772-0.0247541j -0.0175085-0.00417574j 0.0218352-0.009836j -0.00365123-0.0118517j 0.0116461-0.0123043j -0.0215783+0.0262854j -0.00277287+0.00564699j -0.00896734+0.00329277j 0.000181691+0.00159637j -0.00874197+0.00643282j -0.00763397-0.00977737j 0.0162595-0.00493058j 0.0123544-9.25011e-05j -0.014438+0.00696488j 0.00168227+0.00897265j 0.0126074+0.00103226j -0.00480838-0.00119264j -0.00831803+0.0132069j 0.0126951-0.00544812j 0.00607399+0.00863706j -0.00869039+0.00841198j -0.0164994+0.00432465j -0.00349439+0.00739416j 0.0111624-0.00613836j -0.00461533+0.00705975j 0.000260328-0.00942911j 0.00469125-0.00463152j 0.00115848+0.000195293j -0.00105332-0.000722576j 0.000712713+0.00118392j 0.00308164+0.000794394j -0.00788834-0.00211744j -0.00208751-0.0016116j 0.0048549-0.00289138j -0.00395161-0.00456425j 0.00268962+0.000488156j -0.00558231-0.00432759j -0.00379866-0.00384545j 0.0151564+0.00645271j -0.00107533-0.00590494j 0.000234027+0.00310893j -0.000911175-0.00304982j -0.00231385-0.00397789j -0.00145432+0.00388575j -0.00108672+0.00777932j 0.00132757+6.86988e-05j -0.00624236+0.0017432j 0.00259799+0.00378255j 0.00407677-0.010691j -0.00629969+0.00406547j -0.00188377-0.00148331j 0.00365861-0.00530593j 0.00690055-0.0026198j 0.00878485-0.00113241j -0.00141825-0.0021465j -0.00479065-0.00846959j 0.00548552-0.00832995j 0.00523281+0.000829288j 0.00532748-0.00390861j 0.00288107-0.00630018j -0.00208282+0.00552007j -0.00225104+0.00629283j 0.00491807+0.00401417j 0.00161462-0.00493871j -0.000507605+0.00446339j 0.000912885+0.00378462j -0.00145378-0.001366j 0.00298456+0.00235511j -0.00130893-0.00130722j -0.00201389+0.00070231j -0.00125545-0.00192903j 0.000873988+3.39804e-06j 0.000449265+0.000192252j 0.000686547-0.000761873j -0.000288114+6.47949e-05j -0.00011602+0.00173637j 0.00363662+0.00106078j 0.00151392-0.00138088j -0.0021863+0.00233598j -0.00068478+0.0055066j 0.00492231+0.00251149j 0.00170667-0.00629156j 0.00446732-0.00359358j 0.00164258-0.00279645j 0.0037425+0.00444733j -0.00150758+0.00101615j 0.00116678-0.00333013j 0.00193484-0.00332127j 0.00203527-0.00244808j -0.0028426-0.000772659j 0.00206097+0.00216604j 0.00571862-0.00420447j -0.00479225+0.0130838j 0.000259992-0.00150641j 0.00142999-0.00653832j -0.00309837+0.00231392j -0.0012222-0.00408063j -0.00477757+0.00458155j -0.00405565-0.00104749j -0.000558642+0.00260538j 0.000204468-0.00123053j 0.00165877-0.0011215j -0.00193476-0.00234833j 0.00212787+0.00307374j 0.00117331+0.00441014j -0.000714821-0.00390687j 0.00224798-0.00395011j -0.00180814-0.000342483j 0.00333909-0.00531009j 0.00241602-0.000240876j -0.00517299-0.00282202j 0.000417419-0.00217582j 0.00584568+0.00297458j -0.0029072+0.0014991j 0.00335132-6.56767e-05j -0.00394901+0.00270005j -0.00143286+0.000907815j -0.00145473+0.00800404j -0.00091312-0.000862638j 0.00374986+0.00433422j -0.00635716+0.00419543j 0.00340605-0.00136701j 0.00114457-0.00195171j -0.00396261+0.0080021j -0.00527713-0.00928544j -0.00307343+0.00290522j 0.0030759-0.00334853j -0.00222931+0.00268416j -0.000243621+0.00294666j -0.00111577-0.00208145j -0.00527781+0.00324772j 0.00770202-0.00339134j 0.00096089-0.000323448j 0.00103974-0.00162087j -0.000371435-0.000133681j 0.0027301-0.000645359j 0.00405381-0.00347619j -0.00712286+0.00562015j 0.00426028+0.00485195j 0.00044399+0.00388069j -0.000812672-0.00359421j 0.00033553+0.0021323j -0.00222283-0.00238261j 0.00369437+0.000782616j 0.00295027-0.00378364j -0.00218212+0.00245328j -0.00190293+0.00260444j 0.0025349+0.000588181j 0.000501111-6.1089e-05j 0.000496435+0.000807279j 0.00126538+0.00203945j -0.00111718+0.00110211j 0.00179092-0.00124122j -0.00530724-0.000223417j -0.000273898-0.00137331j 0.00048545-0.000849235j 0.000715743-0.00128771j -0.00267493-0.000696286j -0.0020971+0.00336828j -0.00131122+0.000991694j -0.00317823+0.00238461j 0.00126229-0.00280362j 0.000478868+0.00146929j -0.00200813-0.00100199j -0.000152775-0.00186317j -0.000847604-0.000148717j -0.00236837-5.26246e-05j -0.00034395-0.000135528j -0.00143593-0.000249058j 3.49378e-07-0.000971242j 0.00102248-0.000668736j 0.00105477-0.000398319j -0.000483132+0.000736905j 0.00394196-0.00104374j -0.00324198-0.00112209j -0.00135059+0.000286993j 0.00435226+0.000922171j 0.00165087+0.00102279j 0.000818864+0.000722811j -0.00186868-0.000574811j 0.00340385+0.000209547j -0.00299023-0.000499694j 0.000972501-0.000637366j 
-0.060297+0.0150349j 0.050608+0.0309616j 0.066662-0.0697476j 0.00430001-0.0660063j 0.113832-0.0833185j 0.0221111+0.00344165j -0.000669826+0.0205376j -0.0136269-0.0190246j 0.0111624+0.00189118j 0.0150316-0.00452543j -0.0130089-0.0171621j 0.00370363-0.0101537j 0.00798038-0.00536043j -0.00605923-0.0124484j -0.00272066+0.00373258j 0.00734632+0.000923898j 0.00313027-0.0181516j -0.000411094-0.00562867j -0.0013194-0.00697788j -0.00347315+0.00867676j -0.0011979-0.00744655j -0.00719859-0.00672779j 0.00106393+0.0110803j 0.000752601-0.00953789j -0.00780942-0.00170701j -0.0164928+0.0109303j 0.00837988+0.015727j 0.0179392+0.00339106j -0.00634227+0.00840055j 0.00450102-0.020242j 0.00243994-0.0101043j 0.000535389-0.00328462j -0.00583491+0.00459289j -0.000793069-0.000178967j -0.0014413-0.000496081j 1.49877e-05-0.00121074j 0.000684139-0.0026026j -0.00337146+0.00261086j -0.00334171+0.000502456j -0.00228015-0.00484924j -0.00764203+0.00393129j 0.00262804-0.00222242j -0.00887983-0.00248975j -0.0105069-0.00162851j 0.00126584-0.0129486j -0.00758582-0.000706018j -0.000500085-0.00611245j 0.00523703-0.00461794j 0.0112709+0.00733663j 0.00215439+0.00128496j 0.0121324-0.0059977j -0.000548268-0.00629053j 0.0101023+0.00156256j -0.00906356-0.0025481j 0.010115+0.00295771j -0.00976625-0.00206108j 0.00537963-0.00518505j -0.0091913+0.00868169j 0.00263871+0.00811033j -0.00388831-0.00412751j -0.000831001+0.00363745j 0.00335897+0.0052506j -0.00818761-0.00176345j -0.00819026+0.00657302j 9.6383e-05+0.00046758j -0.00750078-0.00264652j -0.0028264-0.00368054j 0.00560483+0.00504228j 0.00531917-0.00578504j 0.00127322+0.00213888j 0.00250712-0.000942662j 0.00375829+0.00617962j 0.00369026-0.000608755j 0.00485356-0.00290463j -0.00304739+0.00128498j -0.000723885+0.00223795j -0.0011999+0.000801908j 0.000893047+0.000532033j -2.22933e-05+0.000375872j -0.0013797+0.000655137j -1.28633e-05+0.000512622j 0.00255139-0.00136395j 0.00201671-0.00271055j -0.000931824-0.00183422j 0.00306606-0.00166995j 0.00574532-0.00097092j 0.00225964-0.0027898j -0.00444093-0.00408679j -0.00203489-0.00260296j -0.00313207+0.000639365j 0.00257975+0.000942656j 0.000310227+0.0059657j -0.00342972+0.00028618j -4.13902e-06-0.0011316j -0.00275611+0.00151049j -0.00323452-0.000905195j 0.00613058-0.00201858j -0.00112145-0.00882254j 0.00308649+0.00917594j -0.00312098+7.65003e-05j -0.00239772-0.0018756j -0.00118002+0.00344175j -0.0029853+0.000594309j -0.00285239+0.00358162j -0.00198086-0.00419529j 0.00123191+0.00411669j -0.00272569-0.00350601j -0.0017551-0.00156134j 0.00207737+0.00712904j -0.00370063-0.00470529j 0.000387196+0.00185903j -0.00307384+0.00135472j -0.00334387+0.00128653j -0.00321058-0.000138875j -0.00182853-0.00511855j 0.00775162-0.00476425j 0.00478713-0.00332543j 0.000306995-0.00608819j 0.00275281+0.000177498j 0.0066607+0.00120422j 0.00558498+0.000222706j 0.00296391+0.00147963j 0.00604544-0.00956896j -0.000655589-0.0100366j -0.00502491+0.00455945j -0.00670885-0.000700646j 0.00510983+0.00216092j -0.00365373-0.000800082j -0.00064663+0.00682807j -0.00148319+0.0040463j 0.00723777+0.00399996j -0.00150464-0.00858717j 0.00216924-0.000178529j 0.000184793+0.00127134j 0.00475136-0.000707436j -0.00549286+0.00451343j 0.00150048+0.00295849j -0.00154181+0.00194453j 0.000167953+0.000214243j -0.00899254+0.000701937j 0.00598131+0.00231489j -0.00630356+0.000365439j -0.00317733+0.00159585j 0.00382767-0.00191909j 0.00122725+0.00273216j 1.21582e-05+0.00178836j 0.0060725-0.00252983j 0.00171292+0.00067654j -0.00246835+0.00131811j -0.000894021+0.00102066j -0.00127365+0.000990945j 0.00303827+0.0034462j 0.00148677+0.00794606j -0.000977993+0.00460582j 0.00217187-0.00403065j 0.00274135+0.00131679j 0.0036619-0.00147868j 0.000822613+0.000871285j -0.00125297-0.00176775j 0.00151391+2.75902e-05j -8.58492e-05-0.000766721j 0.00343141+0.00102879j -0.00186473-0.00220721j -0.000313604-0.00380829j -0.00438426+0.00042474j 0.00115977+0.0059408j 0.00128563+0.00261894j -0.000170871+6.1015e-05j -0.00100192-0.00524723j 0.000128462+0.00447623j 0.000652653-0.00464737j -0.00754118-0.000576236j -0.00142401-0.000869993j -0.00207693+0.00124549j 0.00170451+0.000935816j 0.000177452+0.00207042j -0.00266607-0.0012686j 0.000674951+0.000830568j 0.00275991+3.2174e-06j -0.00146144-0.00128702j 0.00215314+0.00245312j 0.00373228+0.00151139j 0.000468702-0.00214199j 0.00242087-0.00044125j -0.00148765+0.000317144j -0.000918694+0.000345209j -0.00154708-0.000684325j 0.000484002-0.000278934j -0.000830798+0.000183438j 
-0.0671377-0.0819952j 0.162894-0.109539j 0.0784298-0.143894j -0.0771042+0.149063j 0.0192766+0.108478j -0.00579609+0.0142959j -0.0273545+0.00134062j -0.00118216-0.0298279j -0.00186068+0.000774033j 0.0354014+0.00450554j 0.0183078+0.011873j -0.00613591+0.0133509j 0.00123633-0.00107742j 0.00602052+0.000782513j 0.000174367-0.00385846j 0.00383689+0.00273292j 0.000664887+0.00530553j -0.0106819-0.000447336j -0.00923616-0.00366293j 0.00296474-0.00771849j 0.00417996-0.00612876j 0.00512448-0.000703835j 0.00926168+0.0188131j 0.00222087-0.00572596j -0.00625834-0.0112256j 0.00953263-0.00500749j -0.018645-0.00762198j -0.00854955+0.0080816j 0.00271272+0.00322793j 0.00732522+0.00272029j 0.00304052+0.00510057j 0.000333597+0.00177403j -7.68249e-05-0.00141775j -0.00062167-0.000502494j 0.00127706+0.0013616j -0.00117333-0.000218391j 0.00249715+0.00034567j -0.00025071-0.0015181j 0.00482222-0.0011002j 7.53576e-05-2.59006e-05j -0.0028272-0.0050567j 0.00771126+0.00208927j 0.00339151-0.00594227j 0.00402896-0.00736966j 0.0124502+0.00190224j 0.00493026-0.00689443j -0.00118541-0.00172837j 0.00277756+0.00403032j 0.00162064+0.0140107j 5.04301e-05+0.00542002j 0.000989841+0.00422346j -0.000146422+0.00075246j 0.0064431+0.00661742j -0.00198115-0.00950122j -0.00471151+0.0182377j -0.00518333-0.00752319j 0.00280235+0.0052556j -0.00507514+0.00542273j 0.00372764+0.00338447j 0.00279345-0.00173828j 4.5056e-05-0.00199843j 0.00485284-0.00420586j -0.00392108-0.00176416j -0.00161168+0.00166729j 0.00407164+0.000427705j -0.000731353+3.03251e-07j -0.00215604-0.00222735j 0.000126369+0.0021922j -0.0013717+0.0032542j -0.000664591-0.00169128j -0.00156834+0.000689879j -0.00633152-0.00200065j -0.00210221-0.00127445j -0.000127042+0.00237815j -0.00062201-0.00113769j -0.00114143-0.00200449j 0.000786204-0.00122858j -0.000862586+0.00023479j 9.34406e-05+0.000361737j 0.000847665-0.00105641j -0.000884519-0.000716149j 0.000557603+0.00314214j 0.00199963+0.000402919j -7.68939e-06-0.00163996j -0.00278608+0.00403521j -0.00147749+0.00553064j 0.00894568+0.00368059j 0.00270549-0.00895892j 0.00382397-0.00135532j 0.00180205-0.00606954j 0.00815261+0.00247796j -0.0014648+0.00340195j -0.00233671+0.000641031j -0.00154954+0.00181899j 0.00434493+0.00174764j -0.00390719+0.00479215j -4.90244e-05+0.00884928j 0.0176217-0.00191972j 0.00578205+0.0127259j -0.00351676+0.00154705j -0.00771006-0.00510245j -0.00140134+0.00610103j -0.0111626+0.00526318j 0.00292348+0.00346235j -0.00191919+0.000889483j 0.00134539+0.0034023j 0.000529689-0.00162686j 0.000268134-0.00357882j 0.000243874-0.00270184j 0.00205763+0.00305484j 0.00289178+0.000122269j -0.00473119+0.00140849j -0.00558856+0.00551459j -0.00485823-0.00475165j -0.00286732+0.0114537j 0.00305986+0.00278811j -0.00114805-0.00378521j -0.0035728-0.000615054j 0.00486639-0.0031862j -0.00661661+0.00195066j 5.39183e-05-0.000303616j -0.00249991+0.00183878j 0.00757165+0.00113273j 0.000592465+0.00417345j 0.00431612-0.00343506j -0.0055553+0.00486074j 0.0106046+0.000452613j -0.00211801+0.00246091j 0.00367567-0.000733209j 0.00336952+0.00183513j -0.00269591-0.00439106j -0.0111871+0.00173478j 0.00273672+0.000825311j 0.00076282+0.000173169j 0.00468057-0.0037603j 0.000116029+0.00456203j -0.00213688-0.00330324j 0.00607034-0.00381219j 0.00380847+0.00295732j -0.0042295+0.00112503j 0.000289053-0.000194181j 0.00555456+0.00327616j 0.000488647+0.000520682j -0.00103467+0.00306847j 0.00237513-0.000359148j -0.00522346-0.00499572j 0.00041244-0.00032308j 0.00713718+0.000735766j -0.00596803-0.000199727j 0.00213702+0.000135044j 0.00523873-0.00320205j -0.0036326-0.00395292j 0.000880769-0.000222953j 0.00283507+0.00276872j -0.00403097+0.000970238j 0.00160675+0.00324589j 0.00109812+0.000290108j -0.00145879-0.000973374j -0.00164638-0.00213447j -0.00318871-0.0027553j -0.00367632-0.00205595j -0.00143909-0.00101739j -0.0024103-0.000469259j -0.000626758+0.00159867j 0.000317608+0.000126271j 0.00208744-0.00185255j -0.00229973-0.00111313j 0.000765439-0.000859062j 0.00388871+0.00085275j 0.0013573-0.00101628j 0.00228113-0.00119714j 0.000459261+0.000159088j -0.00347676-0.000561528j 0.000355899-0.00011802j -0.00160993-0.000243504j -0.00114934-0.00131791j 0.00111469+0.000150632j 0.00214936+0.000144435j 0.000491004+0.000538715j 0.000291804-0.00138843j -0.00265674-0.0019865j -0.00151243+0.00180615j 0.00247+0.00044981j 0.000237144-0.00070775j 0.000489719+0.000130897j -0.00114699-0.00190485j 0.00144863-0.00127665j -0.000506048+0.000818731j 0.000883093+0.00123956j 
0.0490459+0.0603472j -0.0271821+0.0892092j 0.0843667+0.0313528j 0.107209+0.0424971j 0.0150886-0.00116643j -0.00131855-0.0181925j 0.0200607-0.00818763j 0.00398323+0.00372588j 0.0074001-0.00110792j 0.00504939+0.0123992j 0.0182138-0.00792445j 0.00275084+0.00874084j -0.00279706-0.00447697j -0.00908397+5.33539e-05j 0.0018314-0.000313889j 0.0104911-0.00536083j -0.010789+0.00176403j -0.0158271-0.000345325j -0.000149668+0.000940506j 0.00642958+0.00235889j 0.00247693+0.0112189j -0.00306386+0.0140416j -0.00603176-0.00178976j -0.00417837+0.00601468j -0.00806579+0.00346146j -0.0101574-0.0301181j -0.0178006+0.0125691j 0.00834708+0.0189579j 0.00350125-0.0122031j 0.0102318-0.00141981j 0.00957774-0.00106354j 2.33909e-07-0.001491j -0.00679927-0.00150934j -0.00146955-0.000845877j -0.000835099+0.00190955j -0.00133689+0.000159518j -0.00111744-0.000369575j 0.0044578-0.00093955j 0.00250158-0.00126857j 0.000341023+0.000151379j 0.0053224+0.00226427j -0.000998061+0.00260089j -0.000852881+0.000724747j -7.80019e-05+0.000839343j 0.00641838+0.00599651j 0.00527218+0.00243747j -0.00517431-0.00659697j -0.00421065-0.00359934j -0.00609265-0.00771504j -0.00754017-0.00624337j -0.0111607-0.0148017j -0.000457028-0.000592523j -0.00476621-0.00183477j -0.00209963+0.0136436j -0.0049601-0.00840074j -0.0031181-0.00123485j 0.0125905-0.00345637j -0.000440913+0.00972927j -0.00108136+0.00573364j 0.00179877+0.0103307j -0.0132064+0.000510932j 0.0109197+0.0038067j -0.00627061-0.00259737j -0.00160168+0.0087678j -0.00635006-0.00309705j 0.00100038-0.00932134j -0.00924857-0.00380596j 0.00322134+0.00670796j -0.0031118-0.00476435j 0.00304766+0.000656982j -0.00241086-0.00190776j -0.00285463+0.00173067j -0.00562467-0.000308591j 0.00155756-0.00533531j -0.00218512+0.00219292j -8.21315e-05-0.00029202j -0.003132+0.000864446j 7.51737e-05+0.000326015j -0.000437863+0.000316967j 0.000298399+0.00072084j 3.07236e-05-0.000179807j 0.000577175+0.000348867j 0.000773115+0.000123426j -0.000921434-0.00216079j -0.00155521-0.00133018j -0.00027073-0.000906153j 0.00234968-0.000676089j 0.00025766-0.00475489j -0.0015026-0.000159904j 0.000741846+0.000817837j 0.00425251+0.00279864j -0.00233144+0.0045022j -0.000858142+0.000888035j -0.00097671-0.00504749j -0.00129614+0.00147993j 0.00105722+0.00131883j -0.0023856-0.00777136j 0.00520995-0.000995809j 0.00138011+0.00768479j -0.00138008-0.000658609j -0.00262285-0.00500715j -0.00183199+0.000156854j -0.00955624-0.00553831j -0.000926122+0.0100945j -7.05554e-05+0.00467605j -0.00297169+0.00147214j 0.00244913+0.00590042j 0.0001787-0.000930409j 0.00637367+0.000859553j -0.00417353+0.00225963j 0.00119454+0.00259907j 0.00605478-0.00362491j -0.00486478-0.00475552j -0.00500495+0.00175953j -0.00792569-0.0121856j -0.00473356-0.0121331j 0.000212795+0.00309227j 0.00170308-0.00615485j -0.000314216-0.00593421j 0.00223732-0.00392948j -0.00153068-0.00283952j 0.000521853-0.00501019j -0.0102432-0.00419138j -0.00505095-0.00177519j 0.00781698+0.0119561j -0.00378989-0.00684225j 0.00332522+0.0114983j -0.00175617-0.00219344j 0.00296746-0.00846419j 0.00488611+0.000101034j -0.00213282+0.0011058j 0.0016321-0.00754942j -0.00492356+0.000533659j 0.000339339+0.00176348j -0.000962327-0.000828936j 0.00203042+0.00662812j -0.00150049-0.00299212j 0.00373625-0.00269304j -0.00351319+0.00248878j 0.000275031+0.00389398j 0.00337819-0.00497645j -0.00782671+2.42015e-05j 0.00404683-0.000999896j 0.000629352+0.000437866j 0.00487556-0.00195103j -0.000544511+0.00308944j 0.00207706-0.00243662j -0.00489211+0.00609426j 0.00455419+0.0023894j -0.00212339-0.00120784j 0.00297367-0.00251918j 0.00361517-0.00287961j -0.00259108+0.00213053j -0.00318631+0.00180824j 0.000177702+0.0024357j -0.00256476+0.00310397j -0.00108776+0.00247323j 0.000651869-0.000163028j -0.000599288-0.00151139j 0.00112166-0.00278473j 0.00384256-0.000427309j 0.00233524-0.000803577j -0.00230235-0.000274034j 0.00280162+0.000154258j -0.000245999+0.000324554j 0.00600237-0.00169547j 6.23778e-05-0.00173782j 0.00366434+0.000269186j 0.00316063+0.000411063j 0.0039409-0.00186804j 0.0052939-0.00329232j 1.68711e-05+0.00340649j -0.00239625+0.000654131j 0.00140234+7.76476e-05j -0.000830749-0.00157932j -0.00145424-0.00071092j -0.00101368+0.000348144j 0.000256215-0.00116572j 0.00249666-0.00058469j -0.00301923+4.44492e-05j -0.000444883-0.00234192j -0.00172195-0.00089423j 0.000427766-4.9764e-05j 0.000185615-0.00103833j 0.000653355+0.00156042j -0.00128755-0.000522026j -0.000100079+0.00102521j -0.000264884-0.00101841j 0.00117856+0.000440321j 
0.0599354-0.0321483j -0.0809544+0.0668687j 0.106662-0.0429643j -0.0456512-0.0184599j -0.147539+0.0339603j -0.00217699-0.00866205j 0.00347428-0.00185502j 0.015295+0.00709059j 0.0292715+0.0125245j 0.0260778+0.0172773j -0.00715625+0.00135352j -0.000544435-0.00676177j 0.00519531-0.00645925j 0.00496531-0.000656903j 0.000331422+0.00266235j 0.00539526-0.00183954j 0.00787273+0.00645554j -0.00952676-0.00370724j -0.000375497-0.00766226j 0.00271716+0.00848995j -0.00248136+0.00315748j -0.00249764-0.0037506j -0.0122145+0.00957158j -0.00610605+0.00527579j 0.0170669-0.00337135j -0.0226363+0.00315086j 0.00802591-0.0141332j -0.0048266-0.00793981j -0.0180798-0.00699933j 0.00477584+0.0137241j 0.00164912-0.000914233j 0.00325786+6.83897e-05j -0.000893134-0.000621102j 0.000868782-0.00131011j 0.000125416+1.27734e-05j 0.000691712-0.00177605j 0.00205125-0.00177098j 0.00234897+0.000421747j 0.00494545-0.00249938j 0.00076008+0.00105544j -0.00261259+0.00214737j 0.007756-0.00131526j 0.00760388+0.000154598j 0.0111358+0.000307744j -0.000952515+0.00420504j 0.0113899-0.000791722j -0.00278628+0.00199777j -0.00383379-0.00481267j 0.00798418-0.00547478j -0.00174894+0.00196328j 0.011201-0.00269723j 0.00433866+0.00596925j 0.00926608-0.00676834j 0.0102213+0.00767945j 0.00610902-0.00359424j -0.0128193-0.000405435j 0.00314575+0.0143293j -0.00168848-0.00708417j 0.0102982-0.00740341j 0.00806915+0.017761j 0.00916167-0.00383481j -0.00579679+0.00906559j 8.03677e-05-0.00213651j -0.00166244-0.00284723j 0.00868084+0.00345442j -0.00904005-0.00236768j 0.00421676-0.00339288j 0.00382511+0.0010957j 0.00813176+0.000969722j -0.00125358-0.001568j 0.00295112+0.00120887j -0.00357739-0.000697841j 0.00637725-0.00102826j 0.0031542+0.00126091j -0.00273481-0.00036999j -0.00130139+0.000334691j 0.00130897-0.00176363j -0.000717287+7.44427e-05j -0.000460202-0.000449184j -0.000156738-0.000215683j -0.000134578-0.000683061j -0.00182106+0.00268941j 0.00109024+0.00222912j 0.00381551-0.000608984j -3.26886e-05-0.000181645j -0.000286838+0.0024067j 0.00263072+0.0077044j 0.00888588+0.000164092j 0.00174837+0.000312261j 0.00188056-0.00223809j -0.00218836+0.00639007j -0.00517274-0.00485131j 0.000951222-0.00218217j 0.0048615-0.00100971j -0.00192-0.00257965j -0.00475614+0.00239882j 0.00229492+0.00397638j 0.0015346+0.010078j -0.0097822+0.00222374j 0.000489022-0.00401505j 0.00732532-0.00466223j -0.00408065-0.0058414j -0.00233037-0.0145207j -0.0108693+0.000304725j -0.00784248+0.00410797j -0.00185004-0.00373605j -0.00319039+0.00158935j -0.000644138-0.00256313j -0.00173416-0.0015919j -0.000423663-0.00253259j 0.0021557+0.000217212j -3.59383e-05+0.0025036j 0.00302952-1.13742e-05j -0.00147834+0.00533361j 0.00365067-0.00610486j 0.00376351-0.00707742j -0.00817835+0.00134148j -0.000231694-0.000630575j 0.00727329-0.00499486j 0.00284649+0.0045216j 0.0035754+0.000529386j -0.00254502+0.0031673j -0.00358962-0.0071425j 0.00409946-0.00468088j -0.0021705-0.0042154j 0.00648239+0.00580405j -0.00896063-0.00361829j 0.00236587+0.00183787j 0.00253241+0.00193281j 0.0055936+1.04407e-05j -0.012371-8.36806e-05j 0.00173606+0.00621211j 0.00258262-0.0016028j -0.00178683-0.000934945j 0.00418142-0.00289683j -0.00872949-0.000213329j -0.00183728+0.00540283j 0.00192665-0.00222711j -0.00095397-0.00221079j 0.00122943+0.00363274j 0.00346499+0.00358261j -0.00454949+0.00365643j 0.00145835-0.00094768j 0.000442321-0.000730936j 0.00671231-0.00262273j 0.00131494-0.00106368j 0.000299592+0.00275664j -0.00177882-0.00475102j -0.00172954+0.000288569j 0.00150392-0.00120334j 0.00113108-0.000567216j 0.000203366+0.00139228j 0.000870733-0.00209806j -0.00105497+8.68844e-05j 0.00228623-0.00121929j -0.00170773-0.00193073j 0.00179884-0.00333206j -0.00111898+0.000615897j -0.00273389+0.00267592j -0.0041167+0.00232131j -0.00153436+0.00216295j -0.000572238+0.00160477j -0.00170679-0.00052572j -0.00218888+0.00207933j 0.00167083-0.00117671j 0.00167044+0.000138133j -0.00173212+0.00205902j 0.0016315+0.000177638j 0.000549868+0.000887016j 0.00193715-0.000319763j -0.000206011+0.00327518j 0.00205911-0.00252192j -0.00375518+0.000958811j 0.00152932+0.000431584j -0.000250214+0.000606369j 0.00124279-0.000937506j 0.00194259-0.00183174j 0.00380608-0.00235013j -0.0020738+0.00132653j 0.00359633-0.00231347j -0.000961183-0.000465144j -0.00180139+0.00115094j 0.00250732+0.000226324j -0.00112311+0.000486699j -0.00234015+0.000866781j 0.00074492-0.00186464j 0.00154049-0.00128868j 0.000703486+0.000314004j -0.000244538+0.00131416j 
-0.0281459+0.00498836j -0.109742-0.110026j -0.115146+0.0149225j 0.0734805+0.154564j -0.0919452+0.111635j 0.00785144+0.00163534j -0.00921634-0.00327699j -0.020189+0.0267302j 0.0109199+0.0122143j 0.0232068-0.0308886j 0.00499661-0.00816251j 0.00554151+0.00137928j 0.00188907+0.00514733j 0.00502064+0.00492657j 0.00270374-0.000293722j 0.00451025+0.00823836j -0.00723335+0.0132584j -0.0117694-0.010652j -0.0026081-0.0050354j -0.000851645+0.0180844j -0.00297283-0.00563825j 0.0165691-0.0172458j 0.00829143-0.015682j -0.0122871-0.00826224j 0.00380224+0.000663767j -0.00503035+0.00749182j -0.0111491-0.00021272j -0.00357876-0.000712401j -0.00408393+0.00361226j 0.00296455+0.00371234j 0.00483901+0.00193208j -0.00169705-0.00190779j 0.000467547-0.00217619j -0.000193826-0.000734159j 0.000876923+0.00102926j 0.000848218+0.00101584j 0.00222169-0.00211404j 0.00125793+0.00111806j 0.000538022-0.00194921j 0.00242506-0.00439624j -0.00136372-0.00362478j 0.000481116-0.00147714j -0.00294949-0.000993406j -0.00205459+0.000530318j 0.0117862-0.0147909j -0.00358702-0.00332313j 0.00499901-0.00227973j 0.00421547-0.00748276j -0.0106502+0.00253109j -0.000542406+0.00144089j -0.00309526+0.0130857j 0.00374594-0.00394824j -0.00880944+0.0030031j -0.00447527+0.00431401j 0.00297142-0.0108611j -0.00782529+0.011207j 0.00280956-0.0058878j -0.0111828-0.00298814j 0.00363404-0.0023269j 0.00785982-0.00518705j -0.00889487+0.00303369j 0.00190171+0.000758281j -0.00210449+0.000941779j 0.00880759-0.0050081j -0.00220633+0.000395133j 0.00269047-0.00336712j -0.00134081-8.00309e-07j 0.00190746+0.00105522j 0.000211706+0.0015438j -0.00291618-0.000410294j 0.000855098+0.0012689j 0.00090608+8.57922e-05j -0.00422314+0.000781656j 0.000849969+0.00111479j 0.0010932-6.50233e-05j 0.00154334+0.000234902j -0.000924613-0.00207409j -0.000769074+0.000449951j -0.000291961-8.49481e-05j -0.00038838-0.000605125j -0.000577437+0.000536094j 0.00144777+6.45036e-05j -0.00104858-0.00262151j -0.00189169-0.000320081j 0.00162801+0.00223137j 0.0038067+0.000276539j 0.0021199-0.00719138j -0.00617562+0.00112686j -0.00117648-0.00209572j -0.00362777-0.000132762j 0.00462812-0.00691801j 0.0048214+0.00133928j 0.00313965-0.00191173j 0.0008947+3.12478e-05j 0.00288971-0.0019613j 0.00193008-0.00478892j 0.00506069-0.00160139j -0.00544469-0.00608417j 0.0125538-0.00297367j -0.000315445-0.000300816j -0.00520136+0.00382001j -3.72248e-05-0.000524706j -0.00121983-0.000142628j 0.00410088-0.00301564j -0.000257469-0.00536943j 0.0016718+0.000145673j 0.000790037-0.00256099j 0.00112742+0.00270876j 0.000428031+7.57676e-05j -0.000949796+6.77364e-06j -0.00310275+0.003951j -0.000782545-0.00487043j 0.00157662-0.00287599j 0.00312001+0.00390739j 0.00106114-0.0083881j -0.0011854+0.0009555j 0.00298424-0.00307459j -0.000359506-0.00252054j -0.00135574+0.0078684j -0.00165245-0.00249704j 0.00101523+0.000598767j 0.00151106+0.00151966j 0.00319056-0.000702921j -0.00438744+0.00272811j -0.00413218+0.00185436j 0.000651768+0.00199217j -0.000429945+0.00183937j -0.000135243-0.00298293j 0.000615153-1.59874e-05j -0.00740357+0.00483145j 0.00946215-0.00358991j -0.00162088-0.00502332j 0.000924478-0.00179348j -0.000880971+0.00245328j -0.00245522+0.00632878j 0.00228789-0.00212587j -0.00045986+0.000291757j 0.00281302+0.00119109j -0.000254491+0.00129412j -0.000776475-0.00453731j -0.00132927-0.0015593j -0.00101248+0.00597117j 0.000532135-0.000469503j 9.17726e-05+0.000163101j -0.00092683+0.00196868j -0.000104639-0.00246791j -0.00162074-0.000801747j -0.000351582+0.00521089j -0.000374299-0.00300558j 0.00191761+0.000667283j 0.00135546+0.000163952j 0.00237391-1.19045e-06j -0.000596514+0.000577283j -0.00108607-0.00102245j 0.00103717-0.00538599j 0.00133767-0.00299694j 0.00140143-3.92634e-05j 0.000803499-0.00134292j 0.00074033-0.000537001j 0.00104586+0.000836214j 0.00095125-0.00172326j -0.00178058-0.00306749j -9.16429e-05+0.00209144j 0.00180789+5.72546e-05j 0.00363801+0.00154318j 0.00190405-0.000542778j 0.00137261-0.00180196j -0.00179001+0.000553564j 0.00328819+0.000624756j -0.000484656+0.00118921j -0.00101301+0.00164007j -0.000862678-0.000216573j -9.01938e-05+3.42248e-05j 0.00186227-0.00106372j 0.00146067-1.12068e-05j -0.00117581-0.00111906j 0.000778709+0.00231615j 0.00116079+0.00117464j -0.000581317-0.000798904j -0.00195844+0.000984879j -0.00180332-0.000349797j 0.00228117+0.000250046j 0.000148263+0.00124065j -0.00242843+0.00071146j -0.000867975-0.000508392j -0.00159747-3.28422e-05j -0.00125624-3.06267e-05j 0.00169669-0.000225061j 0.001697-0.000683486j 
-0.0136294-0.0497628j -0.119343+0.0387891j 0.0602971+0.180358j -0.0216623+0.0852986j 0.214582-0.0416246j -0.00102632-0.00217606j 0.000405773+0.00858101j 0.00863619+0.0120125j 0.015326+0.0129133j 0.0108623+0.0116765j -0.00927161+0.0081124j -0.00796686-0.00102281j 0.00371845-0.00789992j 0.00800329+0.00156036j -0.00208125+0.00250516j -0.00699197-0.00643265j 0.00340176-2.69735e-05j 0.0033693+0.00279503j 0.00562794-0.00139j -0.00367298-0.00436862j 0.000345903+0.00460519j 0.00570083+0.0139403j -0.0187166+0.00172103j -0.0103699-0.0131199j -0.00543237-0.00211866j 0.0161382-0.0026956j -0.00390371+0.000487491j 0.00283264+0.00717243j 0.0133647+0.00815172j -0.00531293-0.0100443j -0.00145756-0.00719046j 0.00640174+0.00225535j 0.00194704+0.00701528j 0.00120823+0.00279513j 0.00248727-0.000337764j 0.000952156-0.000494439j 0.00502707+0.00116045j -0.00423086-0.00267991j 0.00134364+0.00172576j 0.00175047-0.000117376j -0.000636238-0.00650139j 0.000851613+0.00288839j 0.00152733-0.00245916j 0.00209264-0.000572998j 0.00273104+0.000222514j 0.00386061-0.0036807j 0.00346512+0.0008408j -0.00244476-0.00491624j -0.00718201+0.00525313j -0.00953815+0.00103266j -0.0146755+0.00525252j 0.00374248-4.87707e-05j -0.0191747-0.0187118j 0.00675453+0.0017123j 0.00193088-4.48669e-06j 0.00411464-0.00230058j 0.00423622+0.00119612j 0.00419163+0.0132505j -0.00868902+0.00113606j 0.00555952+0.00748489j 0.00161055-0.00460148j 0.00247743-0.00417602j -0.00795558+0.00148202j -0.00280779+0.00426985j -0.0024991+0.000121801j -0.00191804+0.00483673j 0.00191058-0.000217592j 0.00160182+0.00180004j -0.00551595+0.0013344j 0.00287313+2.96688e-05j -0.0019121+0.000565849j 5.45706e-05-0.000134345j 0.0042615-0.00143176j -0.00641278-0.000100819j 0.00273008+2.08696e-05j -0.00173402-0.000618809j 0.00565049+0.00118888j 0.00108769+0.000416402j 0.00130723+0.000191014j -0.000119839+4.31686e-05j 0.000510561-0.000700154j -0.0010971-2.34979e-05j -0.000631047+0.00115477j -0.000384612+0.000449752j -3.87596e-05-0.00025713j -0.00108318+0.000255199j -0.00473016+0.00546522j 0.000637578-0.00182891j -0.000367113+0.00303893j 0.00271198-0.00199949j -0.00305444+0.00229338j -0.00158309+0.00124921j -0.00222575+0.00324624j -0.00195185+0.00172117j -0.00141057+0.00239457j -0.00240418+0.00388847j -0.00637264+0.00482473j 0.00189437+0.000985007j -0.00232223+0.001322j 0.00279523-0.000928411j 0.00134358+0.000190503j 0.00197743-0.00371798j -0.00435726+0.000628415j -0.00061905-0.00111036j 0.000611898+0.000324993j -0.00331453-0.000939039j 0.000353588+0.00257366j 0.0017295-0.000442895j -0.00445381-0.00262375j 0.00335462+0.00078354j 0.00172835-0.00331816j 0.0012036-0.00171003j -0.00454759+0.00345224j 0.000317797+0.00153372j -0.00564017+0.00329331j -0.00922036-0.00151148j -0.0040684+0.00161066j -0.00168541-0.000339259j -0.00193123-0.00118377j -0.00409353-0.00106679j -0.00302345+0.0018431j -0.00228355+0.00158363j 0.00107183-0.000489343j 0.000199476+0.000630812j 0.00357141-0.00327221j -0.000432011+0.00636474j 0.000784519+0.00211302j 0.000870487+0.00097014j 2.06403e-05-0.000398909j 0.0028129-0.00238014j -0.0056368-0.000412651j -0.00224247+0.00521815j 0.00228462+5.93685e-05j -0.000699368-0.000742766j -0.00232365-0.00311332j 0.00348227+0.000866058j 0.00033808-0.000827933j 0.00160991+0.000203206j 0.00229723-0.000443922j -0.00123769+0.00245329j -0.00109652-0.00257787j -0.00415511+0.00111157j 0.00280628-0.000847557j -0.00143939+0.00381261j -0.00279566-0.00367884j -0.0052116-0.00456845j 0.00429713-0.00084022j 0.000656935+0.0014394j -0.000605745-0.00106419j -0.00207549+0.0011881j -0.000333248-0.00107633j -0.000996616+0.000513425j 0.00443326-0.000534746j 0.00251864-0.0011652j 0.000572538+0.000628254j 0.00354431+0.00385676j -0.00198842+0.00249797j -0.00146126-0.000434097j -0.00349807-0.00283689j -0.0019457+0.003724j -0.0022652-0.00234896j 0.00248823-0.000246096j -0.00186746+0.00181101j -0.000584002-0.000868217j -0.00611581-0.000856411j 0.000435773-0.00111136j -0.00241484+0.000404488j 0.00266539-0.00234295j -0.00457025-0.00211844j 0.00306887-4.79278e-05j -0.00123595-0.00153722j -0.000515972-0.00174191j -0.000864957-0.00115345j -0.00238697-0.0016924j -0.00175575+0.000488727j 0.00267+0.00121776j -0.00223333-0.000450676j -0.000681992+0.000805269j 0.00124196-3.07149e-05j 0.00107465+0.000572407j 0.00450953+0.00123701j -0.000724221+0.00236783j -0.00319384-0.000527517j 0.00255844+1.59185e-05j -0.000377103-0.00105682j 0.0042997+0.000115682j -0.000696456-0.000441431j 0.000619734+0.00105189j -0.00421445+0.00097716j 
0.0105735-0.0113094j -0.063147-0.13438j 0.0604981+0.0323835j -0.0729684-0.179672j 0.158622-0.291336j -0.00578739+0.00893558j 0.00581185+0.0206274j 0.00597772+0.025916j 0.00527646-0.000125954j 0.0248566-0.00671661j 0.0325144+0.0315599j 0.0103733+0.0232759j 0.000481166-0.00077409j 0.00656594+0.00319592j -0.00290905+0.000402315j -0.00152225+0.00243404j 0.0116707-0.0032414j 0.00324653+0.00230387j -0.00342385+0.00671156j 0.00475243-0.0100476j -0.00272519-0.00465755j -0.0122615-0.0145022j 0.00308108-0.00537499j 0.00509821+0.00550488j -0.000634811-0.0121215j -0.0126298+0.00175662j 0.0101899-0.00541391j -0.000235802+0.014805j -0.00978106+0.000471001j 0.00213955+0.00386507j 0.005721+0.00281907j 0.0124388+0.00290919j 0.000182596-0.00287847j 0.00249187+0.00155079j -0.000927154+0.000342187j -0.000746948-0.00120499j -0.000668893+0.00350128j 0.00119396+0.00308021j -0.00148964+0.00451923j 0.00427592+0.00463329j 0.00468828+0.00155767j -0.00101715+0.00151697j -0.000434098+0.000668664j -0.000197733+0.00217757j 0.00398222+0.00876458j -6.67514e-05-0.00140894j -0.000231456+0.00532532j 0.00754846+0.00224796j -0.00481109-0.0105044j -0.00374673-0.00234107j -0.00886587+0.00152814j 0.000297587+0.000300797j 0.00917362-0.00758525j -0.00187718-0.00130688j 0.00948907-0.00602133j -0.0062571+0.00130411j -0.00293607-0.00700124j -0.00184796-0.00789276j 0.00158929+0.00463962j 0.00122535-0.00291979j 0.00488876+0.00295502j -0.00567507+0.00225193j -0.00482333+0.00053013j 0.000587092+0.00251704j 0.00382676+0.00459879j 0.00538667+0.00245735j 0.00514784+0.0012919j -0.000542075+0.00126801j -0.00171548-0.000833533j 0.00419104-0.00146447j -0.00295736+0.00171098j -0.0104121+0.0045852j 0.00175685-0.00180261j 6.55532e-05+0.00016893j -0.00307724+2.59568e-05j -0.00557346+0.00219741j 0.00237667+0.000800814j 0.000491781-0.00178862j 0.000374559-0.000946009j 0.000357723-0.00116323j 0.000298702+0.000238757j 0.000899183+0.00175826j -0.000383586+0.000388738j -0.000390912-0.000315786j -0.000104105+0.00511867j 0.000141731+0.00563873j -0.00272185-0.00335387j -8.83078e-05-0.00508783j 0.000647067-0.00445463j -0.000227203-0.00174415j 0.00109226-0.00301761j 0.00201021+0.00125919j 0.000774976-0.000300633j 0.00014278+0.00104276j 0.00212966-0.00488063j -0.00222206+0.000286331j 0.000280876+0.000919184j -0.00260645-0.00994421j 0.00152631+0.00145713j -0.0029037+0.000327442j -0.00186198+0.000589215j -0.00239311+0.00240979j 0.000871855+0.00244593j 0.00183298-0.00133639j -0.003879-0.0012985j 0.00395447+0.00159916j -0.00175841+0.000688671j -0.000523096-0.0031226j 0.00504572+0.00459517j -0.00389051-0.00124439j -0.000847333+0.00471534j -0.0039264-0.000379449j 0.00436158-0.0025023j 0.00275659-0.00402416j 0.000868794-0.00302502j 0.00498979+0.00499719j 0.00239195+0.000458526j -0.00176172-0.00276827j 0.00148562+0.00357315j 0.000516707+0.00282878j 0.000188244+0.00410213j 6.00912e-05+0.00062664j -0.00221946-0.00481545j -0.00400499-0.000134638j -0.00160046+0.00422353j 0.00470333-0.00411039j -0.00276534+0.0066447j -0.0019777+0.000487297j -0.000936377+0.00362028j -0.000306149+0.00222523j 0.00715386-0.00106375j -0.00538089-0.00175602j 0.00510865+0.00243746j -0.00115355-1.99958e-05j 0.00225499+0.00367683j -0.000449114-0.0053001j -0.00017669+0.00292365j -0.000776147-0.00274953j 0.00085935+0.00159905j 0.0034154-0.00154621j -0.00421142+0.00271526j -0.0023057+0.00172082j 0.0021014-0.000735909j -0.000703631+0.00169924j -0.00326036+0.00131853j -0.0016106-0.00103427j -0.00251464-0.00072103j 0.00573995-0.000875603j 0.00375899-0.00188757j -0.000962622+0.000265688j 0.00379789+0.00288429j -0.0014983-0.00196506j 0.00157496-0.000802106j 0.000720508+0.000828714j -0.00364278-0.000324874j 0.000272851-0.00012176j 0.00134628-0.00182241j -0.000388407+0.000686615j -0.00166444+0.000963712j 0.0012973-0.000592098j -0.000832258+6.3843e-05j 0.000605224+0.000813062j 0.00128159-0.00228658j 0.000357283+3.11146e-05j -0.00296097+0.00058618j 0.00040689+0.000428781j -0.00707949+0.00151924j 0.00585491+0.00028134j -0.00067863+0.000746874j 0.00306064+0.00029907j 0.000588347+0.000593374j 0.00486486+0.00187031j -0.00134759+0.000707715j -0.00102281+0.00202294j -0.00363395+0.00101359j 0.00185809+0.00129264j 0.000637645-0.000671093j -0.000168159-0.000567223j -0.000454413+0.000290004j 0.00460976-0.00155181j 0.00106186+0.001582j -0.00569447-0.00074195j 0.000596038-0.00267111j 0.00129581-0.00277428j -0.000580189-0.00187176j 0.00287291+0.00146648j 0.00175057-0.00255161j 0.000177079+0.0037083j -0.00158968-3.16394e-05j 
0.0908943-0.000735568j 0.0531441+0.0210827j -0.0733224+0.105419j -0.198031+0.00727014j -0.197032-0.170781j -0.0194096-0.0142997j -0.0130696-0.00231432j -0.0144122-0.0015187j -0.000801263-0.0148423j -0.00282916+0.00622501j 0.0363026-0.0158683j 0.0221007-0.00411633j 0.000681481-0.00478472j 0.00533122+0.00560278j -0.000191453-0.000588211j -0.00137655-0.0100361j 0.0073318+0.00384772j -0.0130292+0.0110695j -0.00165615-0.000892454j 0.0117841+0.00445658j 0.00704675-0.00116384j 0.00948965-0.00399954j -0.00815219-0.0134069j -0.00130189-0.00354907j -0.0148432+0.00402821j 0.00428849+0.0087426j -0.0169815-0.0132585j 0.0162466-0.00366669j 0.00699294+0.00476663j -0.00380152+0.00977682j 0.00717475-0.00839173j 0.00871437-0.00160254j -0.00250367+0.00190243j 0.00139944+0.000183905j 0.00236509+0.00104283j -0.00052438-0.000529956j 0.00120914+0.00102066j -0.00149644-0.00429136j -0.00153134-0.00204641j 0.00106404+0.00198221j -0.000792434-0.00249762j 0.0024891-0.00292961j 0.000129607-0.00596388j -0.000732752-0.00607701j 0.000413674+0.000653071j 0.000708211-0.0063522j -0.00669843+0.000667417j -0.00182955+0.00641545j 0.00596838+0.00296041j -0.0011544-0.00208872j -0.00126664-0.00255506j -0.00350808+0.00126366j 0.00629615+0.00214058j 0.000723009-0.0062823j -0.00728944+0.00952284j 0.0023252-0.00187026j 0.00262938+0.00543241j 0.0106844+0.00355283j 0.0052448+6.40307e-05j -0.00299831-0.00516856j -0.00266858-0.0071447j 0.00161946-0.00102711j 6.91974e-05+0.00445645j 0.000966737-0.000528863j 0.00213213-0.00811784j 0.00200359-0.0045661j -0.00410234-0.00311591j 0.00198585+0.000938169j 0.000304633+0.00501699j 0.00405275-0.00213622j -0.00211345+0.00319973j -0.00218006+0.006808j -0.00230964+0.00271301j 0.0026574+0.00123754j -0.00225851+0.000124466j -0.00222061+0.00231787j -0.000361473-0.000763168j -0.000527581-0.000612212j -0.00040503-0.000577j 0.000351582+6.82666e-05j -0.000580955+0.000119465j 0.00017885+0.00123927j -0.000772855-0.000759158j -0.00111587-0.00153941j -0.00190032+0.000576884j -0.00139038+0.000844109j -0.000295413-0.00494298j 8.21823e-05-0.00341301j 0.00111942+0.000673526j -0.000220906+0.000424102j -0.00012602-0.00168386j 0.000636193+0.00304047j 0.00179016+0.000381697j 0.000926234-0.00129999j 0.00242473+0.000967342j 0.000342132-0.00102945j -0.00174673-0.00316962j 0.000654751-0.00502866j 0.000504684-0.00193245j 0.00323995-0.00137937j 0.0025086+0.00157202j 0.000608171-0.00234567j -0.00368123+0.000530127j -0.00197512+0.00123936j -0.00209189-0.00216146j -0.00412023+0.000836927j -0.00142442-0.000146174j 0.00463413+0.00142712j -0.00608516+0.00133515j 0.00087995-0.00180905j -0.00468571+0.000179949j 0.00280388-0.00461196j -0.0019251+0.00198522j 0.00304923+0.00660481j -0.00206177-0.00674072j -0.0102285-0.00430188j -0.00384469+0.00134063j 0.00374304-0.000571342j -0.000937211+0.000504305j -0.00386809-0.00105452j -0.00362365-0.00151579j -0.0024252-0.00416418j 0.00518357-0.000367936j -0.00205226+0.00125104j -0.00456139+0.000412357j 0.00522272+0.0049911j -0.0082954-0.00558584j 7.55055e-05+7.4098e-05j -0.00104491+0.00174363j 5.33033e-05-0.0018511j -0.00294376+0.00221096j 0.000185819+0.000357835j -0.00104264+0.000157742j -0.000434544-0.00087513j -0.00341538+0.00442485j 0.00495406-0.0061156j 0.00251092-0.000929406j 0.00485727+0.00316541j -0.00070252-0.00332668j -0.00141804+0.00530954j -0.00139272-0.00122365j -0.00156686-0.000295928j -0.000417104-3.87277e-05j -0.00182387-0.00144131j -0.00311813+0.00443542j -0.00147502+0.00622498j 0.00283848-0.00466633j 0.000288181+0.00124107j -0.0010187+0.000285201j -8.25401e-05+0.0017193j 0.00517826-0.00101283j -0.000377198+0.00411057j -0.00156568+0.00290231j -0.00281291+0.00115249j -0.000793071-0.0020087j -0.00032284-0.000388091j 0.000591382+0.00117624j -0.00109663+0.00117653j 0.000773639-9.53621e-05j 0.000640188+0.00127719j 0.000122385-0.000858519j 0.000612172-0.00120021j 0.00156016+0.000168742j -0.000786592-0.00339387j -0.00303997+0.00387112j 0.000490684+0.00229587j -0.00341205+0.00268874j 0.00228693-0.00164001j 0.00321545-0.00341944j 0.000119028+0.00192207j 0.00494306-0.00366906j -0.00161919+0.000379906j -0.00407356+0.000297593j 0.00111998+0.000511796j -0.000874167+0.00101152j -0.000620097+0.00113184j 0.000984548+0.00115377j 0.00259117+0.00103918j -0.00106538-0.000849282j 0.00128457-0.000464943j -0.00230058+0.000647043j -0.00051157+0.00122571j 0.00335414-0.00093703j -0.00111489-0.00124852j -0.00154462-0.000773452j -0.00115238+0.00010908j 0.00133427-0.00145725j 0.001223+0.00135011j 0.000991251+0.000186568j 
0.0316441+0.0606865j 0.0655657-0.118947j 0.269009+0.0443153j -0.00734016-0.0189821j -0.109077+0.0065043j -0.00349985-0.00115254j -0.00619448+0.0163437j -0.00540982+0.0231727j 0.0151412-0.0175928j 0.00968853+0.0228834j 0.00266572-0.01655j 0.0105072-0.00407423j 0.00321538+0.000264557j 0.00214161-0.00211214j -0.00292834-0.00161148j 0.00171307-0.00146141j -0.00205313+0.00269849j -0.00679138+0.00923194j -0.0120639+0.00583035j 0.00940143-0.00737516j -0.00706053+0.00078573j -0.0111012-0.0138458j 0.0183021+0.0145407j -0.0158611+0.0284389j -0.00172342+0.00050595j 0.00682769+0.00185993j -0.00362729+0.00522271j -0.0046215-0.00612137j 0.00444627-0.00454897j -0.00438675+0.0084341j 0.00288149-0.00468286j 0.0026376+0.000800167j -0.00022522-0.000708952j 0.000814502+0.000235716j 0.000238548-0.000655513j 0.000851329+0.000843628j -0.000851064-0.000327742j 0.00065768-0.000970205j -0.00538324-0.000196973j 0.00113757+0.00170829j 0.00840563-0.0011751j -0.0021404-0.00353614j -0.00224623-0.00263947j -0.00546025-0.00160609j -0.00353689-0.00216826j -0.0120466-0.000112999j 0.00161011-0.00331761j 0.0012737-0.00177134j -0.00570741-0.00441199j 0.0109473-0.00733259j -0.00353903-0.0004179j 0.00321753-0.00120312j 0.007381+0.00119862j -0.00308813+0.00616342j 0.000868152-0.00851285j -0.00166286+0.00339691j -0.00285857+0.000381829j -0.0120823-0.00320777j -0.00135821+0.0020593j 0.00184042+0.000265192j -0.00485662-0.00323095j -0.00497839+0.00118826j 0.000463963+0.00259455j 0.00707133-0.00257478j -0.00416009-0.0012198j 0.00689011-0.00402534j 0.00617198-0.00208289j -0.00167659+0.00118954j -0.00356067+0.0037581j -6.44678e-05+0.00212119j -0.00154159+0.00065208j -0.000851996+0.000409823j -0.00247301+0.00289165j -0.00272633+0.00149458j 0.00154223-0.00126397j -0.000397616-0.000418955j 0.0020437-9.7254e-05j -0.000537705+0.000530476j 0.00045699-0.000168574j 8.98093e-05+2.41758e-05j 0.000186774+0.000334113j -0.000280314-0.000662317j -0.00265918+0.000433539j -0.000861154+0.000344455j -0.00100298-1.05528e-05j -0.0025169-0.00112562j -0.00431158-0.00341199j 0.00234318+0.000503759j -0.000111626+0.00074621j 0.000340529+0.000640204j -0.00244743-0.00200314j -0.00163388+0.000195393j -0.000724203+0.000854059j -2.06851e-05+0.00155608j -0.000781798+0.00256172j 0.00197485-0.00256977j -0.000827128-0.00195663j 0.00292599-0.000812936j -0.00308906-0.000882931j 0.00230487+0.00521686j 0.00221211+0.00303885j 0.00214996+0.00189353j 0.00172522-0.00356433j -0.00158769-0.00282111j 0.00281975-0.00353969j -0.00121042-0.00294586j 0.00354472-0.000177251j -0.00175976+0.00346254j 0.000885703-0.00852934j 0.000356945+0.0025577j -0.000668612-0.00360442j 0.00405033+0.00101517j -0.00284418-0.00272087j -0.00861982+0.000981073j 0.00625761+0.000240566j 0.0049585-0.00797874j 0.00241633-0.00376982j 0.00148952+0.00139377j -0.00171992-0.00153576j 0.00210703-0.000812832j 0.00177737-0.00213388j 0.00310835+7.83158e-05j -0.000672848+0.00823498j 0.000260545+0.00325051j 0.00352597-0.00490861j -0.00859247+0.00143476j 0.00959124-0.00238698j 3.87679e-05+1.92238e-05j -0.00237847-0.00145648j 0.000676895-0.000181117j -0.00105109-0.0029181j 0.000673506+0.00165799j 0.000527481-0.00825553j 0.000199635+0.00286798j -0.00265269-0.00303088j 0.00213296+0.00671766j 0.00163792+0.000269154j -0.00350589+0.00135287j 0.00160809-0.00115785j -0.00265387-0.00397262j 0.00113278+0.0024079j -0.00196862-0.00193243j -0.00193251-0.00319953j 0.000238824+0.00286986j -0.00264739+0.00476293j 0.00140455+0.00439297j 0.00133359-0.00053785j -0.0015985-0.0037458j 2.5093e-05-8.38097e-06j -0.000512367+0.00105374j -0.000253757-0.000368244j -0.00214329+0.00305858j -0.000898303+0.00163516j 0.000656731-0.00310069j 0.00514542+0.00136521j 0.00318886-0.00333369j 0.00019579+0.00186423j 0.000515093-0.00108787j 0.00029419-0.00179967j -0.000632922-0.00227937j 0.00018319-0.000654534j 0.00158553-0.000778787j -0.00184811+0.00109526j 0.00239384-0.00319014j -0.00160798+0.00138777j -0.000962795+0.00126305j -8.12748e-06-0.00161852j -0.000264633+0.00146557j 0.0014228-0.0013908j -0.00145837+0.00212284j 0.000343295-0.00169465j 0.00012068+0.000998733j 0.000591806-0.00266315j -0.000322121-0.0002984j -0.000599946+0.000375133j 0.000540763+0.00121064j -0.0015699+0.00184278j -0.0010992+0.00310414j 0.00105382-0.000934669j -0.00108416+0.00331468j 0.00142966+0.000140375j -0.000863419-0.000746159j -0.00186515+0.00159915j 0.000253335-4.28785e-05j -0.000501973-0.00195019j 0.00233596+0.000140031j -0.000332572+0.00115267j 0.000950653-0.000308187j -0.00178778+0.000330207j 
-0.0927009-0.02906j 0.0277503-0.00233909j 0.0660744+0.182049j 0.0619202-0.0388991j -0.00684946-0.0763694j -0.00251478+0.0209345j 0.00716036+0.00390403j -0.00133492-0.017964j 0.0137506+0.014525j -0.0457822-0.00313644j 0.0158909-0.00390926j -0.00128469+0.0080704j -0.00720493+0.00751527j 0.0033062-0.0010816j -0.000289376-0.00562304j -0.00526523+0.00455104j -0.00549583-0.00718029j 0.00939783+0.002757j -0.00226067+0.00659809j -0.00186218-0.01952j -0.00858555+0.00164797j -0.00655327+0.00345151j -0.00835568+0.015769j -0.0224462-0.000395636j 0.00148292-0.00577168j -0.00558107+0.00850727j -0.000406623-0.000503845j 0.000876108+0.00287391j -0.00246904+0.00490948j 0.00183825-0.0063281j 0.000606172+0.00826625j -0.00342992+0.00100141j 0.000793258-0.00302376j -0.000896057+0.000443051j 0.00150045+0.00043832j -0.00187034+0.00249306j 0.00434517+0.00406391j -0.00323914-0.00308883j 0.00479964+0.00345175j 0.00227183-0.000102748j -0.00110277-0.00571627j -0.000200505+0.0069986j -0.00520627-0.000535906j -0.00563596+0.000568899j 0.0145962+0.0136584j -0.0021268+0.00525903j -0.00278694+0.00340331j 0.00331049+0.00475276j -0.00349457-0.000571302j -0.00283114-0.00753957j -0.00408328-0.00301599j -0.00149299-0.00052939j 0.0126116-0.00454113j -0.00078037-0.00628103j -0.0030421+0.00705431j -0.00128837-0.00171969j 0.000576024+0.00277863j -0.00239875-0.000127279j 0.0029988-0.000664103j -0.00177697-0.00557561j 0.00260036+0.00126028j 0.000689419+0.00365748j -0.00346109-0.00394799j -0.00133715-0.00344546j 0.00444144+0.000650966j 0.0017625-0.000898238j -0.00157304-0.0005871j 0.00170622+0.00204316j 0.0029508-0.00202816j -0.000931282+0.00243938j 0.00129603-0.00128754j -0.00161303-0.0020034j -0.00310941+0.00101202j 0.0032833-0.000161864j -0.0012691-0.00103734j 0.000770415-0.00162551j -0.00249667+0.00156834j -0.000536677-0.000399985j -0.000318252+0.000630838j 0.000345036-0.000211314j -0.000162485+0.000423147j 0.000956381-0.00128828j 0.000246585-0.000197293j -0.00181941+0.000211515j -0.000470547+0.000553553j 0.000487882+0.000883161j -0.00299487-0.000881575j -0.00540958-7.00619e-05j -0.000519758+9.20337e-05j 0.00135015+0.00255115j 0.00023452+0.00160521j 0.00184794+0.000117751j -0.0014283+0.000220027j -0.00156126-0.0011639j 0.00211968+0.00176598j 7.10768e-05-0.00196281j -0.00251197-0.00277975j -0.00296471-0.00149319j -9.59341e-05+0.00130861j 0.00542493-0.000751218j 0.00279741-0.00179647j 0.00568782-0.00112998j 0.00498919-0.00096276j -0.000232005+0.0011608j -0.00148415-0.00142278j -0.00168631+0.00104101j -0.00205861-0.00186585j 0.00319799+0.000300248j -0.00722247+0.000414023j 0.00195927-0.00254896j -0.00471127-0.00329792j 0.00149944-0.000217438j -0.000952796+0.00380798j -0.000959768+0.00559503j 0.00359821+0.000876221j -0.00403712-0.00271491j -0.00339565+0.00027111j 0.000759443-0.00158775j -0.00173018-0.00276045j -0.00362493-0.00280006j -0.00223785-0.00389213j 0.00281172+0.00309378j 0.00586994+0.00113518j 0.00114054-0.003903j -0.0039174-0.00429126j 0.00339118+0.00702112j 0.00184577-0.00381714j -0.000494353-0.00218421j -0.000354674-0.000208934j 0.00238644+0.00238029j -0.00440804+0.00474713j 0.00212631-0.00185259j -0.00154752+0.00369926j 0.000326643-0.000743463j -0.00446845-0.00218864j 0.00594684+0.00407319j 0.00208757+0.00419623j 0.00175847-0.00137501j 0.000198422+0.00111267j -0.00218561+0.00224416j 0.000907902-0.00566566j 0.00199519+0.000171694j -0.00172545-0.000103725j 0.00271662+0.00129686j -0.00133267-0.00716448j -0.00297832-0.00289919j 8.14471e-05-0.0031168j -0.00150979+0.00362078j -0.000897745+0.00250386j 0.00247627-0.000490443j 0.000818448+0.0017679j 0.00166039+0.00107934j -0.00100461+0.00324705j -0.000846684+0.00198094j 0.000246127-0.00506223j 0.0011673+0.00295641j 0.00136169-0.000900704j -0.000268981+0.000607288j -0.000850509-0.00215026j 0.000230384+0.00482591j -0.000621701-0.00202805j -0.00129779-0.0013727j -0.000102634+0.000423682j 0.000437816+0.00131435j 0.00203589+0.000702569j 0.00165063+0.00249592j 8.45704e-05-0.00121473j -0.0016301+0.000778737j 0.00266268-0.000113744j 4.98436e-05+0.00319787j 0.000183236+0.000391152j -0.00166375+0.0019299j -0.00161221+0.000216083j -0.00018281+0.000198875j 0.000698815-0.000817402j -0.00101638+0.000266211j 0.000652894+0.000529686j 0.00187902+0.000518985j 0.00100946-0.000164031j -0.00146848-0.000759041j -0.000775933+0.0014659j 0.00201049-0.00200388j 0.000220049-0.000940812j 0.000319336+0.000144933j -0.000338135-0.000603004j -0.00077714+0.00224178j -0.00171091+0.000148666j 0.00110688+0.000198355j 0.000147066-0.00239371j 
0.0321147+0.130838j 0.161411+0.00262131j 0.0549529+0.163936j 0.223727-0.0164839j -0.0846815+0.0907562j 0.00247927-0.00897967j -0.00031309-0.00132018j 0.012605-0.0130261j -0.0127715+0.00619557j 0.0129729-0.0286665j 0.0120532+0.00272625j 0.0183024-0.00659091j -0.00436286+0.0113074j -0.0147538-0.000637828j 0.0045428-0.00451261j 0.00346024+0.0130114j -0.0133326-0.0112743j 0.0146864-0.0136979j 0.00718502+0.000133806j -0.0101736-0.00856998j -0.00654996+0.00121412j -0.0207477+0.00646313j -0.0116192+0.0117279j 0.00600537-0.00163448j 0.00461618-0.000454667j 0.00333924-0.000121702j 0.00238283+0.00343104j -0.0055685-0.000496666j -0.00121188+0.000293711j 0.00617086-0.000104327j -0.00115234-0.00237575j 0.00303238-0.00557407j -0.00177336-0.00110423j -8.78438e-05+0.000383223j -0.00341838+0.000439988j -0.00116858+0.00182083j -0.00555823+0.000929015j 0.00460042-0.00087979j 0.00229433-0.00466338j -0.00195326-0.000997552j -0.000811916+0.00815986j 0.00267589-0.00103559j 0.00749457+0.000681966j 0.00901921-0.00203836j -0.00323084-0.00845327j 0.0102849-0.00432936j -0.0023712-0.00055418j -0.00311234+0.00013105j 0.0060377+0.00122876j -0.00169328+0.00365671j 0.00540856-0.00659302j -0.00330422+0.000612733j 0.000348268+0.00255261j -0.000352763-0.00156246j -0.000702343+0.00434084j 0.000631774-6.13064e-05j 0.0016986-0.00474826j 0.00810124+0.00220817j -0.000173059+0.00113255j -0.00184087-0.00139374j -0.00088709+0.0033048j 0.00120553+0.00192528j 0.000669465+0.0031833j -0.00193264+0.00401491j -0.000518535-0.000494743j -0.000861567+0.00198975j -0.00195608-0.000785128j 0.00221285-0.00135896j -0.000250494-0.00178421j 0.00149567-0.00331116j -0.000161258+0.000950058j -6.48686e-06+0.00715024j 0.000594495-0.00448535j 0.000529412-0.00192689j -0.00140199+0.0029634j -0.000169813+0.00182054j -0.00158392+0.000714646j 0.000237338-0.000176184j -0.000772125+0.00111146j 0.000930146-0.000148079j -0.000155849+0.000935015j -0.000261361-2.73865e-05j 0.00116887-0.00140125j 0.00133634-0.00134385j -0.00130714-0.00077748j -0.00176058-0.000893679j 0.0075224-0.00466684j 0.00121341+0.00480936j 0.000880486-0.00271239j 0.000980083+0.0020671j 0.00573051-0.00278515j -0.000143789-0.00348497j 0.00254897-0.00457127j 0.000869637-0.00273781j 0.00501002-0.00261368j 0.00280361-0.00529818j 0.000466426-0.00408116j 0.00135153+0.00403916j 0.00801436+0.0015286j 0.00218898-0.00184153j -0.00414157-0.00347546j 0.00468904-0.00119739j 0.00473494-0.0116813j 0.00517091+0.00204987j 0.000650002+0.00182389j 0.00198432-0.00123001j -0.00149516-0.00089927j 0.00196317+0.00129899j -0.00120891-0.0037138j 0.0021211+0.00207567j -0.00455495+0.00224095j 0.00149968-0.00558408j 0.004546-0.00483196j -0.00398471+0.00507274j 0.0109683-0.00626026j 0.00483874-0.00245086j 0.000546176+0.00134336j 0.00388747+0.000454401j -0.00295866-0.0016361j -0.00351713-0.000901796j -0.00374333-0.00388164j -0.000791247-0.00237345j 0.00355333+0.0129147j 0.000588379+0.00989386j -0.000784038-0.00318874j 0.00273109-0.00103738j 0.000116697-0.000333144j 0.000404685-0.00114739j 0.000212428+0.000753179j -0.000380064+0.00123616j -0.000333656+0.00103046j 0.000968699+0.00113368j -0.000445105-0.00122468j -0.000566877+0.00107561j -0.00452748+0.00404809j 0.0054923-0.00415009j 0.000247036-0.00170702j 0.00178821-0.00231091j -0.00027374-0.000228682j 0.0034189-0.00250065j -0.00308697+0.00391541j -0.000601129+0.00401099j 0.000315427-0.00196993j -0.000718945+0.00187935j -0.0012717+0.00112312j 0.00141627-0.00193507j -0.00306325+0.0019106j 0.00107017-1.48963e-05j 0.00261199-0.000188113j 0.000579953-0.000990998j 0.00280962-0.00117624j -0.00127385-0.00200338j -0.00101245-0.0018744j 0.000246644-0.000947189j 0.00117106-0.00162072j 0.0020922-0.00297997j 0.00182541-0.00110913j 0.000501535-0.000864703j -0.000505534-0.000432013j 0.00117913-0.00100671j 0.00043344-0.000606039j -0.00058729+0.00028811j -5.85661e-05-0.00082443j 0.00176079-3.59895e-05j 0.00195704+0.00015218j 0.0013619-0.000525919j -0.00173272+0.00177842j 0.0012307-0.000827754j 0.00316144+0.00140807j 0.000431329-0.000395527j -0.00105531+0.00407888j 0.0032866-0.00134002j -0.00105201+0.000102715j 0.00161888-0.000922598j -0.00104669-0.000881955j -0.00248217-0.0010269j 0.00152734+3.15297e-05j -7.46109e-05-0.000620922j 0.000385512+0.000735667j -0.000993259+0.000141584j -0.00469111+0.000375004j -0.00247435-0.00225024j 0.00245945+0.00130131j -0.00247624+0.00280037j 0.00211781+0.000940746j -0.00471377+0.00117075j 0.00210199+0.00139774j -0.00211607-0.00154977j 0.00494086-0.0032444j 
0.150414+0.0378501j 0.136827-0.152271j 0.0148938+0.0164006j -0.122637-0.219389j 0.0441582+0.163377j -0.0298044-0.021196j -0.0358876+0.016245j -0.00461205+0.0130248j 0.0266063-0.00173152j -0.0149443-0.0143046j -0.0107699-0.00534501j -0.00513498-0.0119422j 0.00863714-3.47499e-06j 0.00513167+0.0100091j 0.00041788-0.00223181j -0.0138379+0.00257769j -0.00766152-0.0174301j 0.01412+0.00096841j -0.00167146+0.00793868j 0.000893887-0.00871117j -0.00548163-0.00169758j -0.0043177+0.00620412j 0.0123541+0.00058157j -0.00622772-0.0099165j -0.00167489-0.00124692j -0.00635819-0.00369189j -1.68674e-05-0.00278893j -0.00155135+0.00400427j -0.00321076-0.00189906j 0.000448067+0.00290989j 0.00171949-0.00154708j -0.00379229+0.00202284j -0.00397468+0.000463979j -0.00135781+0.000853502j 0.0019321+0.000632738j 0.000414827+0.00104724j 0.00558858+0.00403428j -0.00629955-0.00132943j -0.000232047+0.00329204j 0.00129628+5.42819e-05j -0.00650538+0.000102681j 0.00631198+0.00286112j 0.00453752+0.00398286j 0.00514519+0.00461712j 0.00728747-0.0155551j 0.00955276+0.00111691j 0.00598433-0.000213401j 0.00197268-0.00421739j -0.00570469+0.00934558j -0.00807237+0.00276477j 0.00112244+0.00724304j -0.0013025-0.000340701j -0.00859415-0.0091605j 0.000156166-0.00127451j -0.00370423-0.000472871j 0.000969173-0.000802469j -0.00320051-0.0018175j -0.00506932-0.000538096j 0.00162825+0.00350252j -0.00177661-0.00104559j 2.3744e-05-0.00172485j 0.000858318+0.00136713j 0.000113871+0.00207598j -0.00455776+3.69642e-06j 0.00201975-0.00249212j -0.00044835-0.00696007j -0.000934038-0.0011521j 0.000386412+0.000657698j 0.00294718-8.66654e-05j -0.000471211+0.0041046j 0.00106646-0.00136174j -0.000671647-0.000941133j -0.00370912+0.0078927j 0.00419303-0.00329333j -0.00190155-5.86063e-05j -0.00181415-0.0027781j -0.00419077+0.00487207j 0.000367958+0.000794051j 0.000134373+0.00118242j 5.43519e-05-7.55605e-05j -0.00021572+0.000727213j -0.00241889-0.000613861j -0.000394416-0.00384817j 0.00265634-8.33567e-05j 0.000376851-0.000429768j 0.000795449-0.00236331j 0.00161721-0.00372932j 0.00221954+0.00446587j 0.000326534+0.000325903j 0.000958102+0.00212464j -0.000511093-0.00220111j -0.00172399-0.00167209j 0.00172731-0.000185223j 0.000193599+0.00110587j -0.00340935+0.000887914j 0.00145684-8.56933e-05j 0.00273547+0.000401594j -0.00649974+0.00342474j -0.00398722-0.000714597j -0.000306831-0.000779158j 0.00298782-0.00114096j -0.0033828-0.000573494j 0.00505787+0.0052261j -0.00239297+0.000523839j 0.00049247+0.000883507j -0.000292736+0.00132194j 0.0032468-0.00174494j -0.00085036+0.000827009j -0.000999103+0.00325786j -0.000196159-0.000518861j 0.000434041-0.00281336j -0.000524458+0.00190471j 2.69394e-05+0.00320305j 0.00128489-0.00352235j -0.00247168+0.0094394j -0.000638664+0.00804819j -2.98089e-05+0.000712046j -0.000694371+0.00322145j 0.00348345+0.000968982j 0.00219656-0.000693618j 0.00594713-0.000743919j 0.000353576-0.00087872j -0.00592798+0.00154816j -0.00200625+0.00035366j -0.000248403-0.000222698j 0.00115911-4.82676e-05j 0.00170463-0.00200214j 0.00113184+7.77566e-05j -0.00029365-0.00103739j -0.00270057-0.00162848j -0.00199548-7.82961e-05j 0.00459843+0.00015095j -0.000661588-0.000317826j -0.000770882-0.000507936j -0.00110118-0.00127435j -0.00180913+0.000889629j -0.0017843-0.000338356j 0.00111567+0.00309366j -0.00056488-0.00154987j -0.00169335+0.00352831j 0.000928219-0.00207104j 0.000733393-0.00126021j -0.000751416+0.00138849j 0.00159055-0.00300984j 0.00113021-0.000202662j -0.000726085+0.00205233j -9.91427e-05+2.47007e-06j -0.00180901+0.00112609j -0.00217753+0.00137961j 0.00223941-0.000919637j -0.000440735+1.36591e-05j 0.00197461+0.00055565j -0.00336697+0.0019962j -0.00240041+0.00139215j 0.00165024-0.00123207j -0.000458494-0.000345644j 0.00200428-0.000542032j 0.000754379+0.000359565j 0.00183543+0.000291538j 0.00183191-2.9976e-05j 0.00198914-0.000405803j -0.00179089+0.00187969j 0.00197454+0.000343274j 0.00280689-0.00180465j 0.00214609-0.00270592j -0.00101526+0.000254312j -0.000189626-0.00176471j -0.00209271+0.0019632j 0.00578406-0.00342189j -0.00427839+0.00177657j 0.00327123-0.00268531j -0.0025361+0.00209903j 9.48257e-05+0.00100652j 0.000872126-0.000847281j -3.91727e-05-0.00140447j -0.00229469+0.0027164j 0.000536719-0.000514941j -0.000358242-0.000334376j -0.00053536-0.000150677j 0.00100303+0.00231529j -0.00367471+0.0033083j -1.35891e-06-0.00197139j 0.00350695-0.0022842j 0.0016299+0.00205423j 0.000481979-0.00101303j -0.000406167+0.00473138j 0.00205049-0.00039959j -0.00183521+0.000316795j -0.00142023-0.00445141j 
0.0366516+0.136603j 0.119757+0.0233972j -0.0361972+0.101801j -0.158345+0.212547j 0.147158+0.0137433j 0.00459411-0.00874447j 0.00268109+0.00193825j 0.00603715-0.00209527j -0.00373577-0.0438581j -0.00179575-0.00440724j -0.00854198+0.0256055j -0.00787433-0.00275026j 0.00214109+0.00139961j -0.0105603-0.00873259j 0.000342541-4.10046e-05j -0.00452426+0.00739651j -0.00797342-0.00944319j 0.0109309-0.00216974j 0.0031651+0.00560682j 0.00184199-0.00657466j -0.00684118+0.0036112j -0.00725088-0.0023892j -0.00430125-0.00605002j -0.0148243+0.00457708j 0.00213461-9.04551e-05j -0.00358038+0.0019978j 0.00175332-0.00274765j -0.00265402+0.000377282j -0.00158891-2.76776e-05j -0.000194434+0.00535234j -0.00344937-0.000329096j -0.00243287+0.0016463j -0.000433985-0.0004101j -0.000459942-0.000264464j -0.00270644-0.00211447j 0.00124119+0.000808339j -0.00201367-0.00298504j -0.000925352+0.00145669j -0.00282564-0.00160068j -1.03432e-05-0.00263687j 0.00587477-0.00122106j 0.00296793-0.00414873j -0.000329189+0.0063767j -0.00317721+0.00876112j 0.00978828-0.00548046j 0.00144248+0.00985358j -0.00261999+0.00396096j 0.00291057+0.00494224j -0.00186584-0.00557515j 0.00597287-0.0126405j -0.0116011-0.00406023j -0.00151983-0.00152248j 0.0106125-0.00225384j -0.00336117-0.00403235j -0.000296373+0.00478047j -0.00106903-0.00244394j -0.0024955-0.00253632j -0.00202961-0.00338766j 0.000847909+0.00206622j 0.00142849-0.00574676j -0.00526287-0.00041558j -0.0011382+0.0010821j 0.0060656+0.000607701j 0.00472842-0.00127498j -0.00545398-0.000912934j 0.00139975-0.00112199j 0.000221769+0.000172877j -0.00383422+0.00074884j -0.0019935+0.00170376j 0.00049702+0.00246563j -0.00135181-0.000170489j 0.00125552-0.00284818j -0.000187758+0.00211174j -0.00190476+0.00117465j 0.00142064-0.00142458j 4.59788e-05-0.000926149j 0.000764295-0.00112454j 0.000559615+0.000826724j 0.000764389-0.000412608j 0.000469209+7.3736e-05j 0.000685177-0.000405025j -0.00195139-0.00132413j 0.00110547+0.00113661j 0.000927737+0.00224825j -0.000679993-0.000630466j -0.00109335-0.00098089j 0.00140079+0.00803056j 0.0022306+0.00562728j -0.000337987+0.00164937j 0.00337812-0.00233954j 0.00258518+0.000549672j -0.00223751-0.00305523j -0.00306861+0.00182535j -0.00335944+0.00429561j -0.00225867+0.00175539j -0.00434004+0.0024768j -0.00407112+0.00942068j 0.00282633+0.00422434j 0.00440562-0.000949294j -0.00375527-0.000185869j -0.00538062-0.000371999j -0.0018025-0.0057539j -0.0131023-0.00790472j 0.00733708-0.00601411j 0.00264718-0.00183269j 0.000829415-0.00336507j -0.000487211+0.00399125j -0.000402978-0.00190946j -0.00126133-0.00451978j 0.00173798-0.00118568j 0.00443405+0.000988158j -0.0054968-0.0017675j -0.003342+0.000882848j 0.00810036+0.00646324j -0.00964544-0.00604584j -0.00478443-0.00477328j 0.00106101-0.000936698j -0.00192264-0.00210172j -0.00224166+0.00218633j -0.0018095+0.002533j -0.00424769+0.00455744j -0.00423346+0.00345326j 0.00782039-0.0064622j 0.00597977-0.00302117j 0.00106775-0.00423086j -0.00253829+0.00467431j -0.00280772-0.00354421j -0.00137737+0.00082586j 0.000396383-0.00251872j 0.00155633-0.00238626j 0.00249213-0.0014744j -0.0024128+0.000716731j 0.00294384-0.00321323j -0.000126781+0.00164475j 0.00604929+0.00138438j -0.00620899-0.00183709j -0.00167146+0.00128846j -0.00273265-0.000782975j 0.000448576-0.000797049j -0.000410943-0.00158576j 0.00147761-0.000513582j 0.00258533+0.00121588j -0.000142646-0.00223583j -0.00201082+0.000272452j 0.002593+0.00167634j 0.00356137+0.00207391j -0.00224925+0.00138205j 0.00191777-0.000260337j 0.00114077-0.00338417j 0.000349981+0.000322574j -0.00165741-0.00112853j -0.000867631+0.000118019j 0.000970778-0.00228999j 0.00322756-0.00457296j -0.00104061+0.00150835j -0.000197609-0.00470538j -0.00087391+0.00244531j 0.000612358-0.000155675j 0.000764486+0.00136848j -0.00191293+0.00079837j -0.000186315+3.57683e-05j 0.000647559-0.00075146j -0.00195411+0.00366907j 0.000391158-0.00181627j 0.000361052-0.000980642j -0.000304557-0.00323343j 0.00191814-0.0018898j -0.00124042+0.00109169j -0.000471261-0.000314879j -0.000922632-0.00177642j -0.001145+0.00231503j -0.000251952+0.000828631j 0.00235879-0.00178631j -0.000447118-0.00115238j -2.84997e-05+0.000260186j 0.000455429-0.000568281j -0.00148457+0.00221147j -0.00275602+0.0017567j 0.00113371-0.00102109j -0.000485571+0.00294897j 0.00054495-0.00133588j -0.00124544-0.000941942j -0.00121156+0.00362617j 0.00179066+0.000225237j 0.00150035-0.000557901j 0.00126235-0.0026145j 0.00143953+0.00210115j -0.00251902-0.0015968j -0.00104376+0.00252082j 
0.198065+0.0423506j -0.0173126-0.189702j 0.0931285-0.0404881j 0.0901735+0.152235j 0.0518936-0.0950547j -0.00810286-0.0392154j -0.0315875+0.00997061j 0.00945092+0.00180633j -0.0285906+0.00248627j -0.00596771+0.00546086j 0.00807813-0.00128774j -0.00958347+0.0046225j 0.0172658-0.013348j 0.0027104+0.0133918j -0.00150802+0.00955226j -0.013559-0.0195537j 0.0266966-0.0205316j 0.00905504+0.0115631j 0.00269881-0.00448273j -0.00356177+0.0153743j 0.00599929+0.0081764j 0.00960813+0.00540088j 0.000685604+0.00109119j -0.00080197+0.0104605j -0.000814991-0.00190579j -0.000183715+0.000815639j -0.00234152-0.00449956j 0.00217425+0.00246493j 0.00107882+0.00157498j -0.000853129-0.00205067j 0.00130902+0.00384164j -0.00066615+0.00362671j 0.000643779+0.00057791j 0.000181381-0.000207847j 0.000585972+0.000455587j 0.00154947-0.00392612j 0.000297658+0.00476537j -0.00635467+0.00315183j -0.00718287+0.00575159j 0.00254427+0.00432483j -0.00213759+0.00882273j 0.00396507+0.00197851j -0.00177901+0.0055317j -0.00227342+0.00608338j 0.00420293+0.00573561j -0.00342583+0.00444754j 0.00120826-0.00662049j -0.00614305-0.00282464j 0.00544566-0.00340103j 0.00675097+0.00300665j 0.00956927-0.00568346j 0.00167718-0.000884526j -0.00558998+0.0105233j -0.00436386+0.00191773j 0.00138225-0.0077839j -0.00142079+0.000989281j -0.000683418+0.00308455j -0.00146188+0.00032074j 0.00055943+0.000867036j -0.000256725+0.00242081j -0.000554043-0.00313771j 0.00212151-0.000290162j -0.00174101-0.00336855j 0.00244604+0.00427821j 0.00175627+0.000151137j 0.00413646+0.00516715j -0.000923987-0.00102104j 0.000274877+0.000223661j -0.00118742-0.00229557j 1.92081e-05+0.00408181j -0.000895842-0.00274905j -0.00109579-0.00511595j -0.00285206-0.00078916j 0.000474989-0.000859058j -0.000137648-0.00111967j -0.000613579-0.000312105j -0.000359401+0.000480584j -5.78672e-05-0.00101821j 0.000471265-0.000794777j 2.73616e-05+0.000247756j 0.000174229-6.13831e-06j -0.00229154-4.95616e-05j 0.00162248-0.00215447j 0.00233253-0.000524029j -0.00020237+0.00153041j -1.94989e-05+0.00300753j -0.00256071+0.00107952j 0.000253818-0.0043535j 0.000489766-0.0032563j 0.00117276-0.000263832j -0.000745599+0.00212334j -0.00166837-0.000588986j -0.00321047-0.000919882j -0.00204189-0.000176665j -0.000310622-0.00275283j -0.00387589+0.00151359j -0.00408111+0.00187488j -0.00370948-0.00464905j -8.88221e-05+0.0118911j 0.00105015-0.000750492j 0.00105321-0.00537546j 0.00566813+0.00559193j 0.00577534-0.00381929j 0.000643031+0.00467486j -0.000340733+0.000538329j 0.00110815+0.000688718j -0.00469497-0.00239481j 0.000485588-0.000485586j -0.000101769+3.98611e-05j 0.000837886+0.00106153j -0.000383781+0.00203065j 0.000314796+0.00101818j 0.000590662-0.00315944j -0.00080559+0.00045721j 0.00425895-0.00436777j 0.00400833-0.00350948j 0.000992229-0.00105851j 0.00233964-0.00105804j -0.00170469-0.00257856j -0.000249355-0.000563536j -0.00380438-0.00307343j -0.000300154-3.94721e-05j 0.00580317+0.0015898j 0.00288681-0.00054187j -0.00103759+0.000828324j -0.000197244-0.00106615j -0.000723859+0.00115499j -0.000512763-0.00101727j 0.00145438+0.000693136j 0.00138542+0.00246776j 0.00109137-0.000251767j -0.000115549-0.00251762j -0.00188684-4.3402e-05j 0.000749533+0.000951352j 0.00109947-0.000273546j 0.000968956+0.00234113j 0.0013857+0.00148273j -0.000281934-0.000824846j -0.000749379+0.00171918j -0.00013997-0.00244293j 0.00244031+0.00173742j 0.00137447-0.000424034j -7.92301e-05+0.000256899j -0.000972689+0.0011653j 6.95128e-05-0.000571363j 8.04686e-05-0.00313214j 0.00281807+0.00308029j -0.000687447-0.000349937j 0.00125716-1.48902e-05j -0.00239018-0.00240412j -0.000393679+0.00194624j -0.000665122-0.00220101j 0.000471647-0.00147214j 0.000558797-0.000501463j -0.00155522-0.000366236j -0.00202966-0.00205152j -0.0017564-0.00197681j -0.000428043-0.000705635j -0.000309846-0.000585379j -0.000864273-0.000592866j 4.55378e-05+0.00035397j 0.000772017+0.00143184j -0.00126937-0.00124518j -0.000494006+0.000885044j -2.14953e-05-0.00239077j 0.00092866+0.000696133j 0.00115819-0.00094724j 0.000325304+0.00240011j -0.0015102-5.09299e-06j 0.00201334+0.000838736j 0.00232931+0.00381498j -0.000318158+0.000942145j -0.000812492-0.000175296j -6.87602e-05+0.000691315j -0.000983822-0.00046628j 0.000463474+0.000617029j 0.00036964-0.000775754j 0.00056911-0.00134012j -0.00101897+0.00095476j 0.000283064-0.00274067j 0.00086733+0.00120336j -0.00243911+0.000293338j 0.000724932-0.00287739j 0.00160239-0.00100914j 0.00139342-0.000334879j 0.00119664+0.00117033j 0.00220733-0.00275009j -0.00168925+0.00293376j -0.00143684+0.000371196j 
0.06057+0.174321j 0.0627851-0.00411814j -0.239802-0.0541212j 0.0140379+0.0128631j -0.101749-0.0893993j 0.0111888-0.0204443j -0.00323188-0.00399726j 0.0264349-0.0174497j 0.0142282-0.00339438j 0.0140844+0.00918923j 0.00127014-0.00556838j 0.00267571+0.0071929j 0.000643208+0.00382093j -0.0145169-0.00288112j 0.00678253+0.00104354j -0.00111625+0.007622j -0.00417433-0.00909699j 0.00762946-0.00777714j 0.00495306+0.00114919j -0.0085401-0.000441043j -0.00657135-0.00437651j -0.0045748-0.0070372j 0.000517465-0.000313808j -0.00494912-0.00249001j 0.00284232+0.00374939j 0.00172253+0.000707354j 0.00151039+0.00399567j -0.00130353-0.00291615j 0.00151036-0.000284842j -0.00347295-0.00189639j 3.1522e-06+0.00345941j -0.000208513-0.000763723j 0.00103161-0.00272314j -0.000657156-0.00031608j -0.00289104-0.000741974j 0.000862868+0.000268759j -0.00770954-0.00241849j 0.00523282+3.94588e-05j -0.00202188-0.00771602j 0.000576498+0.000898207j 0.00310166+0.00410298j 0.00114159-0.0100152j 0.0130763-0.00114971j 0.0116618-0.00262128j -0.00448347-0.0196755j 0.0155811-0.00583073j -0.00119565-9.40872e-05j 0.00299539+0.00516194j -3.84746e-05-0.00210745j -1.09756e-05-0.00382973j -0.000927502-0.00114257j 0.000582912+0.00121552j 0.00477131+0.00356703j 6.33329e-05+2.03948e-05j 0.00097345+0.00268234j -0.000905888+0.0010331j 0.00228555+0.00120569j -0.0013402-0.00422759j -0.00261638-0.00215474j 0.00164426-0.00183258j -0.000513561-0.00103808j -0.00154111-0.000318287j -0.00264026-0.000751657j 0.00175314-0.00260444j -0.00132544+0.000199523j 0.00238266+0.00409369j 0.00157063-0.00050318j -0.00106722+2.32766e-05j -0.0034383+0.00154739j 0.000986433+0.000994316j -0.00158591-0.000270198j -0.0015093-0.00257634j -0.00128897-0.003724j 7.21583e-05+0.00426933j 0.00043299-0.00271023j 0.00152872-0.00242837j -0.00139598-0.00359661j -0.000142228+0.000421024j -0.000898043-0.000512942j 0.0012513-0.000381003j 0.000274345+0.000421943j -0.000984867+0.000973871j -0.000526052+0.00095941j 0.00134885-0.000570493j -0.00238039+0.000610848j -0.00604662+0.00255988j 0.00109683-0.00190569j 0.00390229-0.00188304j 0.00286688-0.00434691j 0.00441328-0.00319679j -0.00306121-0.00178971j 0.00272668+0.00370575j 0.00633605+0.00157819j 0.00357304+0.000608492j 0.00334559-0.00153661j -0.00071486-0.000446432j -0.00509553-0.000596948j 0.00500396-0.0169658j -0.0149291-0.00135286j 0.000491101+0.00323261j 0.00676271+0.00623045j -0.0020407+0.00100087j 0.00353908+0.00795541j -0.00441221-0.00324792j -0.000505926-0.00427979j -0.00193128+0.00126429j 0.00233579-0.00100155j -0.000639383-0.000189829j 0.00220825+0.00025969j -0.000760565-0.00227267j -0.00135094+0.000472562j 0.0023265-0.00118005j 0.000860202+0.00113017j -0.00254617+0.00222189j 0.00275194-0.00420405j 0.000118376-0.00211291j -0.000223102-0.00101928j -0.00116396-0.00221032j -0.00150541+0.00262692j -0.00279391+0.00327175j -0.00146367+0.00435161j 0.000559596+0.00178723j 0.000104351-0.00812973j -0.000569051-0.00544803j 0.00208246-0.000683672j -0.0017316+0.00200862j 0.00232523-0.00101028j -0.000873164-0.000530757j -0.00153897-0.00336243j 0.000708384+0.000209432j 0.000670903-4.87724e-05j -0.0015984-0.00197903j 0.00272359+0.00110867j -0.000740412+0.000139356j -0.00086904-0.000500827j 0.00062037+0.00116773j 0.000272456-0.000353042j -0.000651129-0.00142759j 0.00110223+0.00095111j 3.34728e-05-0.00252847j -0.00083661-0.00106874j -0.00187248-0.00144824j 0.000547353-0.000520513j 0.000456294+3.13843e-05j -0.00260602-0.000681224j -0.00305142+0.00101175j 0.00106365-0.00124913j 0.000267937+0.000984485j -0.000283853+8.61059e-05j 0.000100599+0.00123355j 0.000603824+0.00201123j -0.000704383-0.000122367j 0.000554506-0.00194402j 2.49254e-05-0.00294977j 0.000323784+0.00156616j 0.00158801-0.00103511j -0.00075537+0.00302076j -0.000773334+2.54852e-05j -0.000734195+0.00145407j 0.000104717+0.000346636j -0.000380295+0.00176849j -0.00145182-0.0013872j 0.000970494+0.0025488j -0.000238622+0.00165527j -0.000188925+0.000539971j -0.000824466-0.00105981j 2.77591e-05-0.00363643j -0.000187619+0.0019422j -0.000229601+0.00396506j -0.000703563-0.00194368j -0.00105397+0.00174926j 0.000138157+0.00080763j -0.000413824-0.00159804j 0.00107766+0.00112241j 0.00171242-0.000834463j 0.000226101-0.00160589j 0.00136595+0.00104092j 0.00060458+0.00104066j -0.00162948-0.00108141j 0.00198522+0.00295806j -0.00235262-0.00281609j 0.000200873-0.00148208j 0.00189819+0.00385424j -0.00286531-0.00030425j 3.96442e-05-8.33345e-06j -0.00289699-0.00196552j 0.00247454+0.0022871j -0.00178569-0.00119005j 0.00426977+0.00118346j 
0.122339-0.153992j -0.102798-0.0906914j -0.0358798+0.203252j -0.0548651-0.0777811j -0.0571541+0.0928586j -0.0149163+0.00290756j 0.00439535+0.00683001j -0.011295-0.0240973j -0.00388826-0.0149242j 0.00752479-0.0118025j 7.56856e-05-0.00554879j 0.00786558-0.00507603j 0.00378545-0.0027186j 0.00315939+0.0150246j -0.00103376-0.00197443j -0.00078172-0.0131818j 0.0090369-0.00519142j -0.00283753+0.00450355j 0.000758201-0.00556088j -3.50513e-05+0.0132252j -0.0023255+0.0070427j -0.00279803+0.00796267j -0.00122654-0.00218457j -0.000785195+0.000868414j 0.00300203-0.00187807j 0.00229844-0.000571452j 0.00216443-0.000116834j -0.00268631+0.00102919j 0.000243083+0.000867565j -0.000593878-0.000382264j 0.00154688-0.00163741j 0.000494851-0.00267423j -0.000762128+0.000501663j 0.000500586+0.000464377j 0.000423003+0.00291937j -0.000564365-0.000983037j 0.00503916+0.00651711j -0.000937025+0.00298553j 0.00295632+0.00772388j 0.00272929-0.00386617j -0.00427567+0.00752162j 0.0115736+0.0120103j -0.00255398+0.0143317j -0.0018603+0.0167703j 0.0247737-0.0012885j 0.00214129+0.0123052j -0.000291459+9.56872e-07j -0.000295969-0.00516426j 0.00267481+0.00257359j 0.00303696+0.00387597j 0.00390323-0.00397583j 0.00025691-0.00187066j 0.00241+0.00283961j -0.00286949-2.75016e-05j 0.00252702-0.000421095j 0.000784482-0.00141298j 0.00393538-0.000802141j 0.00254838-5.28721e-05j -0.00247164+0.00120782j -0.000616726+0.00219638j 0.000221432-0.000545733j 4.49552e-05-0.00071456j -0.00203345+0.00344452j -0.00177436+0.0010017j 0.000906471-0.000269471j 0.00274679+0.00190342j -0.00104371+0.001229j -0.000283014-0.00199893j 4.22505e-05+0.00065039j -0.00142651-0.00270095j 5.70855e-06+0.00122831j -0.00056444+0.00208702j -0.00213523-0.00258118j 0.000268035-0.00243263j -0.000113846+0.00246193j -0.000572235+0.00153973j 0.00078983+0.00109293j -0.000601077-0.000779718j 0.000160724+0.000759545j 0.000214288+0.000216173j -0.000666446+0.000946201j -0.00144111-7.17815e-05j 0.000241788-0.00466187j 0.00239107-0.0026024j -0.000506877-9.43168e-06j 0.000214673+0.00015846j 0.00252677-0.0101701j 0.00427376-0.000612333j 0.00438648-0.00394275j 0.000575957+0.00695042j 0.000978391-0.0067712j -0.00474672-0.00143343j 0.000859822-0.00487927j 0.00332895-0.00300952j -0.000880913-0.00199684j -0.000162217-0.00291878j 0.00631739-0.00967294j 0.00940038+0.000420195j -0.00341751-0.0127618j -0.0030117+0.00314295j -0.000888106+0.00764071j -0.00678585-0.00065757j -0.00884154-0.000944799j -0.00475792-0.0047472j -0.000268213-0.000854157j -0.00204831-0.00370769j 0.00304403-0.000805957j -0.00285959+0.00391748j 0.00192985-0.00398903j -0.00278507-0.000317903j 0.00075264-0.0010995j 0.00247227-0.00108494j 0.000502493-0.00432456j 0.000548219+0.00297295j 0.000124784-0.00588995j 0.00237818-0.00493231j 2.36851e-05+0.000945293j -0.00111933+0.00132037j 0.002018+0.000378135j 0.00263674+0.000328144j 0.00356693-0.000987409j 0.00450383-0.000803213j -0.00688441+0.00296109j -0.00494142+0.00257301j -0.00101286+0.000543731j 0.000426799-0.0020552j 4.1315e-05+0.000194724j -0.000840943-0.00154709j -0.00140678+8.02504e-05j 0.000980971+0.000908935j 0.000567344+0.0013618j -0.000193078+0.000644853j 0.0026485-0.000314982j -0.000687658+0.000387594j -0.000231332+0.00127019j -4.89489e-05-0.00177949j -0.000729682-0.00108321j -0.00131682-0.000332786j 0.000993284-0.00046489j -0.00130675-0.00156161j -0.00117897+0.00249858j -0.000910489+0.00207752j 0.000303595-0.000621851j -0.000906951-0.000784834j -0.000709728-0.000599877j 0.000961372-0.000144367j 0.000364964-0.000108227j 0.000865209-0.000498985j 0.00036322+0.00129897j -0.00054095+0.000900655j -4.01284e-05-0.000605055j 3.37933e-05+0.0007452j -0.000532586-0.0004888j -0.00054658+0.000276231j 0.00141978-0.00090288j -0.000893669-0.000388606j 0.000853418-0.000423382j 0.000482859-4.73087e-05j 0.000942366-0.000332497j 3.94467e-05-0.00148863j 0.000504685-0.000370243j 0.000580877-0.00225913j -6.18443e-05-0.000249365j 0.000568178+0.00134679j -7.87935e-05+0.0022714j -0.000607002+0.00153286j -0.000605169+0.00122909j 0.000428708-0.00236852j 0.00104829+0.00167881j -0.000914685+0.000202833j 0.00144927+0.000690465j 0.00081031-0.00140988j -0.000463678+0.000523449j 0.000832639-0.0013979j -0.00100585+5.64334e-05j 0.000695333+0.000391456j 9.68653e-05-5.75254e-05j -0.000236974+5.87062e-05j -0.000799714+0.00212068j 0.00143822-0.00186178j -0.000633204+0.00286405j -0.00224822+0.00117799j 0.000946477-0.00319012j 0.000202909+0.00245637j -3.39695e-05-0.00147129j 0.00117193+0.00412724j 0.00133371-0.00364022j -2.76934e-05+0.00294839j -0.00111285-0.00474961j 
0.118496-0.198854j 0.229095+0.0107992j -0.0872668-0.0532641j 0.0830385+0.0535653j 0.00996412-0.067104j -0.0276108-0.00426359j 0.00406809-0.00824182j -0.00297415+0.0016413j 0.0039486+0.00110951j 0.00193043+0.0018336j -0.000550086+0.00472231j -0.00436394+0.00099446j -0.00922545-0.0127992j -0.0152624+0.0133435j 0.00282677+0.00184163j 0.00660969-0.000572266j -0.00635074+0.000913659j -0.000459763+0.00296782j -0.000612161-0.00106754j 0.000689066-0.0028297j -0.00174143-0.00315748j -0.00572874-0.00307721j 0.00259294+0.00123258j -0.00098725+0.000418469j -0.00252921+0.000482233j -0.00210796-0.000404988j -0.00177879-0.00212501j 0.00119472-0.00134141j 0.000103017-0.00133749j 8.61364e-05+0.0019439j -0.00185326+0.00195582j 0.000165315+0.00140669j -0.000521286+0.000102995j -0.00094076-0.000692228j -0.0032829+0.00232055j -0.00183169-0.00350098j -0.00683743+0.000534153j 0.00044988+0.00790841j -0.00318374+0.00842887j -0.00484993-0.00183506j -0.00532374+0.00304873j -0.00534065+0.00023242j -0.00196366+0.00756055j -0.0011467+0.00942768j -0.00430103-0.00405356j 0.00171871+0.00682024j 0.00123473+0.00102136j 0.000441383+0.000255923j -0.000516216-0.000558634j -0.00289643-0.000737682j 0.000908333+0.00170176j -0.00212767-0.00116032j -0.0041566-0.00181825j 8.4127e-05-0.00227448j -0.00129487-0.00236271j -0.000863399+0.000590927j -0.0025862+0.000893433j 0.000364522-0.00219678j 0.00168663-0.000368133j -0.00020061-0.00206932j -0.00161602-0.00148215j 9.95933e-05-0.00011211j 0.00322871-0.00132652j 0.000599401-0.000568132j -0.00185483-0.000586234j -0.00325663+0.00093735j 0.000333105+0.000622402j -0.000588342-0.00100444j -0.000196148-0.000338205j 0.00136442+0.00105229j -0.000278529-0.000346925j 0.00117959-0.00264819j 0.00240116+0.0016181j 0.000259422-0.000907207j -8.20159e-05-0.00010248j 0.000937734+0.000331187j -0.00152276+0.000295908j 0.000770722-0.000376931j -0.000355026-0.000894278j 0.00174064-0.0004403j -6.22975e-05+3.91608e-05j 0.000649483+0.00337526j 0.00105991-0.000202109j 0.000496732-0.00303081j -0.00453747+0.0035799j -0.00632845+0.00552369j 0.00523507-0.00465323j 0.0059512-0.0104222j 0.00725987-0.00602406j 0.00227598-0.000953417j 0.00353014-0.00228567j -0.00140095+0.00611939j 0.00239302-0.0012627j 0.00177266-0.00209752j 0.00606092-0.000732902j -0.00102142-0.000598792j 9.88145e-05-0.00467508j 0.0204132-0.0127864j -0.00474504+0.00148222j -0.00321017+0.00353916j -0.0034703+0.00328943j -0.00596305+0.00578484j -0.00869694+0.00836136j -0.000418456+0.0015994j 0.00108646-0.0018104j -0.000597794+0.00181274j 0.00224084-0.00405353j -0.000658344+0.00214682j 0.000926869+0.000164581j 0.000190513+2.77759e-05j -0.00109348+4.47652e-05j 2.5433e-05-0.000936845j 0.00257071-0.000380991j -0.00211909+0.000376877j 0.00513763-0.00222093j 0.00273625-0.00224799j 7.10649e-05-0.000336085j 0.000776868+0.000467917j -0.000715466-0.00116071j -0.00100119-0.000215084j -0.00117446-0.00243244j -0.00147962-0.0032142j 0.00289841+0.00168911j 0.0024838+0.00196392j -0.000156885+0.00175918j 0.000279823-0.000898912j -0.00114555-0.00235676j 0.000898902-0.000149986j 0.0014528-0.00143575j -0.000671506-0.000255291j -0.000365606+0.000245092j 0.000299273-0.00280052j -0.00194539-0.00109455j 0.000535142+0.000917125j 0.000523049+0.00165535j -0.00080077-0.000553423j 0.000307361+7.05784e-05j 0.000924747-0.000361573j -0.00137128-0.000116589j 0.00287065+0.00147171j 0.000267744-0.000627354j 0.000187015-0.00119552j -0.000702233+0.000231804j 0.000145072-0.000314371j 0.00279709+0.00047593j 0.00285383+0.000688299j -0.0011831-0.000361366j -0.000278261+0.000490926j -0.000525132+0.00075694j 0.000264056-0.000348916j -0.00133255+0.0010576j 0.000555419-0.000746659j 0.00218832+0.000193212j 0.0012362-0.000136513j -0.000436643-0.000124279j -9.67749e-05-0.000607094j 0.000190531-0.000507901j 3.06277e-05-0.000578798j -0.00110624-0.000293767j -0.00042382-0.00124841j -0.00125293-0.000135371j -0.00021781+5.0423e-06j 0.000269685+0.000465305j -0.00323669-0.001236j 0.000857754-0.00066955j 2.52581e-05-0.000133106j 0.000836887-0.00169683j -0.000500498+0.0017692j -0.00252907-0.00221876j 0.000387331+0.00114105j -0.00287236-0.00248764j 0.00125839+0.00173983j -0.000816154+0.000433238j 0.00065302-0.000226895j 4.35815e-05+0.000212656j -0.000121271+0.00105462j 0.00127312-0.000196529j 0.000292917-0.000345091j -0.00130627+0.000467816j 0.00154623-0.000606429j -0.00322473+0.00198894j -0.00130666+0.00168641j 0.00266238-0.00331975j -0.00105888-0.00148652j 0.00208288-0.000712163j -0.00361205+0.00069558j 0.00329218-0.0038332j -0.00334594+0.00345657j 0.0038855+0.000319417j 
-0.18097-0.0331831j 0.020434-0.195169j -0.0652087+0.0687286j 0.0607336-0.0148658j -0.057248-0.0350671j -0.00180342+0.00833022j -0.0160217-0.00696431j 0.00213019-0.00351415j -0.00128293-0.00243532j 0.00347851-0.00292605j -0.000217611-0.00055512j -0.00183723+0.0022986j -0.0101318+0.00884057j 0.0106782+0.013513j 0.00361288-0.00162258j -0.0040608-0.00492222j -0.000116851-0.000270144j 0.0051378-0.000850492j -0.00135304-0.000781568j -0.000718938+0.00204878j -0.00183957+0.00158318j -0.0019632+0.0034064j -0.000122632-0.000756468j 0.000165583+0.00174945j 0.00013025+0.00220132j -0.000273197+0.000400152j -0.000861896+0.00110849j -0.000131926-0.00112229j -0.000134646-0.000878863j -0.000453314-0.000152976j 0.00261019+0.00258261j -0.000361723-0.000794033j -0.00027122-0.000557563j -0.000734064+0.000126152j 0.00195877+0.00300194j -0.00316307+0.00153393j 0.000787411+0.00752193j 0.00550506-0.00210512j 0.00584355+0.00454164j -0.00030193+0.00478487j 0.00199759+0.00198288j -0.00201622+0.00709008j 0.00348485+0.00202396j 0.00499092+0.00231044j -0.000699239+0.00945683j 0.00348823+0.00126422j 0.000846066-0.00111193j 0.000457345-0.000511038j -0.00175489-0.000210812j -0.00110431+0.00131108j 0.000906499-0.000608095j -0.000921958+0.0011671j -0.00147554+0.00415396j -0.00175951+0.000417646j -0.00189762+0.000687149j -0.00012714+0.00118394j 0.0011439+0.00138423j -0.000912999-0.000147113j 0.000408252-0.00134855j -0.000617351+0.000447507j -0.0015338+0.00243429j -0.00032523+0.000197961j -0.000484808-0.00199428j -0.000166961-0.000335727j 0.000287187+0.0017406j 0.00131428+0.00221616j 0.000114488+0.000717758j -0.0011813-0.000657227j 0.000470596-0.000514442j 0.00103288-0.00146305j -0.000518734-0.000320527j -0.00369882-0.00171593j 0.00175818-0.0018543j -0.000227999-0.000861083j -0.000512421+0.000798185j -0.000216952-0.000725231j 0.000693697+0.00144211j -0.000212121-0.00072171j -0.000575683+0.000333674j -0.000238802-5.43993e-05j -0.00122549+0.00034222j 0.00118829-0.000582569j -0.00103555-0.00394535j -0.000491146-0.000938115j 0.00145446-0.000245584j 0.00336393-0.00218422j 0.00637457-0.00987616j -0.00293287+0.0024542j -0.000756771+0.000815014j -0.00540005+0.00410675j 0.00523981-0.00779419j 0.000396675-0.000841756j 0.000559298-5.04628e-05j 0.0016267+0.00160386j 0.000705249+0.000291144j 0.00402212-0.00174746j 0.0113189-0.00379895j -0.000554091+0.0026915j 0.0170412-0.0119272j -0.00109438+0.00181352j -0.00886206+0.00655114j 0.00168349-0.00171488j -0.00225518+0.000769918j 0.00489347-0.00637305j 0.000215973-0.00203515j 0.00191076-0.00329615j -0.00144409+0.000169031j 0.000395355+0.00151504j 0.00036641-0.000404894j 0.000225802-0.00181484j -0.000494479-0.00206382j 0.000672061+0.00148467j 0.000962822-0.000322012j -0.00166241-3.85436e-05j 0.00189702+0.000508572j 0.00165429-0.000645999j -0.000478269-0.000320491j 0.00222112+0.000437804j 0.000904963+0.000464381j 0.000995094-0.000487858j 0.000623883-0.000378086j -0.000876424+0.000819213j -0.000696762-0.000437458j -0.000658404-0.00118682j -0.00103027-0.000255928j 0.00150832+0.000907612j -0.0016342-3.37984e-05j 5.72411e-05-0.00107149j -0.00196872-0.000968981j -0.00120263+0.000838329j -0.00144671+0.000630511j 4.90786e-05-0.000650447j -0.00200035+0.00213839j 0.00049992-0.000858922j -0.000306002-0.000639639j 0.000960097+0.000549383j 5.68198e-05-0.000504202j 0.00209182+0.00087584j -0.00103314+0.000173904j 0.000639879+0.000263676j -0.00131027+0.000440583j -0.00168333-4.40216e-05j -0.0005663+0.000403102j -3.21253e-05-0.000670188j 0.00139517-0.00251194j 0.00181058-0.00254559j 0.000763589+0.00145473j 0.00158968+0.000415337j -0.000593742+0.00107049j -0.000437291-0.000130349j 0.00151047+0.0016557j -0.000147928-0.000599913j -0.00175232-0.000575351j -0.00180145-0.000363169j 0.00114647-0.000922375j -0.00128178-0.000250991j 0.0021637-0.000141036j 0.000206836-0.000726331j 0.00113452-0.000514662j 0.00023633-0.000968638j 0.000778069-0.000362783j 0.00209728-0.000907884j 0.000434355+0.00029998j -0.00056337+0.000738326j -0.00235139-0.000389184j -0.000210179+0.00106174j -0.00259861-0.00225152j 0.00256617+0.00152311j -0.000181378+0.00108092j 5.64371e-06+0.00136909j -0.000320143+0.00159472j 0.000972647+0.000642733j -0.000719153-0.00141785j 0.00042624-0.000191537j -0.000667761-0.00128933j -6.51395e-05+0.00102576j -0.000611026+0.00106369j -1.2688e-05+0.00119974j 0.000589634+3.05537e-05j -0.00100837+0.00155442j -0.000330396+0.00140158j 0.00127671-0.00159366j -0.000932529-0.000709359j -0.00102543+0.000677648j -0.000222261-0.00151042j -0.000991749+0.00341273j -0.00240763-0.000590412j 0.00223979+0.00166834j 0.00117689-0.00336656j 
