-0.00318612+0.0090065j 0.0105937+0.000447719j -0.00782596+0.00440559j 0.00158374+0.0111972j 0.00184266+0.0119401j 0.00978772-0.00419282j 0.00724558+0.00301j -0.00619831+0.00373817j 0.0056567+0.0174966j 0.00622261+0.0076943j -0.0031269+0.0143145j -0.000105187+0.00243133j 0.00274345-0.00715093j -0.00475274-0.00505117j -0.000722867+0.00174306j 0.0019832-0.00104753j 0.00583579+0.00385711j 0.00582921+0.000744047j -0.00294299-0.00152882j -0.00724855-0.0183042j 0.00789215+0.00344982j 0.015696-0.00834214j 0.000978062+0.00375317j 0.00882066+0.00742125j 0.00429702+0.00570135j 0.00199527+0.00206715j -0.0016221-0.0138261j 0.00158023-0.00791738j 0.000919868-0.00242341j -0.00158226+0.00658849j -0.000215645-0.00625142j 0.000726579+0.00546772j -0.00212392-0.00104177j 0.00592396+0.0113579j -0.00634358-0.00584507j -0.00783908-0.00520199j -0.00199612+0.00524605j 0.00756826-0.00898685j 6.94128e-05+0.0054847j -0.00713803-0.0107077j -0.00381343+0.0127629j -0.000870186+0.00337173j -0.0168426-0.0181231j 0.0049406-0.00934712j -0.00947758-0.00159822j -0.000572669-0.00360865j 0.000581502-0.00219119j -0.00687988-0.00447097j 0.00350012+0.00611355j 0.000531549-0.00539259j -0.00764611-0.000538646j 0.0137195+0.0116028j 0.0181542-0.013888j -0.0221545-0.00718153j 0.00863791+0.00589483j 0.00659123+0.00309633j -0.00437882+0.00895646j -0.00920703-0.000758941j 0.0119757+0.00603781j -0.00149816+0.0105111j -0.00520951+0.00815378j 0.00750128-0.0155239j -0.000321237+0.00623569j 0.00651444-0.00170442j -0.0078439+0.00664421j -0.0107301-0.0112816j 0.0131197+0.00352276j 0.0114003+0.00522497j -0.00127622+0.0156155j 0.00434581-0.00146052j 0.0102166+0.013852j 0.0156838+0.00187769j 0.0125106+0.00244388j 0.0019558-0.0238239j 0.00222647+0.0049181j 0.0134661-0.0157781j 0.00829158+0.00409944j -0.0147408-0.018868j -0.00397741+0.0031714j 0.0131523+0.00106648j 0.0156751-0.00696261j 0.00351144+0.00851886j -0.0098127-0.0156084j -0.00864753+0.00240005j 0.00892405+0.00605082j 0.00697437-0.00179461j 0.00274261+0.00446728j 0.00192929+0.00273927j 0.00106605+0.000742881j -0.00617116-0.0203017j 0.017779-0.00241414j 0.00282356+0.00751122j 0.0132102+0.00633023j 0.041369-0.00404003j 0.0087912+0.0420113j 
-0.0093595+0.000647773j 0.000620372+0.00946923j -0.00794633-0.0117585j -0.0153111+0.00428989j -0.00975301+0.000240304j 0.00307344+0.00569658j -0.00615214+0.0104899j -0.00244851-0.00454896j -0.0164236+0.00261739j -0.00605307+0.00258963j -0.0101773-0.00259895j -0.00549304+0.00115681j 0.00920501+0.00261551j 0.00470917-0.00585811j 0.000443646-0.00236135j 0.00249119-0.00389693j -0.00105487+0.00495447j -0.00243039+0.00732022j 0.000888206-0.0077445j 0.0203007-0.0063255j -0.00156649+0.00748654j 0.00883531+0.0144171j -0.00124105-0.000972941j -0.00884274+0.00750871j -0.00755704+0.00441334j -0.00218232+0.000670175j 0.0114022-0.000371735j 0.00853468+0.00355639j 0.000502829+0.00321978j -0.00710675-0.00187095j 0.00693861+0.00776381j -0.00555218+0.00120436j 0.00180559-0.00238083j -0.0129911+0.00459664j 0.00896914-0.0058108j 0.00548174-0.00808809j -0.00519419-0.00174628j 0.00916672+0.00474105j -0.0059739+0.00399483j 0.0107265-0.00669j -0.0142113-0.00409306j -0.00377012-0.00321806j 0.0216066-0.0170601j 0.0101105+0.00778052j 0.00295906-0.00534855j 0.00410974-0.00176416j 0.00187996-0.002224j 0.00583338-0.00579688j -0.00682712+0.00176236j 0.00146774+0.00179487j 0.000722333-0.012092j -0.0136171+0.0128664j 0.013324+0.0220029j 0.00918437-0.0239864j -0.0059615+0.00963966j -0.000787655+0.00785289j -0.00984572+0.00134383j -0.00103363-0.0125929j -0.00498088+0.0120954j -0.0127693-0.00372839j -0.00833561-0.00695813j 0.0162474+0.0107595j -0.00978895-0.0013127j 0.00267443+0.00639467j -0.0129677-0.0134998j 0.0119396-0.0118365j -0.000713188+0.0175755j -0.00493315+0.0100298j -0.0160402-0.00381763j -0.0028199+0.00530304j -0.0113781+0.00948055j -0.00364569+0.0166287j -0.00435125+0.00904229j 0.0192551+0.00113731j -0.00344232-0.000743133j 0.0131164+0.0154253j -0.00716545+0.00353087j 0.024432-0.0148356j -0.00384494-0.00333245j -0.00576632+0.00852441j 0.00565846+0.015076j -0.0103998+0.00548052j 0.0140616-0.00815736j -0.0063867-0.00204437j -0.012029+0.0113364j 0.00950599+0.00797744j -0.00693122-0.00084492j -0.00527746+0.0051239j 0.00607075-0.00220831j 0.0244882-0.00729138j 0.0035084+0.0221431j -0.000192334+0.00753069j 0.00164837+0.0054515j 0.00378155+0.0395005j -0.0411243+0.00157145j 
-0.000325343+0.00787876j 0.0118793-0.00258557j -0.0114936+0.00531345j -2.81463e-06+0.00187102j -0.00645844+0.00230024j 0.00657459+0.00280202j 0.00052364-0.00505203j -0.00956752+0.00145148j -0.00234049+0.00651607j -0.00194951+0.0082822j -0.0140841+0.00194508j 0.00646117+0.00420896j 0.00150648-0.00465748j 0.00635492+0.00222875j 0.00379808-0.000424261j 0.00158366+0.00196439j -0.00265765+0.00316707j 0.0126345+0.00289589j -0.00200707+0.00251907j 0.014173-0.00685011j -0.000490241+0.0024487j 0.00859687-0.00170361j -0.0131102+0.00178876j -0.00334973+0.00688882j -0.0106554-5.49379e-05j -0.00345276+0.000519171j 0.0134247-0.00617216j 0.0146988+0.00214707j -0.00229557-0.00366612j -0.0116628+0.00133578j 0.00757119-0.00829787j 0.000363209+0.000845344j -0.00172679-0.000436106j -0.0101175+0.00680784j 0.00142475-0.00541601j -0.000311492-6.71452e-05j -0.00517694+0.00324474j 0.0080133+0.001134j -0.0067059+0.00158418j -0.000577263-0.00918065j -0.013772+0.00319527j -0.0177326+0.000632929j 0.0108246-0.0150197j 0.0130469-0.00448572j 0.00593218-0.00284804j 0.00387562+0.00060417j -0.00153878-9.07452e-05j 0.0130413-0.00642452j -0.00888316+0.0067836j 0.00136099-6.2326e-05j -0.00413108+0.0012509j -0.013791+0.00803524j 0.0242456-0.0077925j 0.00939611-0.0109075j -0.00980335-0.000301076j 0.0167409-0.000997873j -0.00129158+0.00669545j 0.00993577-0.00672884j -0.0108715+0.00521085j -0.00115047+0.00642337j -0.00233199-6.03078e-06j 0.00633255-0.0108967j 0.00226945+0.0121569j -0.000133839+0.00837992j 0.00793071+0.0102449j 0.0058228-0.00647708j 0.00174498+0.00772975j -0.00256125+0.00368449j -0.0198122+0.00857955j -0.000255799+0.00540405j -0.0168729+0.00265339j 0.00461301+0.00605137j -0.0150237+0.00459627j 0.00641281-0.00751623j -0.00317707+0.00884256j 0.0249335-0.00895557j 0.00301403+0.00797812j 0.0118146-0.00929705j -0.00580563-0.000304097j 0.0060667+0.00123977j 0.00227036+0.00133816j 0.000132474+0.00667137j 0.0109025-0.00844398j 0.0103884-0.00304622j -0.0186801+0.00576828j -0.00600303+0.00250081j 0.00165067-0.000332529j -0.0039122+0.00376606j -0.0122388+0.00491396j 0.0232007-0.0148675j 0.00340256+0.0124213j 0.0191614-0.0180873j -0.0401905-0.00978646j 0.00695654-0.00409684j 0.000925302+0.00300073j 
0.00725999-0.00243568j 0.00337377-0.0109463j 0.00156032+0.0130737j 0.00215051+0.00198424j 0.00180369+0.00747593j 0.00855862-0.00511176j -0.004003+0.00164268j 0.00141476+0.00565698j 0.000996682+0.00677437j 0.00485317+0.00088034j -0.00238269+0.0124183j 0.00104371-0.00619837j -0.00152168-0.00161544j 0.00368618-0.00629555j -0.000874874-0.00214065j -0.00473069-0.000394104j -0.0015839+0.000641397j 0.00770833-0.0125725j 0.00118225+0.00180281j -0.00670645-0.0162461j 0.00285195+0.00038507j -0.0027947-0.00599499j -0.000862086+0.0119631j 0.00296045+0.00569423j -0.000835685+0.0109302j -0.00663326+0.00764572j -0.00378328-0.0122314j 0.00597576-0.0170474j -0.00178016+0.00200494j -0.00469884+0.0124385j -0.00413995-0.0144932j 0.00239396+0.0011705j -0.000812774+0.00164611j 0.00796436+0.0119308j -0.00990116-0.00557261j 0.0013709-0.000381462j -9.33619e-05+0.00350207j 0.00426903-0.0079547j -0.00104259+0.0065822j -0.00839689+0.00241356j 0.000326923+0.014717j -0.00476657+0.0168257j -0.0149059-0.0155796j 0.001118-0.0146867j 0.00079093-0.0101948j -0.00295517-0.00488812j -0.00059741+0.00138795j -0.00183785-0.0155035j 0.00777312+0.0108479j 0.00415565+0.00216066j -0.00228288+0.00341117j 0.00381784+0.0194345j 0.00167369-0.023876j -0.0129794-0.0141334j -0.00298971+0.0115369j 0.00226599-0.0186814j 0.0102678+0.00145362j -0.00908196-0.00776577j 0.00113519+0.0108541j 0.00134706+0.00268312j -0.00217414+0.00384455j -0.00888052-0.00591086j 0.0127408-0.00273975j 0.00859775-0.00299258j 0.00997355-0.00409378j -0.00538551-0.00538683j 0.00947837-0.00353085j 0.00187573+0.00574873j 0.0043891+0.0189949j 0.0066738+0.00713338j -0.00371916+0.0184505j 0.00849826-0.00112804j 0.000718219+0.0118575j -0.00561888-0.00337235j 0.0108945-0.000450636j -0.00575102-0.0274983j 0.00589839-0.000633495j -0.0136361-0.0200663j 0.00223407+0.00337613j -0.00449826-0.000181295j 0.0103697-0.00491493j -0.00250059+0.00625049j 0.00419116-0.0051228j -0.0071647+0.00430841j -0.0020191+0.0215762j 0.0107737+0.00198617j 0.00192438+0.00462453j -0.0068878+0.00487969j 0.0127496-0.00830227j -0.00987055-0.0171608j 0.0166711-0.0028313j -0.0179672-0.0188079j -0.00978495+0.0283615j -0.00921731+0.00213751j 0.00914915+0.000219617j 
0.0033681-0.00217816j -0.00130503+0.000932662j -0.000665645-0.000467688j 0.0131911-0.00380448j -0.00518243-0.00146405j 0.00268898+0.0123197j 0.0097746-0.00357231j 0.00483134-0.00497504j 0.00788216-0.00665044j -0.000115291+0.00350442j -0.00514536-0.00596572j -0.00101484-0.0002622j 0.00497272-0.00278651j -0.00508781+0.0120625j -0.0011812+0.00309597j -0.00179318+0.000265115j 0.00562049-0.00741814j -0.00177691+0.00747806j -0.000494979+0.00327897j -0.00457663+0.00921037j 0.00387319-0.00577992j 0.00420162+0.00203629j 0.00526823-0.00925536j 0.00177889-0.00527356j 0.00650997-0.0111452j -0.00262649-0.00877964j -0.00371386+0.00987552j 5.48222e-06+0.0138283j -0.00351267-0.00199045j -0.00237743-0.00821915j 0.00792318-0.00145148j 0.00812828-0.00396088j -0.0084484+0.00716954j 0.0036127-0.00847034j -0.00727982+0.00111969j -0.00189901+0.00571935j -0.00159403-0.00398988j 0.00977185-0.00297587j -0.00958444+0.00100505j -0.0071746-0.00119141j 0.00174601-0.0122253j -0.00680063-0.00781783j -0.00801853+0.00720673j 0.00305006+0.00560499j -0.00244138+0.00765956j -0.00566453+0.0142978j 0.00372573-0.00567123j 0.00309015+0.00370784j 0.00170374+0.00535505j -0.00375966+0.00363821j -0.00194693-0.00177169j 0.00660801-0.0105362j 0.0169831+0.00182563j -0.015567+0.0174483j 0.00771246-0.018527j 0.0103503+0.00698081j 0.00513953-0.000133602j -0.00975272+0.011526j -0.000306089-0.0066852j -0.00754179+0.00997477j -0.00371673+0.0106473j 0.00636575-0.00652388j 0.000102671+0.0120612j -0.000868076-2.75641e-05j -0.00235194+0.0199471j -0.00617199+0.0105063j 0.0221059-0.000985086j 0.0145187-0.0224481j 0.00241911-0.00163015j 0.00555074-0.0164292j 0.00438352-0.0149219j 0.00864763+0.00392964j 0.00401029-0.0169561j 0.0050818-0.00180106j -0.00363893-0.000186811j 0.00784901+0.00682083j 0.000882957-0.00245179j -0.00725353+0.00178286j -0.00387199-0.00312122j 0.000409224-0.000955397j 0.0138446-0.0153207j -0.00390495+0.00429961j -0.00168989+0.000835091j -0.00749149+0.0105118j 0.00887389-0.0312097j 0.00434868-0.0154578j 0.00191129-0.00478732j -0.00848383+0.00203364j 0.0126825-0.011418j -0.00981316-0.0113455j 0.032888-0.0152086j 0.0150566+0.00583705j 0.0127291-0.035642j 0.00510436+0.00170943j 0.00167406-0.00261004j 
-0.000703141-0.00068345j 0.00255919+0.00644529j -0.00190172-0.00538131j -0.00212946-0.0094005j -0.00133558+0.00409129j 0.0106894+0.00228469j -0.00292954-0.00804598j -0.00346681-0.00693646j -0.01106-0.00915965j 0.00359155-0.00276954j -0.00226327-0.00045789j 0.000193702+0.0018614j 0.00176296-0.000539701j 0.0128502+0.00682814j -0.00026371+0.00282871j -0.00417547-0.00289638j -0.0112905-0.0103398j 0.00551515+0.00580682j 0.00281247-0.000478222j 0.00980177+0.00543352j -0.00345651-0.00303822j 0.00353486-0.00548393j -0.00869617-0.0127357j -0.00874743-0.00314929j -0.0104672-0.0100313j -0.0129419+0.000654763j 0.009251+0.00556696j 0.0128932+0.00574868j -2.77125e-05+0.00287371j -0.0116269-0.00306962j 0.00138995-0.00656481j -0.00363273-0.00379711j 0.00254743+0.0108205j -0.0108434-0.00729379j -0.0010816+0.00438543j 0.0120381+0.00301862j -0.00252361-0.00264702j -0.000125785-0.0099012j -0.00452123+0.00524389j -0.00240431+0.00738655j -0.0108647-0.0066786j -0.0122289-0.00148994j 0.00415607+0.00951708j 0.00355962-0.00186058j 0.00950182+0.00426371j 0.0122053+0.00718828j -0.00759261-0.00601436j 0.00274669-0.00248266j 0.00820456+0.00365616j 0.00897706+0.00360684j -4.90696e-05-0.000394084j -0.0104956-0.00692263j 0.00448288-0.0109711j 0.0241981+0.0163771j -0.0243217-0.0132198j 0.0087738-0.000531702j 3.12294e-05-0.00588838j 0.00773939+0.00796224j -0.00556484-0.00128722j 0.00682126+0.0092605j 0.00767956+0.00590545j -0.00184146-0.00386691j 0.0152265+0.00306331j -0.000182386+0.00194923j 0.020549+0.00429309j 0.00745729+0.0100004j 0.00383964-0.0211711j -0.0298123-0.0151174j 0.00638845-0.0037385j -0.0167363-0.00719652j -0.0203463-0.00565625j 0.00305861-0.00569713j -0.0126188-0.013047j 0.0016227-0.0094649j 0.00307447+0.00255254j 0.0158321-0.00619278j -0.00362127-0.00264367j 0.00421596+0.0115542j 0.00508352+0.00161173j 0.00588915-0.00876776j -0.00703822-0.00647183j 0.0028492-0.00702172j -0.00940702+0.00998118j -0.00592661+0.00162603j -0.0365057-0.0193278j -0.0127825+0.00755848j -0.0113964-0.0022059j 0.00456069-0.00306522j 0.00849994+0.00681023j -0.0189593+0.00472879j -0.00869481-0.0289299j 0.00417409-0.0130478j -0.0217658-0.0167187j -0.0035447-0.000990285j -0.00905435-0.00160178j 
0.00026732+0.00819798j 0.00733437+0.00262058j -0.00645722-0.00632471j -0.00139991-0.00572437j -0.00101949-0.00474166j 0.00261596+0.00135639j -0.00274524-0.00653095j -0.00733975+0.000100334j -0.000753184-0.000234068j -0.0004112-0.00213989j -0.00965179-0.00678229j 0.00319281+0.00102509j 0.000325557+0.00122323j 2.91099e-05-0.00604945j 0.00436503+8.62221e-05j -0.00117845-0.00362393j -0.00150068+8.97199e-06j 0.0127685-0.000398186j -0.00221253-0.00221614j 0.00996228+0.00177802j -0.00091557-0.00314382j 0.00651951+0.00352437j -0.0118801-0.00511371j -0.00247858+0.00316445j -0.00544425+0.000640374j 0.00128416+0.00234834j 0.0121059+0.00696872j 0.00827222+0.00937691j 0.00136513-0.0040246j -0.00933255-0.00538572j 0.00344458+6.78559e-06j -0.000340149+0.00878517j 0.00267043-0.00108j -0.00315231+0.00213235j 0.00237606-0.00512927j -0.0039256+0.00218794j -0.00671743-0.00413991j 0.00846414+0.0121692j -0.000189945+0.00376251j 0.00446313+0.00278252j -0.011673-0.00302051j -0.0103036-0.00902683j 0.0100664+0.00435488j 0.00983717+0.00424417j 0.00413689+0.00252799j 0.00793123-0.00510136j -0.0123421-0.00288491j 0.00545662+0.00399274j -0.00409922-0.00479649j 0.00792813+0.0026531j -0.00677369-0.00363459j -0.00726095-0.00270919j 0.0223458+0.0132449j 0.0126077-0.00468759j -0.0110246+0.000357246j 0.00683758+0.000500361j -0.0103145+0.00623894j 0.00712404-0.00303712j -0.00398592-0.000256665j -0.00945584-0.00609427j -0.00260794-0.00722726j 0.000871278+0.00189605j -0.00142711-0.00275477j 0.00167515+0.000180592j -0.0042612-0.00293999j 0.00750883+0.0044765j -0.00162323-0.00581075j -0.00529583+0.00950923j -0.0165007-0.0177203j 0.00238707+0.00972011j -0.00881801-0.0103475j 0.00694589+0.000905534j -0.00417326-0.0111709j 0.00307654+0.010027j 0.00674618+0.00682811j 0.0115204+0.00173979j 0.00925068+0.00358946j 0.000577428+0.00107365j -0.00894203-0.00754736j -0.00493803+9.47082e-05j 0.0111699-0.000711444j -0.00204412+0.011196j 0.0186395+0.0131212j 0.00328453-0.00188546j -0.00907404-0.0115822j -0.00118484+0.01042j 0.00612539+0.00647614j 0.00461785-0.00285867j 0.0202234-0.00973242j 0.0159196+0.0144043j 0.00577485+0.0104574j -0.0190511-0.00555767j -0.00773327-0.00265038j 0.0114233-0.0110352j -0.00381037-0.00231285j 
-0.000126699+0.00654875j -0.00199218-0.00112197j 0.00300466+0.000414028j 0.0104229+0.00818219j -0.000278567+0.00302109j -0.00117626+0.00941973j 0.00743297+0.00686559j 0.00451377-0.000158627j 0.00503437+0.00340655j 0.00603899+0.00202211j 0.00602478-0.00398613j -0.00160912-0.00151337j 0.00288106+0.00492653j 0.00372178-0.00103239j -0.0017627-0.00237724j 0.000233089-0.00572108j 0.00387565-0.00476816j -0.0020573+0.000521447j 0.00116679-0.00425473j -0.0049333-0.00486455j 0.0111539+0.00442186j -0.00019799+0.00857697j 0.00932743-0.00214438j -0.00043414+0.00532947j 0.00160301-0.00248744j -0.00406699-0.00661271j -0.00805651+0.00291316j -0.00557743+0.00460085j -0.00132631-0.00598906j 0.00151306-0.00680413j 0.00578015-0.00351628j 0.00112048+0.00800624j -0.0116755-0.00143711j -0.000257938+0.00664322j -0.00355725-0.00972174j 0.000268347+0.00266455j 0.00257952-0.0036473j 0.00385+0.013775j -0.00829516-0.00421267j -0.00713087-0.00697484j 0.00375769-0.00824522j -0.00215347-0.017975j -0.0107676-0.0108306j -0.00102576+0.00748253j -0.00130741-0.00514212j -0.00664612+0.00313702j 0.00752803-0.00916907j 0.00334119-0.00231754j -0.000979872+0.00859486j -0.00814406+0.00615843j 0.00267296-0.00704495j 0.00408856+0.0114896j -0.000504153+0.0202643j 0.00062856-0.011647j 0.00240374-0.00449293j 0.00655669+0.00476036j 0.000603691+0.00294366j -0.00532231-0.0100161j 0.00331534+0.00764677j 0.00343762+0.00010054j -0.00247003-0.00744198j 0.00408955+0.00182491j 0.000737592+0.00848632j 0.0025092+0.0101066j -0.000206218+0.00284323j -0.0100663-0.00353114j 0.0233468+0.0227077j 0.00644611+0.00656067j 0.0179644-0.00385721j 0.00391602+0.0087358j 0.00658273+0.0011597j 0.00742606+0.01357j 0.0109658+0.00849618j -0.00907489+0.00899847j -0.00505067+0.0100992j 0.00367634+0.00541967j 0.00475551+0.00652456j -0.0066736-0.00705443j 0.0134446+0.000417316j -0.00579773-0.00241286j 0.00133917+0.0142241j -0.00630159-0.00404351j -0.00825641+0.00780717j -0.00696746-0.0064148j 0.00388103-4.78263e-05j -0.0106584+0.0225361j -0.00147906-0.00279449j -0.00115847-0.0130152j 0.0105187+0.0314309j -0.0170148-0.0146327j 0.00852253+0.0229827j 0.014895-0.0155819j 0.00527935+0.0133183j 0.00451679+0.00356965j 0.00786254-0.00450059j 
-0.00269025+0.000377942j 0.000183482+0.00110641j -0.00126024-0.00143463j -0.00370485+9.35934e-05j -0.0028269+0.00380129j 0.00254584-0.000582305j -0.00330751+0.00318135j -0.000795855+0.00368072j 0.00383344-0.00513221j 0.00196734-0.00388725j 0.00130944+0.00522148j -0.00482329-0.00532514j -1.86155e-05+0.00862711j -0.00202312+0.0120476j 0.0036883-0.0058806j 0.00410461-0.00242608j 0.00337606-0.0044813j -0.00183811-0.00160592j -0.00142088-0.00809468j 0.00278115+0.00820317j 0.00637268+0.00911013j 0.00312624-0.00444512j 0.00598472+0.00702384j 0.00110572-0.00314173j -0.00606715-0.0124051j 0.0013147-0.00682086j 0.00241978-0.00816545j 0.0018032-0.0012384j 0.000419174-0.00145169j 0.00187535-0.00293862j -0.000721123-0.00421811j -0.00588992-0.00532955j -0.00520955-0.00713581j -0.00732992-0.00871414j 0.00511251+0.00552738j 0.00536771+0.0115278j 0.000849498+0.000800862j 0.00420034+0.000899189j -0.000905041-0.00406086j 0.0059666+0.000384839j -0.00703736-0.00605155j 0.00300768-0.0126798j 0.00797159-0.00334495j 0.000484439+0.00150782j 0.000321376-0.000539159j -0.00552069+0.000668987j 0.00607742+0.00507864j 0.00570346+0.0105889j -0.00766224-0.00601021j -0.00644998-0.0047354j 0.00779441+0.00224091j -0.0128783-0.00290069j -0.00149884-0.0137403j 0.0176097+0.0233191j -0.00434694-0.00922425j -0.00158289-0.00463158j -0.0112307-0.0030035j 0.00057561+0.00661759j 0.00621483-0.00294837j 0.00637587+0.0167999j -0.00698711+0.00067418j 0.00218256+0.00935587j -0.000240415-0.00101594j -0.000257879+0.00784138j -0.010334+0.00743478j 0.00471924-0.000279204j 0.00111738+0.00533342j -0.0099873-0.0138222j 0.00473425+0.0111688j -0.000394603-0.00820808j -0.00168202-0.00736692j 0.00624161-0.00554224j -0.000501809-0.00225638j -0.00485958-0.0119016j -0.00108388-0.00596814j 0.0118466+0.0109348j 0.00510146-0.00560584j 0.00499651-0.0065028j 0.00373744+0.0203546j -0.0109177-0.00334602j -0.00483816-0.0195537j -0.00201364-0.000196219j 0.0118184-0.00270298j -0.00572062-0.00231149j -0.00705268-0.0177052j -0.0106083-0.0119948j 0.0204599-0.0178119j -0.0136879-0.0148856j -0.00426204+0.00730023j 0.00362833-0.00152523j -0.0108103-0.0176778j -0.00641422+0.010009j -0.00516157-0.00276776j 0.00492349-0.00724323j -0.00443082-0.00281776j 
-0.0073807+0.00433417j -0.00171534+0.00697334j -9.01779e-05-0.00206689j -0.00403792+0.00425897j -0.000132193+0.000898477j -0.0112238+0.00320702j 0.00063857-0.000690338j -0.00121993+0.00241827j -0.00172092+0.0042162j 0.000285113+0.00832876j 0.00826488-0.00123287j 0.00064548+0.00217001j -0.00274036+0.00079675j 0.00273602-0.00183942j 0.00150151-0.00337603j 0.00713284-0.00163745j 0.00276398+0.00676113j -0.00788612+0.0104031j 0.00768247-0.0030109j 0.00352866+0.00182861j -0.0039369+0.00601724j -0.00587631+0.00375544j 0.00580695+0.00210634j -0.00591708+0.0078147j -0.000699118-0.00195073j 0.0105196+0.00212134j -0.00234828-0.000184413j -0.0142402+0.00287777j 0.00705722+0.00195242j 0.00976025-0.00153287j -0.00166099+0.00454659j -0.00672079-0.000689436j 0.00462616-0.0122368j -0.00586641-0.000224816j 0.00745405+0.0011679j 0.000963159-0.00137579j 0.00196974+0.00209175j -0.0156587+0.00927815j 0.00778709-0.000243955j 0.00208333-0.00551926j 0.0114534-0.00265209j 0.0301774-0.00496957j 0.00578924-0.00348805j -0.0146607+0.00372846j 0.00428706-0.00424428j 0.000534101-0.00247462j 0.0116865+0.00129002j -0.00418939+0.00652668j -0.000465937-0.0054287j -0.00933236-0.0071557j 0.0129083+0.00144816j -0.00304771-0.00204628j -0.0183903+0.0190528j 0.00868498+0.00840934j 0.0103624-0.00733509j -0.00324635+0.00724447j -0.00546094-0.00445155j 0.00555233+0.00423625j -0.0089046+0.00376515j -0.00217748-0.001683j 0.0101357-0.0170024j -0.00185997-0.00168696j -0.00389141-0.000215573j -0.0191968+0.00470233j 0.00343994-0.0120375j 0.00113229+0.0011688j -0.0107492+0.00629687j -0.00968378+0.00982217j 0.0133994-0.00485826j 6.62204e-05+0.0023079j 0.00468019-0.0016975j -0.00913269+0.012244j 0.00954677+0.0114844j -0.000916837+0.0063699j 0.00281644-0.0010596j -0.00833664-0.00285775j -0.00240717+0.00647485j -0.000902068-0.00501829j -0.00784195+0.000626265j -0.00755519-0.00149714j 0.0024691-0.00629236j -0.0162833-0.00258397j -0.00335283+0.00320761j 0.00909542+0.00242688j 0.0101466-0.00207432j -0.0227853-0.00681807j 0.0091806+0.0198276j -0.00656218-0.00793803j 0.012631+0.00326247j -0.00263125+0.000808737j -0.0102691+0.0101499j 0.00418939-0.0149913j 0.00263251-0.00461521j -0.00933739+0.00642755j -0.00445883+0.0162817j 
-0.00419061-0.000574189j -0.00428327-0.0021079j 0.00653623+0.00304996j -0.00294168+0.00202142j -0.00165674-0.000219155j -0.00851853+0.000546927j -0.00852431+0.00175914j -0.000192522+0.000985164j 0.00542726-0.00452237j 0.00270758-0.000873334j 0.00762669+0.000589356j 0.00451198-0.0054463j -0.0142699+0.00469738j 0.00207223+0.00633272j 0.0118292-0.00443211j 0.00275821+0.000291133j -0.00320349-0.00619568j -0.00221049-0.00377112j 0.00905207-0.000550211j -0.00172504+0.00358345j -0.0124081+0.00301161j -0.00987952-0.000888491j -0.00140712+0.00373546j -0.00680679+0.00482928j 0.00433262-0.00418325j 0.00376168-0.007083j 0.00662471-0.000131426j -0.00729893+0.0068711j -0.00110291-0.00500408j 0.00347312-0.00278584j 0.0033144+0.0029677j 0.00334426+0.00248039j 0.00212331-0.00885855j -0.00133158-0.00603485j 0.000986561+0.00362877j -0.00671862+0.0133636j 8.44146e-05+0.000204717j -0.0162159+0.00954549j 0.0086127-0.000598146j 0.00196975-0.00196192j 0.0110411-0.00595946j 0.0144628-0.0114492j 0.00189777-0.00245324j -0.00797676-0.00157819j 0.00675679+0.000936082j 0.00759527-0.000167889j -0.00639299+0.00365602j -0.0034371+0.00233925j 0.00564806+0.0031324j -0.00123151-0.00664529j 0.00187336+0.00583099j 0.000194994-0.00446453j -0.00381244-0.00288952j -0.00164928+0.00949934j 0.00441622-0.00304671j 0.00208908-0.000304585j 0.0059344-0.00399675j 0.00199307-0.00865626j -0.00547833+0.0142071j -0.0141957+0.0134189j 0.0168672-0.00182988j -0.0253744+0.00173608j 0.00880982+0.0096907j -0.0236072+0.0102578j 0.0172295+0.00515654j -0.0016014-0.00231974j 0.00183057+0.016319j -0.00135009-0.0116574j 0.00970955+0.0203156j -0.00462765-0.0023096j -0.00986037-0.00428228j 0.00187336+0.0097512j -0.00445267-0.00517695j -0.0116119-0.00933192j 0.000350963+0.00543249j -0.0106179+0.000688266j 0.00523952+0.00507542j -0.00880103-0.00327711j -0.00786956+0.00754755j 0.0105316-0.000227077j 0.00800506-0.0184238j 0.0106269+0.00848144j -0.0204807-0.00494697j 0.0060398-0.00358098j -0.00426109-0.00727604j -0.019812-0.000932085j 0.00899347+0.00404647j 0.0275677+0.00182696j -0.00905602-0.00333324j 0.00457999-0.0100879j -0.00766002+0.00520485j 0.00645439+0.00599584j -0.00911754+0.00229356j -0.00532282+7.30827e-06j 0.00330003-0.00274733j 
0.00262818+0.000296329j 0.00394536+0.00323993j -0.00392797-0.00288857j -0.00026676-0.00877776j 0.00163183-0.00810168j 0.00203388+0.00438362j -0.00157418-0.0104488j -0.00584568-0.0033241j -0.00347142-0.000237959j 0.000807836-0.00240129j -0.00540187-0.013398j 0.00633158+0.00716261j 0.00651701-0.00442888j 0.000537339-0.00675764j -0.00218726+0.00818239j -0.00353097-0.00244276j -0.0017082+0.000996414j 0.012058+0.000701802j -0.0028402+0.00182127j 0.00616193+0.00337417j -0.00124524-0.00792784j 0.00173713+0.000839343j -0.0105182-0.0134168j -0.00233648-0.00765581j -8.63536e-05+0.00122144j 0.000478854+0.00208695j -0.00202152+0.0157847j 0.0062327+0.00654097j 0.00367766-0.000772676j -0.0063385-0.00652291j 0.00189504+0.00653477j 0.000345066+0.0046792j 0.00776256+0.0144356j -0.00159822+0.00728576j 0.00165198-0.0043946j -0.00674015-0.0109893j -0.0052606-0.0107999j 0.000839744+0.00553795j 0.000795099+0.00567292j -0.00216606+0.00889324j -0.00309146-0.00795852j -0.0110121+0.00279974j -0.00280062+0.0186184j 0.00522469+0.00759269j 0.0016233+0.0115575j 0.0153358+0.0102312j -0.0120667-0.0125992j -0.000739684-0.00242255j 0.00201163+0.000600041j 0.0057476+0.00969055j -0.0113821-0.00770705j 0.00698765-0.00792385j 0.00386189+0.0131882j 0.00396973-0.00716968j -0.0085175-0.000939023j 0.00307257+0.00586586j -0.00288112-0.00185367j 0.00568995+0.00309092j -0.00692204-0.00508209j -0.0036333-0.018514j 0.00304273+0.00792108j -0.00280117-0.00680839j -0.000894553-0.0107793j 0.010503-0.00196553j 0.00193251-0.00305598j 3.77378e-05+0.00877141j -0.00944257-0.0145312j -0.00242492-0.00168623j -0.0172481-0.0168861j -0.00139236-0.00553623j -0.0124935-0.00738991j -0.00204035-0.00183562j -0.00437597-0.0190157j -0.00499631+0.00661159j 0.00707505-0.00230346j -0.000251568-0.00137039j 0.00261556-0.00191061j 6.44389e-05+0.0110025j -0.0062027-0.0119175j 0.0186005-0.000196497j 0.00749732+0.0217276j 0.0106387+0.00813962j -0.000672096+0.00242517j -0.000924311-0.0133117j 0.00557142-0.0126708j 0.0136503+0.00502117j -0.01244-0.0119555j 0.0200779+0.024674j 0.00266301-0.010391j 0.00902762+0.0147144j 0.000638252+0.00657196j -6.03716e-05-0.00663386j -0.00547341-0.00253354j 0.0118922+0.00665493j 0.00420955-0.0102749j 
0.000125608+0.00238287j 0.00213051-0.00490517j -0.0019015+0.00377249j -0.00470098-0.000178661j -0.00368779+5.59385e-06j -0.00604698-0.001411j -0.00246827-0.00365824j 0.00128812+6.88091e-05j -0.0108398+0.0015207j 0.00172+0.00567595j 3.24667e-05+0.00789491j -0.000613731+0.00259988j 0.000967153-0.00893198j 0.00803553-0.000464247j -0.00446875+0.00435301j 0.00147955-0.00206017j 0.00247984-0.00551348j 0.00555363-0.00627789j 0.00401065+0.00215502j 0.00631463-0.00797928j -0.000476847-0.00999967j -0.00481985-0.00545741j -0.00105647-0.00778637j -0.00465317-0.00802136j 0.00109109+0.00575517j 0.00115677-0.00645594j -0.000660889+0.00559126j -0.000521084-0.00407705j 0.00221305-0.0075595j 0.00307673+0.000866663j 0.00313945+0.00361575j -0.0067142+0.00657865j 0.00411131+0.0099879j -0.00635025+0.0032697j 0.00569144-0.00525491j 0.00387327-0.000594677j 0.00152889+0.000303553j -0.00393403-0.0110862j 0.0034728+0.00745045j 0.00472381-0.00158619j 0.000696118+0.001165j 0.00823363+0.00461843j 0.00392265-0.00522003j 0.00103957-0.00272947j 0.00232064+0.00808689j 0.00668927+0.0174239j 0.00113356-0.0146974j 0.000389629-0.00960716j -0.00748339+0.0160028j -0.000385106+0.00835795j 0.00161865-0.00500989j -0.00235961+0.0101178j -0.00804677-0.00522322j 0.0198793-0.00165011j -0.0127856-0.00310535j -0.00447721+0.00517283j -0.00377713+0.00773656j 0.00603116-0.00252848j -0.0114323-0.00206558j -0.00389555-0.00577939j 0.00315977+0.0189028j 0.00262644-0.0161785j 0.000490389+0.00804668j -0.00500117-0.00612354j 0.00551278+0.0185889j 0.00562018-0.00328328j -0.000474436+0.00334724j -0.0207208-0.0120792j 0.009067+0.012302j -0.0121569-0.0116977j -0.00897604+0.00151399j -0.00814212+0.0054197j -0.0110366+0.001879j -0.000501821+0.00369923j -0.00482547+0.0029965j -0.00930415-0.0062172j -0.00962696-0.00926317j 0.00339351-0.0186741j 0.00422777-0.00835854j -0.00519365+0.0133764j -0.0126726+0.00739361j -0.010681+0.00532608j 0.0101538-0.0153065j 0.0020704+0.00211409j -0.0117538-0.0262401j -0.0252643-0.0144909j -0.00271675-0.0034438j 0.0022663+0.0206653j 0.00218453-0.00517064j 0.00260035-0.0225566j -0.0053903-0.0133106j -0.00693775+0.0104059j -0.0095787+0.00368243j -0.00572793-0.00099175j -0.0062099+0.00557831j 
0.00153463-0.00209474j -0.00105371-0.00118677j 0.00309634+0.0033393j 0.00200488-0.00527785j 0.00508985-0.0046658j -0.003947-0.00363184j 0.00108547-0.0104496j -0.000831852-0.000927557j 0.00406115+0.00202373j 0.00401471+0.000124183j 0.00629431-0.00122295j 0.00523737+0.00720255j -0.0058689-0.00821753j -0.00495005+0.000679552j 0.00664886+0.00977773j -0.00184693+0.00304269j 0.00061216-0.0050719j -0.00180309-0.00114731j 0.00421551+0.00327414j -0.00501648+0.00322192j -0.0039316-0.00831702j 0.00390081-0.00293927j -0.00806218-0.0062605j -0.0113923-0.00249816j 0.00957979-0.00535561j 0.00330844+0.00218495j 0.00406314+0.0102103j -0.0119214+0.000635401j 0.0010602-0.00496268j 0.000277589-0.000685195j -0.000285517+0.00150742j 0.00355434+0.00391581j 0.0178202+0.00171929j 0.00785792-0.00272552j -0.00095863+0.00175133j -0.0136059-0.000217574j -0.00369803-0.000294658j -0.0114687-0.00404597j 0.00634132+0.00731599j -0.00010271+0.00243418j 0.00747591+0.000135719j 0.00951896+0.00506245j -0.00201459+0.0108351j 0.00106972-3.08604e-05j 0.00216609+0.00902035j 0.0121714+0.00797822j -0.0143182-0.0101824j -0.00861715-0.00288038j 0.00477354+0.00242063j 0.00528146+0.00570095j -0.011568+0.00524438j 0.0173486-0.0108302j 0.00405621+0.00721802j -0.014738+0.00311647j 0.00240001+0.00110166j 0.00491075+0.00495883j 0.000914711-0.00329999j -0.0020022+0.00286176j -0.00172357+1.18576e-05j -0.0146012-0.00971779j 0.0111913+0.00737055j -0.00871437-0.0175446j -0.00738833+0.00634063j -0.00959177-0.0110648j -0.00339433+0.00438205j -0.00850763+0.00118797j -0.00349569-0.000286584j 0.00386124-0.00469412j -0.0161739-0.00534608j -0.00432432-0.00319404j 0.00311746-0.00462749j -0.00372274+0.00694651j 0.00442704-0.00637862j 0.00541215-0.00923393j 0.00360061-0.00290442j 0.00864654+0.0065497j 0.00452804+0.00349013j -0.00672024-0.0050234j -0.0014555-0.00379946j 0.0187225+0.00177549j 0.0264053+0.00490775j 0.00374654+0.00354472j -0.00966712-0.00762438j -0.00970593+0.000140302j 0.00417512-0.0112351j 0.00267151-0.00239076j -0.012568+0.00136872j 0.0276443+0.0144271j 0.000721923+0.000610662j -0.00388364+0.0112084j -0.0112585-0.00394626j 0.00320376-0.00615075j 0.00374347-0.00600855j 0.00619042-0.00228979j -0.00228647-0.00456103j 
0.000972099-0.00377748j 0.00339121-0.00757575j -0.0050427+0.00865876j -0.00574397+0.00266066j -0.000363618-0.00132986j -0.00278857-0.0083315j -0.00131434+0.00167907j 0.00432615+0.00500255j -0.00392507+0.000927485j -0.00472487+0.00376605j -0.00518345+0.00932132j 0.000851683-0.00132885j 0.00487981-0.00592184j 0.00607619+0.000438839j -0.00170441-0.000827042j 0.00286238+0.000286241j 0.00537276+0.00286011j 0.00494125-0.00536138j -0.000428026+0.00695909j 0.0128365-0.00599698j 0.00348446-0.00986548j -0.00282765-0.00911626j 0.00237489+0.0081261j -0.00167218-0.00380007j -0.00986357+0.0124715j 0.0035325-0.0015878j -0.00100604-0.00388153j 0.00123052-0.01626j 0.00340602-0.00299137j 0.00146804+0.00655121j 0.000431213+0.00175765j -0.00723057+0.00443717j -0.00244198+0.00313283j -0.00857686+0.0068464j 0.00811577+0.00204673j -8.12136e-05-0.000414616j -0.00141068+0.00135717j -0.00118122-0.00671542j -0.0046452+0.00491438j 0.0060987-0.00541104j -0.00438089+0.0221674j -0.00565453+0.0169196j 0.0128143-0.00710179j 0.00302793-0.00856138j 0.00146643-0.00330275j -0.00346625+0.0020095j 0.00596303+0.000716915j 0.0141094-0.00177436j -0.016114+0.00521879j -0.00876014-0.00463617j 0.00201485+0.00424543j -0.0131774+0.0138218j -0.0109419-0.0065839j 0.0222015-0.00644875j 0.00157391+0.00148471j -0.00343156-0.000155448j -0.00620178+0.012051j 0.0104738-0.00164928j -0.0107859-0.0089102j 0.0139738-0.011841j -4.33608e-06+0.00857752j 0.0115938-0.0159787j -0.00662895+0.00547505j -0.00549605-0.0181136j 0.00221325+0.0132015j 0.00918923-0.00797818j -0.00619186+0.0132299j 0.000822973+0.0144361j 0.00334175+0.0063973j -0.00576708+0.00178269j -0.00326546-0.00159696j -0.0070642-0.00761628j -0.0126225+0.00315322j -0.00725696-0.00610633j -0.00758305+0.00806067j 0.0176871-0.0187316j -0.00313971+0.00738609j 0.00712306-0.00048901j 0.00670611+0.0042193j -0.00808028+0.00751738j -0.00915733+0.00496166j 0.00120674-0.00204891j 0.00159869-0.00502703j -0.0077205+0.0040101j -0.00114762+0.00779144j -0.0142305-0.0187564j -0.0201914-0.000877671j -0.0131324+0.00323424j 0.000220623+0.00465714j 0.0161239-0.00748394j -0.0113619+0.001553j 0.00467006+0.00391028j -0.00386487+0.00301374j -0.00361574-0.0165631j -0.00486571+0.00626814j 
0.00271989-0.00332825j -0.00119908+0.00677679j 0.000892019-0.00941339j -0.00309273-0.0103429j 0.00405257-0.00977474j 0.0031068+0.00116216j -0.00586257-0.00698036j -0.0018033+0.00329168j 0.00755841-0.00208779j 0.00216532-0.0063817j -0.00184771-0.00716422j 0.00150821-0.0020012j -0.00266221+0.000887572j -0.00659948-6.05717e-05j 0.00882239+0.00476891j 0.000256269-0.00119861j -0.00376035+0.00253559j 0.00539344+0.00402426j 0.000104565-0.00244981j -0.00401736+0.0147545j 0.00206846-0.00275312j 0.00164443+0.00496813j -0.00241469-0.000641765j 0.00148793-0.00509274j -0.00552651-0.00379902j -0.00184623+0.00496554j 0.00987801+0.00893969j 0.000102086+0.00267496j -0.00808823+0.00679709j -0.00337773-0.00641856j -0.00988265+0.00414726j 0.00644288-0.00579481j 0.00812757-0.00255078j 0.00724801-0.010412j -0.00664227+0.00549004j -0.00923858+0.000918174j -0.00151811-0.00248763j 0.00137675-0.000696092j -0.000478281+0.00245528j 0.00431576+0.0111602j -0.0050125-0.0102287j 0.00272846+0.00397322j 0.0094169+0.0125149j 0.00382714+0.000306485j 0.00192907+0.00953962j 0.00562491+0.000629952j -0.0141973-0.00751713j -0.0139145+0.00718964j 0.00778859-0.00203591j 0.00657224+0.0072056j -0.00369744+0.00434463j 0.00130126-0.0150493j 0.00137739+0.00848917j -0.00582238+0.0125201j -0.00640443-0.00558864j 0.00461588+5.9924e-05j 0.00294683-0.0119132j -0.00529069+0.00440405j 0.00955206+0.000585324j 0.00745285-0.0113053j 0.00856447+0.00482085j -0.0105074+0.000991637j 0.012016-0.00359998j 0.00523708-0.0125984j 0.00636699-0.0033814j -0.00707865+0.0148916j 0.0155198-0.00457468j -0.00239233-0.00866116j 0.00983626+0.00359622j 0.00192631+0.00276479j 0.00613185-0.00825648j 0.00973324+0.00756943j -0.0109856-0.00653372j -0.0132981+0.00453287j 0.00558987+0.0109151j 0.00154423-0.000247328j 0.00225001+0.00934886j -0.011021+0.015451j 0.00157914-0.0185239j -0.00229838-0.00231086j 0.00792133+0.00830856j -0.000541058+0.00771172j -0.00568327-0.00797392j -0.0165962-0.00456164j -0.00578247-0.0197959j 0.00173882-0.010563j 0.00643252+0.00314481j -0.00743003+0.0001263j -0.00751069-0.000790123j -0.00511056+0.0139255j -0.00111226+0.00789592j -0.000882276-0.000345541j -0.000675358+0.000391215j 0.00146342+0.0116679j 0.0100257-0.0089689j 
-0.000439898-0.00149631j -0.00457345-0.0079397j 0.00307351+0.00758623j -0.00258562+0.00823295j -0.0022342+0.00294872j -0.00496554-0.000802403j -0.00587153+0.00553059j 0.00112281+0.00277416j 0.00236528+0.0100194j 0.00162943-0.00020269j 0.00681359+0.00563785j -0.00122765+0.000165535j -0.00949417-0.00505616j -0.000246012-0.00292618j 0.0039443+0.00226648j 0.00208656-0.00308208j 0.00186377-0.00114922j -0.00693286-0.00230913j -0.00322851-0.0009047j 8.02984e-05-0.0108227j -0.0121852-0.00144229j -0.0083314-0.00102306j -0.00589725+0.00563862j 0.000787525+0.00218414j -0.00104313+0.00982474j 0.00232782-0.00146083j 0.00390993-0.00908896j -0.00486254+0.00179433j -0.00745286+0.000962339j 0.00601275+0.00321718j -0.00402742+0.00492118j 0.00024759+0.00690607j 7.57559e-05-0.000629225j -0.00783235+0.00600087j 0.00528083-0.00915846j 0.00920945-0.00948594j 0.00512316-0.00137308j -0.00788985-0.00157322j 0.0093315-0.00598153j 0.00464149-0.0112844j 0.00546288+0.00896802j 0.0104503-0.00093356j 0.00186949-0.010221j -0.00813253-0.00107273j -2.31043e-05+6.04618e-05j 0.0146922-0.00284746j -0.00813368+0.00233955j -0.00789332-0.000880447j 0.0041801+0.00108259j 0.00244023-0.000462908j 0.00329339-0.00799071j 0.0048692+0.00978384j -0.00980883+0.000572517j 0.0199864-0.0323842j -0.0128869+0.0139154j 0.000934192+0.0025083j 1.04137e-05+0.0123984j 0.00429978-0.00380684j -0.00291615+0.0100333j 0.00136332+0.0022799j 0.0166315+0.000688791j -0.0109024-0.00363185j 0.0093169-0.00195973j -0.0192183+0.011248j 0.00440402-0.00316795j -0.000105995-0.00830204j 0.00341508-0.0146909j -0.009268+0.0185019j 0.0198684-0.0136465j -0.0152278+0.0139322j 0.00277026+0.0149754j 0.00231135-0.00191823j -0.00623031+0.00591908j 0.000602561-0.0184934j -0.00670534-0.00264211j -0.00745723-0.00922601j -0.00875147+0.0152356j 5.09312e-05-0.0076275j 0.0030758+0.00239513j 0.00927222+0.00150941j 0.00105054+0.00890376j -0.00498678+0.00262893j 2.73679e-05-0.00788203j 0.00174544+0.0151387j -0.0213731+0.015387j -0.0194409+0.0151723j 0.00291101+0.0129717j -0.00233323+0.00915432j 0.000519071-0.00523458j -0.00757363-0.00941509j -0.0144593+0.00364364j -0.00589853+0.00943703j 0.000611776-0.00185529j -0.00723785-0.000439781j 0.000404757+0.0124453j 
0.00228439-0.00492656j 0.00613728-0.00185953j -0.00806113+0.00365082j -0.000732098-0.00143137j -0.00597981-0.00180996j 0.00303566-0.0109186j 0.00533973-0.000857455j 0.00408174-0.00140508j 0.00303895-0.0046113j 0.00199231-0.00143413j -0.00181128+0.0105674j -0.0018376-0.0034315j 0.00286348-0.00688658j -0.00508924+0.00355855j 0.000626977-0.00172945j -0.000865741+0.00466817j 0.00480316+0.00179723j -0.00170122-0.00939051j 0.00203215-0.00101842j -0.00013957+0.00290147j 0.00297655-0.0134849j 0.0114574-0.00647649j 0.00682604+0.00306309j 0.00570458-0.00289995j 0.00426116+0.00786388j 0.00614995+0.0050123j 0.00679205-0.00438281j -0.00518634-0.00626003j 0.00684108+0.00290323j 0.00231795+0.0119489j 0.00515504+0.00647536j -0.000482312-0.00987476j -0.00931131+0.00196691j -0.00201211-0.00737113j -0.00314156+0.0122141j 0.00214695+0.0103432j -0.000870807+0.00603056j 0.00785919-0.0120597j 0.00505351+0.0100415j 0.00447616+0.00345885j 0.00412277+0.00241565j 0.0095076+0.0139737j 0.00107179-0.00859415j 0.000876204-0.00576967j -0.000525298-0.0027898j -0.0164385+0.0118736j 0.000690721+0.00276269j 0.000910176+0.00114896j -0.00249584+3.49414e-05j 1.39645e-05-0.00397778j 0.00584655-0.000114295j -0.0037367+0.00712487j 0.0242773-0.00643996j -0.0049676+0.00997796j 0.00413808+0.000312483j 0.00304387-0.00898135j -0.00299366-0.00489614j -0.0054656+0.00140399j 0.0037277-0.00374206j -0.0149534-0.0131185j -0.00514095-0.000345478j 0.00840744-0.00276758j 0.000214976-0.000584537j -0.023133-0.00634581j -0.0102249-0.00397722j 0.00161848+0.0041994j 0.0245831-0.0134471j 0.0115265-0.00907407j -4.36748e-05-0.000778761j 0.00939572-0.00951962j -0.00110936-0.00749627j 0.0148834-0.0012117j 0.00109499+0.0135219j 0.0168842+0.00309609j 0.00379916-0.00336782j 0.000467852-0.00758339j 0.00739174-0.00169692j 0.0165583+0.00212579j -0.00745244-0.00247702j -0.00334302+0.0145726j 0.0121548+0.0085387j 0.00124463-0.00502272j 0.000628324+0.0172496j -0.00463304+0.0118043j -0.000491143+0.00663208j -0.00984104+0.00214163j 0.0105754+0.00607091j -0.0116094+0.00838404j -0.00979159+0.0120276j 0.00446749+0.0128531j 0.0204487-0.0111062j 0.00200911-0.00553434j 0.00465071+0.00760614j 0.0106384-0.00223795j -0.00200842-0.0137611j 
-0.00165889+0.00755563j 0.0012616+0.000289234j -0.00311307-0.00359782j 0.00146768-0.0116997j -0.00368073+0.0017886j -0.0047765+0.00734882j -0.00247229-0.00591037j -0.000915395+0.00684845j -0.00271647-0.00192582j 0.00525931+0.00987375j -0.00331708-0.00371562j -0.00624981-0.00351365j 0.000430028+0.00202833j 0.000376541-0.000337451j -0.000239026-0.00328363j 0.00331456-0.00387917j 0.00567368+0.00279872j 0.00407247+0.00641128j 0.00165793+0.000624536j 0.00838171+0.00466533j 0.00129868-0.000982533j -0.00113549+0.00546205j 0.00349156-0.0065217j -0.00229625+0.00854855j 0.00150345-0.00386318j 0.00646158-0.00126876j 0.00426691+0.00730613j -0.0134381+0.00570869j 0.0028232-0.00473859j 0.00717403-0.00162711j 0.00341526-0.00826789j -0.00272777-0.000436238j 0.000382094-0.0027973j -0.000683865+0.0012573j 0.00797285-0.00572933j 0.00306072+0.00764424j -0.00367959+0.000944669j 0.00241892+0.0123834j 0.0117721-0.000135155j 0.00226822+0.00167758j 0.00818079-0.00987036j 0.0163773-0.0169958j 0.00280002-0.00116221j 0.00213379+0.00471281j -0.00482718+0.000292408j -0.0076767+0.00559716j 0.0123031-0.0115052j 0.00807393+0.00357468j -0.0099661+0.00389389j -0.0144042-0.00059984j 0.00460056-0.0106133j -0.00554369-0.00433766j 0.00538373+0.00739467j 0.0137269+0.00319105j 0.00290783-0.000690448j -0.00649572+0.00330739j 0.00111738-0.00106585j 0.0070114-0.00764284j -0.00035651-0.000346478j 0.000106342-0.00630496j -0.0112661+0.00419832j -0.00396855+0.00115639j -0.000479427+0.00449693j -0.00818078-0.00414089j -0.00845016+0.00969097j -0.00237932+0.0092299j 0.00534902-0.00368117j 0.00681327+0.00260474j -0.00382942-0.00184384j -0.00289131+0.0010092j -0.00443136+0.00607804j 0.00601913+0.00439008j 0.0113378-0.00978498j 0.0089049-0.0010916j -0.0125522-0.00289847j -0.0136394+0.00240002j 0.00340623+0.0105668j 0.00109643-0.00335966j 0.0135688+0.0114846j 0.00385459+0.000798589j -0.00595593+9.10732e-05j -0.00411535+0.0109017j -0.00317331+0.00668066j -0.0149297+0.00541997j 0.00301949-0.00825364j -0.00260741+0.00817941j -0.00258222-0.00670275j 0.000786939-0.00450223j 0.000977504-0.0187443j 0.0045979+0.00247878j 0.00148852-3.97741e-05j 0.0073817-0.0110426j 0.00438222+0.00357005j -0.00118763-0.00369544j -0.000985206+0.00841461j 
0.00135522+0.00169382j -0.00084442-0.00221272j 0.000868827+0.00148122j 0.00582036+0.00211364j 0.00226738-0.00131255j -0.00058948+0.00121274j 0.00588548+0.00487586j 0.00400306-0.00675351j 0.0013661-0.00616183j 0.00443-0.000309539j 0.00365909-0.00459367j 0.00165628+0.00266772j 0.00665158+0.00689392j 0.00349463+0.00136814j -0.00349567-0.00681594j 0.00318607+0.00457152j 0.00278946-0.000458055j 0.00418763-0.00143532j -0.000397431+0.000840821j -0.00184093+0.000877798j 0.00790863-0.00330611j 0.00652758+0.000174579j -0.000174055-0.00139227j 0.00619373+0.00253592j 0.00347722-7.40669e-06j 0.00500676-0.00532379j -0.00832075-0.00360302j -0.00162559+0.00491597j -0.00132061-0.0024271j 0.00305731+0.00392824j 0.000616854+0.000606943j -0.00425178-0.00278801j -0.00703472+0.00405326j -0.000978748+0.00332923j 0.00378662-0.00301907j 0.00995572+0.00572271j 0.00245477+0.00469389j 0.00754295+0.00804151j -0.00449939-0.00376034j -0.00426484+0.00010814j -0.000145314-0.00501938j -0.0181356-0.00472072j -0.0186972+0.00428145j 0.00426955+0.00965105j -0.00858439-0.00695722j -0.00497829+0.00527238j 0.00443007+0.00429387j 0.0080634-0.00715333j -0.00846652+0.00108996j 0.000794116-0.00131438j -0.00259849-0.00256715j 0.00385505+0.00139364j 0.00661107+0.00626415j 0.00814691+0.00082671j 0.00313213+0.00076884j -0.00852038-0.00442697j -0.00910521+0.000741218j 0.00361209-0.00440122j -0.00156834-0.00269949j 0.00518595+0.00101253j -0.0125046-0.00946692j 0.0184736+0.00899512j 0.00323715-0.00521705j 0.00813007+0.00922958j -0.00238091-0.0140797j 0.00683637+0.00607334j 0.00207147-0.00802976j -0.00842554+0.00551426j 0.0118827+0.000556129j -5.34523e-05+0.00202111j 0.00402605+0.00202848j 0.00322016-0.00696528j 0.00814662-0.00621472j 0.0116631-0.00322854j 0.00606371+0.00341642j 0.00161068-0.00217023j -0.0013283-0.00555895j -0.00373637+0.000635658j 0.0125546-0.0056034j -0.0042152+0.000558521j -0.0115794-0.0220576j -1.25856e-05-0.0040467j 0.00111962+0.00190788j 0.000358211+0.00445079j -0.000555971-0.00670703j -0.0103565-0.00070361j -0.00393058+0.0104867j -0.00897393+0.00341382j 0.0095233-0.0113245j -0.00170419+0.00593321j -0.00382271+0.00302959j -0.00364974+0.0012693j 0.0032336+0.000507259j 0.00493355+0.00241688j -0.00155892-0.00842616j 
-0.00670806-0.00615472j -0.00341099-0.00234472j 0.00415568+0.00240311j -0.0017649-0.00280156j 0.000382123+0.000971523j -0.00628137-0.00320107j -0.00303003-0.00168067j -0.000582538+0.00144844j 0.00228732-0.0052404j 0.000563664-0.00375911j 0.00529784-0.000518671j -0.00322521-0.00252043j -0.00708389-0.0010437j -0.00342343-0.00106299j 0.00483913-0.00153279j 0.00362587-0.00810569j 0.00825395-0.00625605j -0.00247802+0.000703211j -0.000674118-0.00116321j 0.000629898-0.00186955j -0.00830311-0.00155636j -0.00396199-0.00630724j 0.00752688-0.000737808j -0.0023477-0.00335852j 0.00948854-0.000985661j 0.0119053+0.00120514j -0.00480702-0.000600374j -0.00443139+0.000841049j 0.00647895-0.00321939j 0.00665813-0.00331529j 0.00196283-0.00105307j -0.00228476+0.00745911j 4.03765e-05+0.00872715j 0.0010279+0.000334857j 0.00180004-0.00272932j -0.0054189-0.00674946j 0.00708031-0.00534779j -0.00251805-0.00416064j 0.00949366-0.00222081j 0.00848326+0.00380445j 0.000486836-0.00192694j 0.0234085-0.00462237j -0.00165952+0.00621983j -0.00204034-0.00129899j -0.00331973+0.00588156j 0.0020704+0.000758181j -0.00116005-0.00380608j -0.00597858-0.0048502j -0.000355051+0.00483887j -0.00501737+0.00729236j -0.00653562-0.00220853j 0.00982467+0.00232998j 0.0093555-0.0050379j -0.00857061-0.00514399j 0.0127984-0.00627116j -0.00434459-0.00344588j 0.00324381+0.000443239j 0.00151815+0.0019804j -0.0007107+0.00868729j -0.0279032+0.00183598j -0.00719657-0.000302115j -0.00401621-0.0040102j -0.00967191+0.000582689j -0.00604934+0.0140845j -0.0142891-0.00159236j 0.00438103+0.00349652j -0.015709-0.00960216j 0.0220117-0.00339612j -0.0172194+0.000242802j 0.00639264+0.00746032j -0.00838951-0.00229092j -0.00350554-0.00342025j 0.00172017+0.00325246j -0.0108855+0.00444942j -0.00407082+0.00418317j -0.014435-0.0187787j 0.01059+0.0034897j -0.00585962+0.0139898j -0.00755627-0.00467427j 0.0104649-0.0110406j 0.00169391-0.00838656j 0.00302318-0.00671208j 0.0179287+0.00593741j 0.00338845-0.00199049j 0.0192369-0.00445508j 0.00792989+0.0108779j 0.0180313-0.00529538j 0.011083+0.00237386j -0.0026281+0.00996743j 0.017796-0.00209041j 0.00179197-0.00855841j -0.00146309-0.0091047j 0.00458913-0.00024513j 0.0016388-0.00759481j -0.00537909-0.00416925j 
-0.00125766-0.00571502j 0.00297212+0.00318205j -0.00158388-0.00637356j -0.0029308-0.00796677j -0.00810683-0.00798461j 0.00291711-0.00155214j 0.00127252-0.00308088j 0.00306002-0.00376163j -0.00220263-0.00868455j -0.00217027-0.00622772j -0.00797018-0.00339048j 0.00231227-0.00102957j -0.000268453+0.00289151j 0.00213633-0.00167897j 0.00281347+0.0092853j 0.00142279-0.00208795j 0.00318529-0.00551946j 0.00254666-0.00749155j -0.00086481-0.00260828j 0.00416169+0.00728443j 0.00694327-0.000446943j 0.00631387-0.00347j -0.00284949-0.0068474j -0.00621114-0.0123088j 0.000406864+0.000635419j -0.00560249-0.00426018j 0.0066659+0.00390291j -0.0025597-0.00381342j -0.00593436-0.000248939j -0.00357389-0.000611067j 0.00139786+0.00224533j 0.00364819-0.00411887j 0.000539816+0.00349991j -0.00136337-0.00502635j 0.000257982+0.00534579j -0.00858067+0.000823106j -0.00110794+0.00377289j 0.0109439-0.00260449j -0.0124767+0.00041834j 0.00344126+0.01078j -0.0037593+0.000152141j -0.00234882+0.0163529j 0.0173701+0.0143516j 0.0071144+0.00504284j -0.00812731+0.00231028j 0.000606309+0.00464692j 0.013936-0.00565247j 0.00568456-0.00983537j -0.0159848+0.00382318j -0.00102937-4.1455e-05j -0.000399193+0.00681005j 0.0128421-0.00466487j 0.00398562-0.00898735j 0.00722144+0.0122386j -0.0153403-0.000749344j -0.00312839-0.0106383j 0.00618702-0.00664137j 0.00878544+0.000433486j -0.000920033+0.00327528j 0.00805392+0.00318372j 0.00130294-0.00481249j 0.0151991-0.00730639j -0.000882895-0.00396311j -0.0039502+0.00121678j 0.00152265-0.00440616j -0.00600207+0.0104981j 0.0163284-0.00766816j 0.00312847-0.0178708j -0.00762472-0.00203097j -0.00354166-0.00307734j 0.0017758-0.00380228j -0.0129957-0.0112009j -0.0053404-0.0021967j -0.0100617-0.00351488j -0.00202664-0.0049775j 0.00881637-0.00886417j 0.00373914-6.38152e-05j 0.0039878+0.015552j 0.0158531+0.012869j -0.000572296-0.00380254j 0.0138031-0.0124026j -0.0099138-0.00856543j 0.00858014+0.00347764j -0.000980652+0.00184592j 0.00419071+0.000161045j -0.000931958+0.00893081j -0.00947692+0.0184394j -0.00518131-0.00190876j -0.000784404-0.00114857j 0.0105456+0.0136195j 0.00908827-0.010235j 0.00516665+2.00389e-06j -0.000585862-0.000979669j 0.00961421-0.00331874j 0.00364346-0.00995276j 
0.00672442+0.00383307j -0.00199334+0.00494979j 0.0013748-0.00989789j 0.00607944-0.00359475j 0.00895771-0.00560152j -0.00169015+0.00572103j 0.00206832-0.000619924j -0.000358642+0.000601538j -0.000100939+0.00414096j 0.00710408-0.00194713j 0.00568918-0.00690076j -0.00327306+0.00689042j -0.000948872-0.000297081j 0.00263842-0.00315903j -0.0106087+0.00224141j 0.0073163+0.000401538j 0.00435178+0.00212769j 0.0126285+0.00477176j 0.000656025-0.00683491j -0.00585542+0.00509365j 0.00045627+0.00327399j -0.00190549+0.00829598j 0.00315812-0.00747839j 0.0128016-0.00577543j -0.00119443-0.00427985j 0.00152209-0.00272622j -0.010911+0.00929387j 0.0110283+0.00637051j -0.000398094-0.000414155j 0.0044146-0.00166218j -0.00117623+0.00331238j -0.00402428-0.00266102j -0.00227955+0.00320199j 0.00198242-0.000238728j -7.86451e-05-0.00339405j 0.00743697-0.00724051j 0.00311975+0.000439724j 0.00134445+0.0092411j 0.00650727-0.00666272j -0.0110134+0.00901325j -0.00393988-0.0136479j -0.0140066+0.00297249j -0.0180872+0.023256j 0.000500788+0.00831146j -0.00561742-0.00138749j 0.00475337+0.00798026j 0.00768274-0.00534772j 0.00325167-0.00505108j -0.00453101-0.0118401j -0.00246835+0.0130845j -0.0075587-0.00242073j -7.78837e-05+0.00230363j 0.00186536+0.00995282j -0.00762215+0.00995785j 0.00967106-0.0164836j -0.00207092-0.000525469j 0.00340972-0.0015244j -0.00783177+0.00487513j -0.00902832+0.00442848j 0.0019437+0.00106495j -0.0033574-0.00473952j 0.00827506+0.0126953j -0.000942501+0.000160132j 0.00199428-0.00195684j 0.00212075-0.00684238j 0.000308879-0.00156221j -0.010187+0.00161036j 0.00800828-0.00792634j 0.00961772-0.0116844j 0.00076549-0.00170284j 0.00395657+0.00731978j 0.00742048-0.00178647j -0.0110408-0.00787805j -0.00794693-0.00951387j -0.00745778+0.00289723j 0.00649938+0.012581j -0.00826958+0.00502152j -0.00999522+0.00124413j 0.00032738-0.00332901j 0.00934616-0.00553093j -0.00104013+0.0118975j 0.00777744-0.00840667j 0.0141292+0.020574j 0.00164914+0.00666451j 0.00894325-0.00768921j -0.000969428+0.000728827j -0.010707+0.00761627j 0.000519022-0.00905751j -0.00720708+0.00233652j -0.00162378+0.00868718j 0.00330803+0.00622251j -0.00349699-0.000743749j -0.00314298-0.00354374j -0.0022442+0.0112606j 0.00989383-0.00181262j 
-0.00173953+0.000902818j 0.000725742-0.00172727j 0.000682753-0.000642532j 0.000385859+0.00171059j -0.00122122+0.00159381j 0.001504-0.00156421j -0.000274128+0.00228106j -0.002185+0.000335648j 0.00404595-0.00171854j 0.00390581-0.00053418j 0.00289874+0.00118122j 0.00571616-0.000892483j -0.00388738-0.00577718j 0.00354148+0.00267296j -3.34459e-06-0.00880723j 0.00162427+0.0042983j -0.00235258+0.00106847j -0.00136047+0.00198684j -0.000317087+0.000792843j 0.000567987-0.00193912j -0.007128-0.00904525j 0.000767113-0.00207253j -0.00114664+0.00063078j 0.00708+0.00818962j -0.00369849+0.00106495j 0.00550173+0.00399451j 0.00242447-0.000755736j -0.000539192+0.00438571j 0.0033053+0.00680468j -0.000691832+0.00688759j -7.86676e-06+0.00935551j -0.00397406-0.00554839j -0.00616035+0.00187918j -0.00728409-0.00165405j -0.000897022+3.48645e-05j 0.00990407+0.0116555j -0.00175237+0.00217953j -0.00342126-0.00408951j 0.00894532+0.00649248j -0.00432886+0.00119126j -0.000260929-0.0128095j -0.00700189-0.00815862j -0.0159788-0.0108079j -0.0015165-0.00916661j 0.00980043-0.00372739j 0.00416811+0.0066512j -0.0178165+0.00483047j 0.00337291+0.00583846j 0.0133647+0.000581435j 0.000575627+0.00205359j 0.00291727-0.00342436j -0.013865+0.00489988j 0.00571519+0.0107609j -0.00113195-0.00216999j 0.0101362+0.00537234j 0.0125307+0.0014782j -0.0137984-0.00414268j -0.00614158+0.00201205j -0.0114942-0.00894984j -0.00427326-0.0157774j 0.00930934-0.00602421j -0.0126884+0.013828j -0.000546734-0.00397937j -0.00762399-0.00205039j 0.0109287+0.0082004j 0.0029541+0.0060861j -0.0036395-0.0145037j 0.00639391+0.00498292j -0.000759494+0.00240699j -0.00133921-0.0106641j 0.00112001+0.00467682j 0.01103-0.00266602j 0.00288835+0.00975085j 0.00430087+0.0129554j -0.00790152-0.00165734j 0.017937-0.00233031j 0.00601623-0.00962527j 0.0012044+0.00306671j -0.00933004-0.00633906j 0.0221785+0.0052353j -0.00494424-0.00368275j 0.0119873+0.00139708j -0.00627257+0.00934706j 0.00790254+0.0163802j -0.00121895+0.00162037j -0.00157705-0.00505248j -0.00481731-0.00610274j 0.00271689-0.00231261j -0.00116309-0.00223148j 0.000631917+0.00173364j 0.000865655-0.00372651j 0.00344711+0.00585175j -0.00357211+0.00406027j 0.0053513+0.00154754j 0.00473088-0.00414147j 
-0.00335868+0.0025836j 0.0036811+0.00284071j -0.00396558-0.00236828j -0.00334064+0.00509051j -0.00612192-0.000367674j 0.000800254+0.00427862j -0.00215851+0.00766154j 0.00252842-0.00164463j 0.000737726+0.00181775j -0.00389556+0.00538954j -0.00590552+2.02158e-05j 0.00205911+0.00332486j 0.00856318+0.00100903j -9.34332e-05-0.000742941j 0.00849467-0.00584177j -0.00839706+0.00379025j -0.00470573+0.00486381j 0.00212199-0.00160919j -0.00301345-0.000561974j 0.00521864-0.00338452j 0.0101074+0.00142364j -0.00304793+0.0113471j -0.00281147+0.00471586j -0.00915487+0.0106492j 0.00234571+0.00459795j -0.0070754+0.00219359j 0.00416146-0.00539099j -0.00223599+0.000273722j -0.00463095+0.00488827j -0.00821299-0.00217183j 0.000382028+0.000935514j 0.00678719-0.00516037j -0.00510873-0.00427633j 0.0019336-0.00244472j -0.00131966-0.0010289j -0.0146124+0.00615319j -0.00361001-0.000944117j 0.00677307+0.00224476j -0.0089053+0.00169884j 0.00463654-0.00660717j 0.0108573-0.00103909j 0.00675037-0.00839541j 0.0141475-0.0177146j 0.00608431+0.00689829j 0.00433082+0.00229207j -0.0057868-0.00819226j -0.0013542-0.00680683j -0.000529068+0.00259032j -0.000947435+0.00707243j 0.0040759-0.000754745j -0.001592-0.00102185j 0.000240044-0.0131741j -0.0152298+0.0155162j 0.00173564-0.0165462j -0.0107823+0.0155156j -0.00834126+0.010209j 0.00791918-0.0143352j 0.00273904-0.00656588j 0.00676634-0.006476j 0.0138789-0.00154097j 0.00963761-0.00306397j -0.00688765+0.00607737j 0.00308202-0.0107916j 0.00837788+0.00698469j -0.00324362-0.00748182j 0.00147993+0.00500815j 0.00313441-0.00883322j -0.00937706+0.0100479j -0.000287612-0.00573807j 0.00834806+0.00305523j -0.0132859+0.00919037j -0.0088657+0.00284744j -0.0187953+0.00993458j -0.0142133+0.0155198j 0.00389948-0.00383591j -0.0105508+0.0106407j 0.0106558+0.00375495j 0.00304594+0.0163245j 0.0119117-0.00793697j -0.00738973+0.0114218j 0.00417682-0.00804821j 0.0039968-0.00142136j -0.00731473-0.00612295j -0.0115852+0.000453427j -0.00320254+0.00358187j -0.00136332+0.00841484j 0.00581702-0.000441009j 0.000418365-0.00243411j -0.00132163+0.00488275j 0.00025768+8.22893e-05j 0.000516496+0.00691162j -0.00393802+0.00965653j -0.00854303+0.00253752j -0.00537637+0.0097457j 0.00455857+0.00139888j 
0.00159393+0.000551125j 0.00214798-0.0040909j -0.00610226+0.00395614j -0.00430164+0.00322626j -0.00131493+0.00351827j -0.000863297-0.00131991j -0.00239696+0.00269357j 0.00209379-0.00198732j -0.0027668-0.00026003j 0.000149304-0.00266055j 4.12199e-05+0.00242349j 0.000315687-0.000459856j 0.00411728-0.000285746j -1.37168e-05+0.00281861j 0.00109022-0.00559434j -0.000870883+0.0042672j 0.00240324-0.0058159j 0.00336034-0.00373492j 0.000144234+0.00418603j 0.00540732-0.00340135j 0.00115681+0.000639761j -0.000852191-0.00424736j -0.000744827+0.00494707j -0.00237705+0.00616948j -0.000583374-0.00241026j 0.000563528+0.0041488j -0.00436524-0.00551478j 0.00584771+0.00948348j 0.00576388+0.00362197j -0.000491508+0.00677448j -0.000207342-0.00142529j -0.00790589-0.00538695j -0.00268196-0.00457763j -0.000730244-0.00274653j 0.00161464-0.000696649j -0.0049348+0.0106283j 0.00252394-0.0043893j -0.000266256-0.00567683j -0.0051561+0.000919223j -0.00225618-0.00359624j 0.00044065-0.00111327j -0.0028626-0.00740466j -0.00120273-0.0104373j 0.00100115-0.0068023j 0.00405438-0.000127877j -0.00539694+0.000717553j -0.000896762-0.00675355j 0.00278083-0.00864819j 0.00195125+0.00512265j 0.00123052+0.00215833j 0.000741565+0.0105385j -0.0122181-0.016023j -0.00720602-0.00436681j -0.00576016-0.00134752j 0.0107068+0.0040681j 0.000947582+0.00240448j -0.00830237-0.0130981j -0.00358901-0.000196336j 0.00387365+0.0100287j 0.0100929+0.0118899j -0.00537833-0.00534252j 0.0096239-0.0129414j -0.0139706+0.00538717j 0.00862772+0.000722588j -0.0118404+0.00674551j 0.0103095+0.00537074j -0.0209561-0.0163697j 0.00628235-0.0164075j -0.00846854+0.0109601j 0.00221377+0.00175976j 0.00475973-0.00143118j -0.00861402+0.0159245j 0.00285006+0.00209232j 0.00706329+0.00558091j -0.00890519+0.00575718j 0.0109776+0.00313865j 0.00554338+0.00787029j 0.0156513-0.00271488j 0.00652357-0.0108608j -0.00658583-0.0128866j -0.00795028-0.0257403j 0.00682951+0.00119088j -0.0012588-0.00229114j 0.00376642+0.00575725j 0.0125934-0.00438123j 0.0160187+0.00396342j -0.00854948+0.0112833j -0.00573566+0.0016525j -0.00187377+0.00768963j 0.0093367-0.00693062j -0.0045878-0.011512j 0.000133832-0.00280345j 0.00249422-0.00123501j 0.00498301+0.0003332j -0.00495251+0.00342656j 
0.000122675-0.00125396j 6.44478e-05+0.00297339j 0.00399109-0.00254329j -0.00111146+0.00672044j 0.0051423+0.00101334j 0.00509119+0.00283225j -0.0021696+0.00814628j 0.000976971-0.00345709j -0.00168187-0.000631188j 0.00694113+0.00334949j 0.00324128+0.00150076j 0.00613718-0.00183279j -0.000856982+0.000972132j 0.00562531-0.000391572j -0.00361128-0.00633555j 0.00501406+0.00336472j 0.00296811+0.00624516j 0.00915371+0.00591821j -0.00225887+0.000894554j -0.00251511-0.00419652j -0.00773227+0.00172585j -0.00136346+0.00036167j -0.00547751+0.00396196j 0.00691406+0.00405449j 0.00702692-0.00010062j -0.00805092+0.00238826j -0.00725637-0.00790779j 0.0112016-0.00211143j -0.00572619+0.00836475j -0.00322501+0.00950831j 0.0047272+0.00430717j 0.00146259-0.00473058j -0.000984844-0.00662477j -0.00605604-0.000221246j 0.00294103-0.00372559j 0.00909823+0.00231724j 0.0106315+0.0028126j 0.00228234-0.00756383j 0.00585175-0.000203932j -0.00806711-0.00546916j -0.00389188-0.00225086j -0.00919664-0.00481032j -0.0179038-0.00770357j 0.00794023+5.47094e-06j -0.00857758+0.00159528j 0.00983237-0.00462943j 0.00309382+0.00779184j -0.000528098+0.00207388j -0.00653579-6.06186e-05j -0.00534366+0.00282847j -0.00648612+0.00816317j 0.0111589-0.0116471j 0.00932604+0.0108374j -0.000948763-0.00185263j -0.00415935+0.0125704j 0.00659004+0.0122746j 0.000183163-0.00401612j -0.00680491-0.00464542j -0.0148819+0.000616672j -0.0104042-0.00627786j -0.00281417-0.00581486j 0.00771255+0.00553464j -0.000854453-0.0100915j 0.00123464-0.00618528j 0.00354509-0.0014352j 0.000348167-0.00273527j 0.0123291+0.00511625j 0.00289176+0.0118799j 0.00978111+0.00432406j -0.00303562+0.0107898j -0.00561579+0.00158838j -0.00256957+0.0073755j -0.00829307+0.00836402j -0.00283755+0.00537006j 0.0134606-0.0120104j -0.0054021+0.0232907j -0.00706034+0.00180298j -0.00974628+0.000173841j -0.0141965-0.0103545j 0.0197338+0.00535865j -0.00523507-0.00624023j -0.00316669-0.00761615j 0.0101635+0.00975378j -0.000611473-0.00530885j -0.00388835+0.00469215j -0.00774313-0.00478268j -0.00249517+0.00086795j 0.00645665-0.0090366j 0.0047537+0.00124573j -0.00382241+0.00125122j 0.00446844+0.00211064j -0.000382715+0.0145446j -0.00331431-0.00131324j -0.00184483+0.00550568j 0.00915471+0.00742502j 
0.00680923-0.00405582j 0.00295714+0.000739393j -0.0024121+0.000104662j 0.003851-0.000119087j 0.00455439-0.00706764j 0.00221248-0.00724266j 0.00863973-0.000715036j 0.00273421+0.00470347j -0.00152122+0.000417051j 0.0043696-0.0064032j 0.00276454-0.00337994j 0.00140897-0.00645033j 0.00411502-0.00244127j 0.00357313-0.00870525j -0.00425647+0.00345848j -0.00378255+1.06356e-05j 0.000186467+0.000930941j 0.00500914-0.0130823j 0.000174009+0.00459534j -0.00112467+0.00120006j 0.00752831-0.00185183j 0.000638696+0.00142385j 0.00563519+0.00726224j 0.00270063+0.000213128j -0.00754937+0.00766263j -0.00164633+0.0163567j 0.00162368+0.007672j -0.00425363-0.00980616j 0.00202381+0.00154471j 0.00697851+0.00845685j 0.0059951-0.00149281j -0.00149247+0.00601872j -0.00708302+0.00290045j -0.00280855+0.00865753j 0.00327869+0.00180803j 0.0054505-0.0073166j 0.00163219-0.00705658j -0.0024135+0.00261297j 8.12811e-06+0.000597084j -0.000768882+0.0120746j 0.000356129+0.00635584j -0.0144683+0.018119j 0.00222123+0.0196545j 0.00317606-0.0109638j -0.00549741+0.00865453j -0.00499611-0.0125918j 0.0032433-0.00247815j -0.00314844-0.00700702j -0.00848424+0.00574949j -0.00212064-0.00079201j 0.0116606+0.0033782j -0.011624-0.00470101j 0.0109454+0.00353112j 0.00648557-0.00909625j 0.00397736+0.00828455j 0.00083899+0.00147688j -0.00362746-0.00354275j -0.00113343+0.00330889j 0.00723128+0.0142577j 0.00895713+0.000649157j -0.00609069+0.00291933j -0.00129491+0.000265352j 0.00638947-0.00542266j -0.0111515+0.003532j 0.00233759-0.00929047j -0.010103-0.00314849j 0.0261252-0.00604703j -0.0128478+0.00605953j 0.0125067-0.0071875j 0.000876751+0.00684054j -0.00440827+0.0133445j 0.00842217+0.00703356j -0.00383625+0.00959112j -0.00539474+0.0171279j -0.00448756-0.00919879j 0.0191434-0.00679685j 0.00196384+0.0034634j -0.000368689+0.0157571j 0.00140357+0.000821512j 0.00261419-0.0110849j -0.0188984-0.00608269j -0.0034567+0.00290514j -0.00706746-0.00936826j -0.00411122-0.0040114j -0.00113497+0.00604348j -0.0116764+0.00243186j 0.000450004+0.00583111j -0.00584472+1.6672e-05j 0.00538998-0.017595j -0.00263046+0.0071932j 0.00427627-0.000241646j 0.00690937+0.00685184j -0.0017349+0.00748473j 0.00443204+0.00795939j -0.00260932-0.0056454j 
0.00282875-0.0034005j -0.00229172-0.00233109j 0.00202715+0.00334346j 0.00314654-0.00338725j 0.0052948+0.000696183j -0.00146153-0.00361056j 0.00254534-0.00673497j 0.000141915+0.00401791j -0.00455426-0.000220231j -0.000882294-0.00308794j 0.003648+0.00320596j -0.00408266-0.00303631j 0.00275313-0.0062553j 0.0049318+0.00152114j -0.0107889+0.00510229j -0.00170636-0.00315162j 0.00538062-0.00698783j 0.000655056+0.00147003j 0.000166218+0.00514057j -0.00179131-0.00228288j -0.00399629+0.000616476j -0.00449708-0.00953711j 0.00765614+0.00435011j 0.00740693-0.0010318j -0.00296798-0.0023204j 0.0024651+0.00469711j -0.0104974+1.00214e-05j 0.00491454-0.000346658j 0.00732607+0.00129401j 0.00444139+0.00329425j -0.00659941+0.00265404j -0.00721717+0.00241193j -0.00544514-0.00344831j -0.00743546+0.00181577j 0.00544708+0.00198598j 0.0171729-0.00149142j 0.00209556-0.00885153j -0.00578071-0.00812913j 0.00762537+0.00683414j 0.000168016+0.00227378j -0.00518083+0.00429191j -0.00967988+0.00535051j -0.00670681+0.00936941j -0.00097918-0.0069076j -0.00418272+0.0112316j -0.00375651-0.00324146j 0.00260732-0.00210686j 9.10227e-05-0.00655328j -0.00156862+0.00586546j 0.00127387+0.0087308j 0.0169466+0.0126587j -0.0203348-0.0205731j 0.00148435-0.00203262j 0.00699356-0.00327656j 0.00443479+0.0046068j 0.000258519-0.00175117j -0.0076394+0.0034267j -0.000770518+0.00428121j -0.000170783+0.00998164j 0.0031365-0.000138153j -0.00999018+0.00654358j -0.00315349-0.0193807j -0.00321583+0.0086605j -0.00856947-0.00597611j 0.00131289+0.0110954j 0.00376085-0.00316626j 0.00457082-0.00309364j -0.0104779-0.00988905j 0.0153345+0.00960855j 0.00556568+0.00535649j -0.00500759-0.00544471j 0.0076876+0.0118705j -0.00213056-0.00587255j 0.00850674-0.00856597j -0.00847558-0.00181587j -0.00463753-0.0102054j -0.00707818+0.00595836j -0.00902283+0.00336019j -0.00597913-0.00502108j -0.0127643-0.0101509j -0.0162031-0.00697174j -0.00643392+0.00720024j -7.4158e-05-0.0158196j -0.00198697-0.00653664j -0.0036575+0.00109055j -0.00224355+0.00282379j 0.00131873+0.00595849j -0.00403804+0.00782786j -0.00128022+0.00369369j 0.000872541+0.00165797j -0.0034581+0.00133077j -0.00750966-0.00768444j 0.000829512-0.00010011j -0.00925655-0.00844301j -0.00261039-0.00136129j 
-0.000999206-0.000707699j -0.00124871-0.00145277j -0.000714536+0.00164091j -0.00223068-9.28268e-05j 0.00454486+0.00419004j 0.00118272-0.00591208j -0.000841431+0.0036523j -0.00230682+0.000247045j -0.00142198+0.0014413j 0.00130065-0.000474303j 0.00320244+0.00240201j -0.00498803-0.00233229j 0.00316524+0.00498467j 0.00136579-0.00281975j -0.00330151-0.00624491j -0.00017579-0.0011373j 0.00428753+0.00385362j 0.000760054+0.00121415j -0.00504065+0.000515891j 0.00161696-0.00639633j -0.00509049+0.00600873j -0.00195072-0.000329921j -0.00318466+0.00969175j 0.00399819+0.00847397j -0.000111502+0.000752887j -0.0118303+0.0109458j -0.00570777-0.0104763j -0.0017905+0.000675197j 0.00107544+0.00518385j 0.00118731+0.00624172j -0.00358585-0.00412272j -0.00434386-0.000908417j 0.00222107-0.00695012j -0.0076814+0.00520318j -0.00106642+0.000200046j 0.00906981+0.000327625j 0.0135655-0.0051301j 0.00253421+0.000762453j 0.00503912+0.00378994j -0.00584043+0.00178378j 0.000793626+0.0043528j 0.0032169-0.00521826j -0.00830018-0.00628302j 0.00438151-0.00350035j -0.00873561-0.0043745j 0.0130893-0.0123003j 0.00384542+0.00354667j 0.000126822-0.00325791j -0.00100997+4.58705e-05j -0.00925992+0.00972118j -0.00600612+0.0141989j 0.0174344-0.0151883j -0.00176631+0.0016958j 0.00674393-0.00826002j -0.00524739+0.0139134j -0.000170781-0.00250657j 0.000509158-0.00694415j -0.0100765+0.00877783j -0.013605+0.0115494j -0.00680558+0.0118107j -0.00646984-0.0122858j 0.00751045+0.00155316j -0.000497685-0.00248073j -0.00561118+0.0103108j -0.00421869-0.00132675j 0.0124102+0.00549295j 0.00517833-0.00613886j 0.00330535-0.00571616j 0.00199393+0.011554j -0.0105222+0.0100977j 0.00128086-0.00451652j -0.0111884+0.00977212j -0.001611+0.00152321j 0.00199753+0.0145057j -0.00123078+0.000455979j -0.00466042-0.0221426j -0.0137833-0.00210861j -0.000373463+0.0059698j 0.00635727-0.016682j 0.0192167-0.0177124j -0.000738621-0.016985j -0.002516+0.00112112j -0.00081688-0.00587007j 0.00455222-0.0055874j 0.000436409+0.000982601j -0.00249443-0.00586731j -0.00785586+0.00344595j -0.00552221-0.0110973j -0.00269164-5.60927e-05j -0.00129387-0.00210014j -0.00117965+0.00451073j 0.00337396-0.00332675j 0.00785655+0.00776806j -0.00114653+0.000591449j -0.00583427+0.00205818j 
0.00227325+0.00645197j -0.000119026+0.00184958j -0.00206287-0.00125971j 0.00159383+0.00100601j 0.00152176-0.000974736j 0.00165259-0.00297492j -0.00109467+0.0029592j -0.00196812+0.00273759j -0.000126937-0.00312832j -0.00106205+0.00013068j 0.00107696-0.00240724j -0.00375821+0.00357015j -0.00521375+0.00679858j 0.00232146-0.00060127j -0.00109223+0.00134399j -0.00253497-0.00479256j -0.00234775+0.00494128j 0.000712275+0.00249002j 0.00528476+0.00087741j 0.00317269-5.62557e-05j -0.00284715+0.0125529j 0.00328606+0.00245094j -0.00187781+0.00340962j 0.000619343+0.000872273j -0.00632334+0.00161834j 0.00212915+0.00534285j 0.00726307-0.00502304j -0.00153388-0.00517759j 0.00911559+0.000207159j -0.000858255-0.000658072j -0.00265849+0.000607865j -0.0011416+0.00128527j -0.00431615+0.0056924j -0.00418326+0.00411223j -0.00216267+0.00527112j 0.0011824-0.00516218j -0.00403239-0.00711897j -0.00480249+0.011539j 0.00488524-0.00927049j -0.00123695-0.00139056j -0.00353363+0.00225542j -0.00148359-0.00531773j -0.00341615+0.00581792j -0.0142101+0.0064504j 0.00359617-0.0049536j -0.00366145-0.00919947j 0.000656255+0.0103284j 0.00941671+0.00471315j 0.000971742-0.0093377j -0.00689688-0.00223008j 0.00477613+0.0015945j -0.00350944+0.00198993j 0.000319265+0.00458187j -0.00271206-0.00604994j -0.00428015+0.008759j 0.0166529-0.00747377j -0.00060243-0.00336049j 0.0035394+0.00630959j 0.00594513+0.00639851j -0.00700708+0.00417515j 0.00695035-0.00469326j -0.00595096+0.0127866j 0.00562221-0.00290952j -0.00498762+0.00476905j 0.0121345-0.01226j -0.0038484-0.000237597j 0.0130831-0.00469942j 0.00834231+0.00381143j 0.0105451-0.00598585j -0.0172068+0.00379997j -0.0138532-0.00375837j 0.00124888+0.0059272j 0.000458076-0.00280088j 0.00182585+0.00961365j 0.0053661-0.00689834j 0.00936438+0.00911999j 0.00400438-0.000845636j -0.0127694-0.00738008j -0.00801085+0.00442884j -0.00345221-0.00921764j 0.0059945-0.000273631j 0.0102403-0.00136555j -0.00528933+0.00190336j 0.00566272-0.0155023j -0.000373276+0.0070993j -0.00813769+0.00117392j -0.000597475-0.012444j 0.000958767-0.0010983j -0.00110508-0.00453356j -0.00673192+0.00158336j 0.00588708+0.00476809j 0.00350835+0.00763009j -0.00444255+0.00892092j 0.00169008+0.00418861j 0.00452873+0.0036244j 
0.000545229+0.000660531j 0.00461398-0.000950212j -0.00556637+0.00115073j -0.00169631+0.00382428j 0.000590574+0.000686493j 0.00333996+0.0023304j 0.00344747+0.00594571j -0.00101201-0.00130562j -0.00709252-0.00712844j 0.00390829+0.00139803j -0.00437418-0.000528323j -0.000353257-0.00136237j 0.00397392+0.00623844j 0.000382965+0.00365632j -0.00373879-0.00177967j -0.0040844+0.000252098j 0.00603819-0.00109213j 0.00349727+0.00125408j 0.00223374+0.00548045j 0.00401771+0.0031997j 0.000194628+0.00337307j 0.00390203-0.00539248j -0.00637073+0.00307941j 0.00309561-0.00771249j -0.00400956+0.00430195j 0.00221239-0.0136438j 8.27388e-06-0.00694914j 0.00164644-0.00136751j 0.00427488-0.00224162j -0.00430027+0.00101763j 0.00199197+0.00416718j -0.00361325-0.00404908j -0.00217663+0.00747602j -0.00556863-0.000745024j 0.00475713+0.011168j 0.00205216+0.0069686j -0.00640576-0.0025203j 0.00116038+0.00143162j -0.00357464-0.0122467j -0.00342991-0.008506j -0.00461867+0.0128293j -0.0122653-0.011828j 0.00662651+1.72206e-05j -0.0046725+0.00820691j -0.000720258-0.00812817j 0.00296415-0.00757234j 0.000379721+0.00781855j 0.0140543+0.00150771j -0.0030139-0.00617246j 0.00785194-0.00247622j -0.000655654+0.00212803j -0.00245813-0.00871107j -0.00240565-0.00900807j 0.00507094+0.0125097j -0.00818544+0.00283246j -0.00396893-0.00401558j -0.00169685+0.000368824j 0.00194231+0.00583146j 0.0053966+0.000328477j 0.0018352+0.0145273j 0.00689348-0.00537374j 0.0103287+0.00897052j -0.00390176+0.000912114j -0.000648953+0.00464478j 0.00797243+0.00611129j -0.00448166-0.00201228j 0.000842568+0.00409701j -0.00197147-0.0111933j 0.00475948-0.000102741j -0.0106248+0.00115369j 0.0106762+0.00469483j -0.00960862+0.000231864j 0.00472144-0.000600338j 0.00538532+0.00368319j 0.00124123-0.00559732j 0.00462276+0.00537725j 0.00296827-0.00437202j 0.00855822+0.00611513j 0.00714742+0.0120008j 4.26628e-05-0.00568087j 0.00687141-0.0107048j -0.00122613-0.0102493j 0.00268685-0.0108551j 0.00194794-1.4345e-05j -0.00619235+0.00648232j -0.00279459+0.00320599j -0.00920348-0.0103575j -0.00187509+0.00482226j 0.0077225+0.00838076j 0.00277449-0.00886821j 0.00204027-0.00196331j -0.0013001+5.24529e-05j 0.0025175+0.002945j 0.000966653+0.000485213j -0.00128546-0.000262864j 
-0.00246871-0.00565382j -0.000798719+0.000606232j 0.005688-0.00217406j -0.00238107-0.00550155j -0.00327357-0.00275145j -0.000606762+0.00572373j -0.00166156-0.00352472j 0.00169771-0.00261733j -0.00599988-0.0028615j 7.93757e-05-0.000369162j -0.00250656-0.00444473j 0.00255667-0.00412523j -0.00553353+0.00326001j 0.00319578-0.00211511j -0.000277199+0.00256672j 0.000390157+0.00403539j -0.00365314-0.00351544j 0.0103582-0.00155438j 0.00678704+0.00390625j 0.0016223+0.0010444j -0.00821306+0.00350562j -0.00748861-0.00265185j -0.00321467-0.00255273j -0.00460539-0.00458596j 0.00498722-0.00155806j 0.00136836-0.00519159j -0.00119798+0.000949374j 0.00594376+0.00544361j 0.00460265+0.000681395j 0.00803717-0.000476139j 0.00794368+0.000375133j -0.00649077+0.00115942j 0.00617184-0.00225558j -0.00263053+0.000848048j 0.00496496-0.00467907j 0.00652955-0.00431773j -0.0120708-0.000951678j -0.00594749+0.000598315j -0.000322343-0.0083117j -0.00300954-0.00274388j 6.9498e-05+0.00119659j -0.0145596+0.00917464j -0.00969593+0.0108683j -0.00117952-0.00528491j 0.00339007+0.00136632j 0.00606223+0.0128104j 0.00124664+0.00502164j 0.00187987-0.00483238j -0.000947739+0.00588512j 0.00569399+0.00396732j 0.00277411-0.000736395j -0.0124688+0.00554656j 0.00278865-0.00571591j -0.0034894+0.00305195j 0.004394-0.00506664j 0.0110962-0.00175689j -0.00962255+0.00580349j 0.0093707-0.0048614j -0.000834557-0.00299267j -0.00794741-0.0127029j 0.00515343+0.00255716j -0.00253926-0.00109686j -0.00825003-0.00260082j 0.00173824+0.00174952j 0.00549139-0.0028589j 0.00106885-0.00281568j -0.0104301+0.00487698j -0.0064326-0.0149104j 0.00261544-0.00689173j -0.0073223-0.00653456j -0.00237196-0.00265841j 0.00339344-0.0171585j 0.00232865+0.00210025j 0.00504846-0.0131957j 0.00511448+0.00262337j 0.00164485-0.00293921j 0.00633789-0.00363581j -0.00121743-5.37498e-05j -0.00889146+0.011861j -0.0110617-0.0141347j -0.00533775+0.00348117j -0.00321799-0.00419874j 0.00436018+0.000213653j 0.00366917+0.00433582j -0.00752587-0.00124135j -0.00238608+0.00236396j -0.00748365+0.00315766j 0.00882836+0.00166211j 0.000352699+0.00219621j 0.00540733+0.000834853j -0.0103226-0.000291617j 0.00706846+0.00505876j -0.00710575+0.00194343j -0.00165487+0.00144229j 0.00352696-0.00357914j 
-0.0035472+0.00081893j -0.00235408+0.00178551j 0.00223551+0.000848433j 0.0023594+0.00436972j -0.000626106-0.00220902j 0.00202455+0.00591961j -0.00229557-1.03528e-05j -0.00116216-0.000563712j 0.00266841-0.00953943j -0.00665055+0.00371071j 0.000484584+0.000111823j 0.00342011-0.003847j 0.00410475+0.00431579j 0.000906246+0.00122062j 0.000682545-0.00168417j 0.00105355-0.00598773j -0.00276771+0.000301702j -0.000492053+0.00638271j -0.00173179-0.00067549j -0.00442549-0.000417041j 0.00136816-0.00254285j 0.00138241+0.00109594j 0.00228378-0.0028756j -0.00118186-0.000616709j 0.00104845+0.00283342j -0.00396591-0.001305j -0.0027283+0.0025866j 0.00960067+0.00414233j -0.000130999-0.00070235j -0.00634344-0.00285215j -0.00398755+0.00371241j 0.00170929+0.00208369j 0.00242702-0.00335497j 0.00415794-0.00753283j 0.00505339+0.00720878j -0.00412358+0.00895677j -0.000637721-0.00102264j -0.0026882+0.00228247j 0.00288432+0.00933079j 0.00438331-0.00775108j 1.41806e-06-6.26204e-05j 0.000159236-0.00235592j -0.00627317-0.0148535j -0.0039069+0.00968136j -0.00899762-0.0068727j -0.00618861+0.00090682j -0.00987012+0.0141488j -0.00969262+0.00949901j -0.00595655-0.0123581j 0.0106301-0.00660415j 0.0117029+0.00649809j 0.00918537-0.00385162j -0.00861267+0.00868075j 0.00247962+0.00787957j -0.0113334-0.00655572j -0.00107071+0.004995j 9.73169e-05+0.00168224j 0.0140366-0.00273479j 0.00615888-0.00268928j 0.00307411-0.0128594j -0.00514842-0.00728564j 0.00502974+0.00701141j 0.00137403-0.0046295j -0.0144659-0.0195477j -0.00285655-0.00234002j -0.00762773+0.00297866j 0.00635567+0.00947363j 0.000203777+0.00439465j -0.00680003+0.00477899j -0.00147046-0.00343619j -0.0153957+0.00237278j 0.00140282+0.0130358j -0.0113097+0.00810829j -0.00215145+0.00575914j 0.00609758-0.00427523j -0.00933418-0.00177331j -0.0107173-0.00320774j -0.00842487-0.00962443j 0.00338202+0.00854987j -0.000469408-0.00623113j 0.00170847-0.00158902j 0.0114772+0.001372j -0.00141665+0.0230306j -0.000690441+0.00917135j -0.00250518-0.00505263j 0.00292603+0.00113866j 0.0014378-0.00116753j 0.00172499+0.00683648j -0.0121449-0.00575544j 0.000447343-0.000297913j -0.00537821+0.00342541j -0.00524595+0.000855541j -0.00189291-0.00931144j 0.00644116+0.00636326j 0.00202583-0.0003091j 
0.000498327+0.00206953j 0.000718615-0.000853305j -0.00280191+0.00130669j -0.000257532+0.00621014j 0.0019607+7.8994e-05j -0.00253894-0.000318506j -0.00159419+0.00452773j -0.00383442+0.00280479j 0.000186609+0.0024139j -0.00189901-0.00182003j 0.00124774-0.00429338j 0.00297435+0.00241043j 0.000254409+0.0055525j -0.002295-0.00076531j 0.00488249-0.00519744j -0.00117115+0.00293261j 0.00360951+0.00196352j 0.00379859-0.000277303j -0.000482353-0.000792356j 0.00321003+1.08808e-05j -0.00236075+0.00460922j 0.00184869+0.00191497j -0.00399925+0.00301354j -0.005381+0.00243616j 0.00395193+0.00239269j -0.00303894-0.000169609j -0.00322063-0.000661376j -0.00541754+0.00316122j 0.0048313-0.00554028j -0.00199015-0.00475675j -0.000547941-0.0034421j -0.0011737+0.0011482j 0.00660308-0.0016781j 4.28818e-06-0.00216968j -0.00272079+0.00554617j -0.0065863-0.00594956j 0.00622654+0.0055957j 0.000876433+0.00135069j -0.004487-0.0113987j -0.00902711+0.00205836j 0.00614439+0.000100914j 0.00696317-0.0048021j -0.00180124-0.00645793j 0.00758002+0.00249075j -0.0102165-0.0104635j 0.0117907-0.00711237j 0.00276135+0.00561233j -0.0050585+0.00816791j -0.0018699-0.0103888j -0.000582028+0.00441492j -0.00061336+0.00558449j 0.0124389-0.00244399j 0.00022238-0.0134102j 0.0110967-0.0086775j 0.00586208+0.011552j 0.00324835-0.00489699j -0.000991187-0.00540002j -0.00322229-0.00208608j -0.0149645-0.00601785j -0.00359831+0.00729848j -0.00353086+0.00297915j 0.00129195+0.0113242j 0.00608674-0.00027232j -0.00719982-0.00716597j 0.00120948-0.0146293j 0.00109864+0.00351385j 0.0149026-0.00648971j 0.00081918-0.00741386j -0.00485546-0.00114649j 0.00099995+8.17788e-05j -0.00588128+0.0044592j -0.00273497-0.0126077j -0.00645524+0.00630418j -0.0020055+0.00085356j -0.00753933-0.00303329j 0.00268567+0.0128197j -0.00638139-0.00578729j -0.0112506-0.00299525j -0.00431296+0.0026114j 0.00548114-0.00841186j 0.00506498+0.000611235j -0.0039158-2.73292e-05j -0.00617004+0.00450166j -0.0094642+0.0022174j 0.0007695+0.00960075j -0.00796486-0.00480883j -0.00235074-0.00746611j 0.00616239-0.00827676j 0.00513513+0.0021057j -0.00273662-0.00073428j 0.00316839+0.00147362j 0.00763004-0.00324995j -0.00410732+0.00625319j 0.00673455+0.00484487j 0.00114252-0.0019056j 
0.00167991-0.00322264j 0.00246665-0.00297499j -0.00193756+0.00170321j 0.00684267+0.000365149j 0.00199163-0.00371235j 0.00478046-0.0116375j 0.000769769+0.000182824j -0.00264203-0.00259861j 0.00628287-0.00194035j 0.00288685+0.00258231j -0.000613624+0.00450456j 0.000623341-0.00419207j -0.00319551-0.00863141j 0.00428997+0.000276612j -0.00219978+0.00499579j 0.00502215+0.0073241j -0.0047091+0.00444612j -6.08836e-06-0.00330751j 0.00235387+0.000318309j 0.000937575+0.00367667j 0.00590646-0.00324484j 0.00762594+0.00255557j 0.00552111+0.00223095j 0.00596125+0.000358633j 0.00223005+0.00392832j -0.00117303+0.00797055j 0.0078531-0.00100473j -0.00583309-0.0135996j 0.00426889-0.00494682j 0.00126009+0.00459919j 0.00895997+0.00854594j 0.00193338-5.60744e-05j -0.00782479+0.00549345j 0.00265042-0.0046549j 0.00266842+0.0097469j -0.00398193+0.00740215j -0.00491012-0.00341311j 0.0036794-0.00282974j -0.00197022+0.00699964j -0.0013347-4.32752e-05j 0.000188523+0.00565737j 0.0038273+0.006656j 0.000168734+0.00119144j -0.0095121-0.00989117j 0.0088035+0.0134387j -0.00501409-0.00622265j -0.00122541+0.00645266j 0.00913135+0.00788897j -0.00156537+0.00473986j -0.00488118-0.0240944j 0.00178344-0.0108941j 0.00138943-0.00720007j 0.00877089-0.00529373j -0.00590435+0.000383401j -0.00620798+0.00814579j 0.0102409+0.00956382j 0.00125629-0.00642859j 0.00444488-0.00260778j 0.0125157-0.00204005j 0.000346943-0.00312298j -0.000333321+0.0179374j 0.0029102+0.00498318j -0.000374133-0.00141333j 0.0104815+0.0125466j 0.00486942-0.00450355j -0.00912435-0.00419376j 0.012006-0.0133242j 0.00726285-0.000244041j -0.0064523+0.00557401j -0.0043896-0.00463042j -0.00130872+0.018313j 0.00538211+0.00228709j 0.00567859+0.00755182j 0.00628572+0.00113103j 0.0034473+0.00165346j -0.00093149+0.0023155j 0.00158657-0.000121184j -0.00136805-0.00414018j 0.00698639-0.001778j -0.00172837-0.000833284j 0.00459448+0.00339474j 0.000878328-0.00736218j 0.00324604+0.0101714j 0.00506832+0.0158292j -0.000307727+0.00643961j 0.00441324-0.00802465j -0.000757936+0.00303888j -0.00214537+0.006579j 0.0128863+0.00107523j -0.00461187+0.00516695j 0.0061519-0.00451144j 0.00664263+0.0150728j -0.00136319-0.0044921j 0.00718545+0.00392079j 0.0052527-0.00413045j 
0.00259147+0.00176683j 0.00422242+0.00297803j -0.0055992-0.00220738j -0.00356477+0.00074031j 0.00191649+0.000573439j 0.00610025+0.000957051j -0.000114103+0.0025047j 0.00209591-0.00210712j 0.00331675-0.00177414j 0.00484867+0.0017231j 0.0012469+0.00111913j 0.00731513-0.00283065j 0.00395314+0.00429873j -0.000931446+0.00154047j 0.00398323-0.00401854j -0.00596901-0.00291849j -0.00481344+0.00116283j 0.00243757+0.000180163j -0.00127624+0.0040007j 0.00107092+0.00293996j -0.0023615-0.00107955j 0.00797878+0.000928484j -0.00757707+0.00580526j -0.00406471+0.000961979j 0.00534738+0.00360874j -0.00791397+0.00476739j 0.00732601+0.00118854j -0.00367607-0.00589021j -0.00168476+0.0110459j -0.0098668+0.00212502j 0.00181028+0.00406574j 0.00764111+0.00116685j 0.000677231+0.00552981j 0.000460945-0.00060173j -0.00320826-0.004664j -0.0146558+0.00465137j 0.00114161-0.00846888j 0.00690345+0.00655944j 0.00273835-0.00635655j 0.00231881-0.000449334j 0.0113831-3.86065e-05j -0.0015885-0.00436179j -0.00482519-0.00393725j 0.0149481-0.0065071j 0.00328918-0.00035892j -0.000941322-0.00540661j -0.00666294+0.00713062j 0.00134134+0.0100084j 0.00123858-0.0092289j 0.00178114-0.01213j -0.00749456-0.0018543j 0.018158+0.00497773j -0.00248405-0.000897329j -0.0134561+0.00423051j -0.00102518-0.0127155j -0.000111653+0.00279881j 0.000454677-0.00304107j 0.000540652+0.0122373j -0.0103948+0.0161058j 0.00208691+0.0102887j 0.0021829-0.00372192j 0.00609398+0.00794269j -0.0039381+0.00766129j 0.00657702+0.010974j 0.000146797+0.000499573j -0.00161048-0.00696466j 0.00984235+0.0100221j -0.00389467+0.000323233j -0.0124665-0.00253805j -0.00895715+0.000572024j 0.00171302-0.00325831j -0.012628+0.000926279j -0.00492054+0.00997661j 0.0113703+0.000724866j 0.00282595+0.015202j -0.00880907-0.00169646j -0.00552215+0.0113284j 0.00253438-0.00736926j 0.00515407+0.0123869j 0.0105853-0.00764117j -0.00010575+0.00299263j -0.00199222-0.0060014j -0.00554239+0.0142992j 0.00239217+0.00213164j -0.000905101+0.00208686j 0.0060196-0.0020793j -0.00462361-0.000768293j 0.0041077-0.00155893j 0.000482873+0.00535965j 0.00187214-0.00145479j 0.00117178-0.000845315j 0.000674541+0.00408296j 0.000605371-0.0016242j -0.00072465-0.00229824j 0.0028487+0.00741715j 
0.00507666+0.00554955j 0.00265164+0.00252084j -0.00370624-0.0062349j 0.0026939-0.00392368j 0.00151188+0.000151419j 0.006378+0.00513138j 0.00544813+0.00197384j -0.00527454-0.000987891j -0.000518795-0.00289232j 0.00250587+0.00376987j -0.00194429-0.00319115j 0.00401987+0.00213578j 0.00419427+0.00653165j -0.000594812+0.00247459j -0.010608+7.63139e-05j -0.00223269-0.0022394j -0.00824044-0.0027373j 0.00261095+0.00541353j -0.00510739+0.000994235j -0.000461594+0.00675983j 0.00604794+0.00438733j 0.00533111+0.007355j -0.00246928-0.00259925j 0.00323805-0.00287453j -0.00513311+0.00149744j -0.00603621-0.00192339j 0.00142941+0.0075085j 0.00510732-0.00317849j -0.00370309+0.00395921j -0.00380276+0.00208119j 0.00372333+0.00289455j -0.000878472-0.00271223j 0.000798364+0.00532077j -0.00237795-0.00390278j 0.00542093+0.00649868j 0.00179462+0.00459305j -0.00158289-0.00907206j -0.0057635+0.00196342j 0.00225212-0.00456034j 0.000187539+0.00634506j -0.00606951+0.0091893j -0.00471292-0.0155914j -0.00489427+0.00586456j 0.0121531+0.00511298j -0.00613985+0.00142483j 0.00552327-0.0040592j 0.0015407+0.00311553j -0.00585617+0.00946788j -0.00373956-0.00104442j 0.0171819-0.00305624j 0.00377005-0.00249393j -0.00509239-0.0015799j 0.00607262+0.00281646j -0.0103254+0.0132982j 0.00550866-0.00241226j 0.00392922-0.00764165j -0.00327663-0.00448811j 0.000221559+0.00421043j 0.00604758-0.00952648j -0.0114722+0.0253566j -0.00269399-0.00454363j -0.000283387-0.00638261j -0.00775747-0.00332309j 0.0053938+0.00674163j -0.0169596-0.0013763j -0.0021576-0.00520959j 0.000588649+0.00625723j -0.00552973-0.0116041j 0.00379242+0.00324923j 0.0075477+0.00278299j -0.00796571+0.00813765j 0.00558723+0.00160249j -0.00239334-0.00155476j 0.00432654+0.00625674j 0.00553568+0.00155256j 0.00944774-0.00067139j -0.00264278-0.00750028j -0.00362705+0.00429785j -0.0152976+0.0114657j 0.00439403+0.0087933j -0.0029178-0.00403247j -0.00626603-0.0095783j 0.00855354-0.00191762j 0.00138692+0.00139218j -0.0021763+0.000742478j 0.00985442-0.00325162j 0.00455193-0.00419916j 0.000640561+0.00347846j -0.000906696+0.00150983j 0.00521963+0.00205307j 0.00321614+8.84305e-05j -0.00185734-0.00333052j -0.00049738-0.00141273j 0.00570604+0.000271764j -0.000206924-0.000128902j 
-0.0033503-0.00153003j 0.00214908+0.00363364j 0.00153599-0.00263138j 0.00213665-0.0018356j 8.02552e-06-0.00413234j 0.000361746-0.0038002j 0.00335574-0.00121484j -0.00237182-0.00125502j 0.00387549-0.00241216j 0.00435901-0.00225474j 0.00455153-0.0010396j -0.000277921+0.00536397j 0.00221307-0.000673723j -0.000658401+0.00368771j 0.00554122+0.000383397j -0.00124562-0.00254553j 0.00651612+0.00311405j 0.00205883-0.00477359j -0.00811376-0.00609838j -0.00322488+0.00727911j 0.00376462+0.000952566j 0.00587344-0.00258402j 0.00078496-0.00450157j 0.00052351-0.00228295j -0.000461468-0.000699065j -0.00337061-0.000230574j -0.00212908+0.00335464j -0.0116464-0.00824121j -0.00420586+0.00151342j -0.00174485-0.00324833j 2.33205e-05-0.00144537j 0.00252069-0.00242883j -0.00822163-0.0017926j 0.00467143-0.00810961j -0.00654051+0.00334913j -0.00541086-0.0028106j 0.0130116+0.00256145j 0.00617232+0.00930984j -0.00205405-0.00245192j 0.00136354+0.001335j 0.00503749+0.000628579j 0.00919419-8.93858e-05j 0.000477268+0.0120313j 0.0111346+0.00539016j -0.00311605+0.003113j 0.000858586+0.00494918j 0.00294666-0.00175071j -0.00254811+0.014927j 0.0041496-0.00437472j -0.00572647-0.00353275j -0.0075034+0.00301182j 0.0154223-7.5831e-05j 0.00608676-0.0156123j 0.00618783+0.0077539j 0.0038071-0.00724198j -0.0125239+3.92916e-05j 0.00576705-0.00726599j -0.0103927-0.00252765j -0.00916685-0.00056771j -0.00254716+0.00445856j -0.0120874+0.00936246j -0.00262245+0.0126046j 0.00112403+0.00456267j -0.000818042+0.00209803j -0.00735367-0.006544j 0.00413337+0.00797528j 0.00481308+0.0012632j 0.0100024-0.00184983j -0.0075367+0.000215996j 0.00550607-0.00955277j 0.00713123+0.00295402j 0.00813439-0.0137333j 0.00630624+0.00254153j 0.0042022+0.0121022j -0.00928264-0.00718767j -0.00675165+0.00616124j -0.00283649-0.00298766j 0.0108687-0.000980175j -0.000375408+0.000118403j 0.0178845+0.0026727j 0.00131794+0.00136948j -0.00133576-0.000220441j -0.000304435+0.00625029j -0.00522702+0.0108554j -0.00277135-0.00575028j 0.00519047-0.0085264j 0.00242764-0.00488034j -0.00497853-0.00209086j 0.00204317-0.00197j -0.000866799+0.0102317j 0.00663867-0.00239104j 0.000623665-0.000602238j 0.00374753-0.0025126j 0.00597458+0.00220718j 0.00558391-0.00929212j 
0.00636665-0.00538425j 0.00137189-0.000465695j 0.00123348-0.00255021j -0.00138644+0.000123194j 0.000899182-0.00601105j 0.00626791-0.00264145j -0.00230484-0.00496121j -0.00223126-0.0010954j 0.00578284+0.00130008j 0.00413073-0.00221839j -0.000936996-0.0018287j 0.00234142-0.00490856j -0.00291617-0.0105209j 0.00327732-0.00460912j 0.00179955+0.00789112j 0.000924604+0.00446867j 0.00204654+0.00590343j 0.00454337-0.000519551j 0.000909473-3.95571e-05j -0.00136351+0.00635247j -0.00210417-0.00633026j -0.00311025+0.00241998j 0.00600452-0.00288545j 0.00181567+0.00224262j -0.00256987+0.00242671j -0.00569396+0.00757944j 0.001411+0.0066559j 0.0105961-0.0135185j 0.00138418+0.00915528j 0.00139178+0.00791696j 0.00303956+0.0100055j -0.000380742-0.00816923j -0.00807959-0.000406289j -0.00387675-0.000861293j -0.007263+0.00391762j -0.0088059+0.00356399j -0.00275598+0.00416525j -0.00249199-0.000839048j -0.00313239+0.0123973j -0.0023971-0.00385978j -0.00965755-0.00202574j 0.000877102+0.0106748j -0.00819532+0.00949922j 0.0012799-0.00841007j 0.00746892+0.0133815j 0.00457389+0.0064352j 0.00193777-0.00319808j 0.00775551+0.0066639j -0.00655618+0.00534388j -0.00600241-0.0178342j 0.00125835-0.00346802j 0.00879792-0.00449751j 0.0027752+0.00831983j -0.00735365+0.0017503j -0.00344978-0.000750076j 0.00951545-0.0003578j 0.0098932-0.00102423j 0.00978504+0.00119145j 0.00375313-0.00163329j -0.00634253-0.0206626j -0.0143687+0.00443518j 0.00845829-0.00548978j -0.00493832-0.0068547j 0.0124732-0.000563138j -0.0058563-0.00114854j -0.00203926+0.00630417j -0.00368201-0.0128532j 0.00288793+0.00829588j -0.00459484-0.00502619j -0.00162611-0.00823648j -0.0180093+0.00234512j 0.000878785-0.00580082j 0.00712144-6.2959e-05j -0.00975888+0.0130575j 0.00639358-0.0142052j 0.00812191-0.00613163j 0.00621635+0.00131045j -0.0167694-0.00218904j -0.00206962+0.00563575j -0.00270695+0.00198135j 0.0135881-0.000487431j 0.00620668+0.00287639j 0.00133371+0.00233687j -0.0005143+0.00366687j -0.00320524-0.00267349j 0.00347197-0.0069443j -0.004221+0.00989153j 0.00458524+7.19662e-05j 0.00385551-0.000871497j -0.00517895+0.00660458j 0.00962475-0.00463153j -0.00391768+0.00236353j -0.00569896-0.0040736j 0.0001145+0.00337357j 0.00604095-0.0048056j 
0.00242604+0.00275868j 0.00453089-0.00215629j -0.00275405+0.00388307j -0.00233902+0.00267391j -0.00279564+0.00345801j -0.00010754+0.00312986j -0.0032314+0.00352693j 0.000439412-0.00454489j 0.00196116-0.00297863j 0.00215446+0.00181075j -0.00159714-0.00266709j -0.00210963-0.00157176j -0.00192237-0.00293968j -0.000578732-3.95957e-05j -0.000550438-0.00278445j -0.00311655-0.00272656j 0.00814207+0.00148767j -0.000502181+0.000442174j 0.000322918+0.00301302j 0.00427166-0.00223225j 0.00252389+0.000540103j -0.000639973-0.00452656j -0.00439344+0.00262425j 0.00343362-0.00412296j -0.00355259+0.00442289j -0.00116574+0.00256596j -0.00151643-0.00581288j -0.00996684+0.00729955j 0.00813349+0.00391922j -0.0022303+0.000325559j 0.00643068+0.00214219j -0.0041004-0.000574287j 0.00257006+5.60079e-05j 0.0061165-0.000355046j 0.000775871-0.0030918j 0.00132364+0.0015604j 0.00247617-0.00176305j 0.000932422+0.00396003j -0.000369171-0.00705715j 0.00106122-0.00461881j 0.000457014+0.00127176j 0.00231449-0.00128032j 0.0155527-0.0031842j -0.0020477+0.00328298j 0.00707671-0.00690875j 0.000368613+0.00562629j -0.00321331+0.00820083j -0.00240123-0.0103526j 0.011754-0.00154479j -0.00538156+0.00263425j -0.00881239-0.00400454j 0.00118603-0.00187009j -2.41336e-05+0.00453947j 0.0148285+0.00692106j -0.00705201+0.00902027j -0.00365773-0.00170782j 0.00515227-0.000115531j 0.00304751+0.00615423j 0.0173764-0.00126645j -0.000311889+0.000476778j 0.00819045-0.00586852j 0.00569607-0.00577527j 0.00252058-0.00506862j 0.00820232+0.0133455j 0.0140776-0.00301972j -0.00365183-0.00808081j 0.00238708+0.00772927j 0.0111711+0.00274823j -0.00892783-0.0115814j -0.00130293+0.00770818j 0.0106486-0.00663206j 0.00380499+0.00442689j -0.0050223+0.00338768j -0.00835418-0.00841215j 0.000907448-0.0111008j 0.00215588+0.00214853j 0.0133061-0.00295489j 0.000434967-0.0170622j 0.00770259-0.000165091j 0.00514179-0.00142377j -0.00183564-0.00719307j 0.00814984-0.00524662j -0.00104064+0.00600315j -0.00481482-0.00551919j -0.00449453+0.00565212j 0.00112306+0.0010176j 0.00184031+0.0032878j 0.00396331+0.0098312j -0.00412962-0.000814146j -0.001479-0.00257801j -0.00113159-0.0029213j -0.000272602+0.00231518j -0.00599427+0.00137319j 0.00168274+0.00593947j 0.00120296+0.00671966j 
0.00396229-0.00345364j -0.00315683-0.00172583j -0.00163254+0.000723755j -0.00445921-0.00118181j 0.000282907-0.00406718j 0.000539276-0.00694483j -0.00199804-0.00314019j -0.00396541+0.0054239j -0.00603252+0.00355181j -0.000115147-0.00286487j -0.00202836+0.000692381j -0.00113684-0.00324582j 0.00582549+0.000361264j -0.00132934+0.00123331j 0.00137138+0.00245618j 0.00021109+0.0111583j -0.00153908+0.00514285j 0.000660487-0.00954473j -7.0545e-05+0.0020589j 0.00804816+0.00273118j -0.0044819-0.00018701j -0.00122223-0.00120888j -0.00197652+0.00355777j -0.00355786+0.00108111j -0.00395121-0.00175857j 0.00347871+0.0036041j 0.00109542-0.00121844j -5.47464e-05-0.00723841j 0.0025834+0.00414586j 0.00242737+0.00970216j 0.000344098+0.00292839j 0.00241215-0.0051642j 0.00770657-0.00120838j -0.00592813+0.00668077j -0.00397141+0.00394721j 0.0118755+0.00330511j 0.00162917-0.00832186j -0.00142787+0.000612461j -0.00263714+0.00669928j -0.00137983+0.00123111j -0.00854572+0.00103468j -0.00703212+0.00143182j 0.00290632+0.00956709j -0.00583533-0.0204118j 0.000219402-0.000365671j 0.0123286-0.00289271j 0.00608592+0.00627349j 0.000749056+0.00395132j 0.00945276+0.00738508j -0.0130829-0.00422084j -0.00998488+8.71262e-05j 0.00969865-0.00179761j 0.0037213-0.00169479j 0.0146229+0.0049705j -0.00380698+0.000507584j -0.00765357-0.00521383j -0.00293352+0.000545288j 0.00673318+0.0128283j -0.00284393+0.00277041j -0.00212522+0.00626272j -0.00783184+0.0101921j -0.00168101+0.0121429j 0.00310589+0.00848072j 0.0162879-0.0100768j 0.00568466+0.0074609j 0.00512835-0.0118014j -0.000711551-0.00565658j -0.00679257-0.00397124j -0.0124028-0.00913983j 7.52018e-05-0.00629187j -0.00422583+0.00964249j -0.00393689-0.00136916j 0.00130281+0.00669912j -0.0114602+0.000966533j 0.0013871+0.00370369j -0.0109625-0.0053791j -0.00315735+0.00706677j -0.00191708+0.00546727j 0.000239782-0.000250392j 0.00374191-0.0043308j -0.00592177+0.000593154j -0.00899526+0.00486402j 0.00598574+0.00432575j 0.000796362+0.0140085j -0.00402328+0.00396215j 0.00315879-0.00662923j 0.000536284-0.00132438j 0.00721105-0.00114619j 0.000606539+0.00135747j -9.97355e-05+0.00410683j -0.00970229-0.00207117j 0.000535518+0.00123841j -0.00310975+0.00101934j 0.00476447+0.000674582j -0.00612938-0.00529276j 
0.00228377-0.00289759j 0.00377815-0.00154902j -0.00281415-0.00370579j 0.00500328-0.00055467j -0.00733034-3.19246e-05j 0.0016936-0.00120571j 0.000396994+0.00104495j -0.00169233-0.000780028j 0.00382876+0.0037299j 0.00211808-0.00208983j -0.00103273-0.00298656j 0.00274009-0.00129515j 0.00496253-0.00134578j 0.00172667-0.00872765j 0.000132932+0.00146863j 0.00108679-0.00468306j 0.0036125+0.00378077j 0.000640137-0.00817616j 0.00187829-0.002574j 0.00825959+0.00187958j 0.00929829-0.00266449j 0.00917716+0.00243843j 0.00611648+0.00186436j -0.0044922+0.00284566j 0.00286203+0.00434932j 0.00663416+0.00672586j 0.00252169+0.00893197j -0.00859157-0.0105875j 0.00470652+8.58933e-05j 0.00307543+0.00307712j 0.00168808-0.0123227j -0.000257163+0.000687361j -0.00806313+0.00199448j -0.00164867-0.000154674j 0.00288677-0.000540191j -0.00932149-0.00314587j -0.00458553+0.00406885j 0.000782494+0.00313445j -0.00560151-0.00243516j 0.00724065+0.00655207j 0.0154421-0.00232402j -0.00163021+0.00215424j 0.00895093+0.00990604j 0.005663-0.00470172j 0.00289436+0.00626468j -0.00775782-0.00182041j 0.00748138-0.0129365j 0.0175872-0.000906577j 0.000928626+0.000746564j -0.00332047-0.0148786j -0.00777991-0.00391932j -0.00906032+0.00688614j -0.000735398-0.010487j 0.00417454+0.00494376j 0.00688508-0.0077843j -0.0016317-0.000969458j 0.00857339-0.0090822j 0.00760334+0.000752398j 0.00327292+0.000146942j 0.00542352+0.00608294j -0.00283978+0.00738004j 0.0019363-0.0143304j -0.00563232+0.00583823j 0.0137606+0.0116027j -0.00109215-0.00922775j 0.00345647-0.000339134j -0.0012865+0.0060895j -0.00328253-0.00385928j -0.0146916+0.00389577j 0.00759144+0.00724858j -0.00728923-0.000308321j 0.000853058-0.0103515j 0.00699292-0.00227094j 0.0160331+0.000453709j -0.00304274+0.0132885j 0.00491477-0.00721042j 0.0117878+0.00511189j 1.27464e-05+0.00889279j -0.00312774-0.00353491j 0.000163853-0.00377201j -0.0103+0.000775831j 0.00808294-0.0034121j -0.000912013+0.0021015j -0.00359916+0.00134308j -0.0028788+0.0033689j -0.00146392+0.000443241j -0.0076057+0.00744948j -0.000639579-0.00911159j 0.00609621+0.00420364j 0.0049767+0.00320192j 0.0049265-0.00575683j 0.0040631-2.17451e-05j -0.00633238+0.00267691j 0.00589548-0.0010295j -0.00329394+0.00242771j 
0.00207581+0.00195498j 0.00161032-0.00106079j -0.00332361+0.0039973j 0.000341703+0.00133615j -0.00107817+0.00714699j 0.00217558+0.000277983j 0.0024416-0.00109064j 0.00281451-0.00206045j 0.000946692-0.00229879j -0.00272782-0.000628969j -0.00625135+0.0022898j 0.00619464-0.000143781j 0.00876929+0.00284162j -0.00596469+0.00391007j -0.00207265-0.00605319j 0.00203687+0.00124544j -0.00197684-0.00333532j -0.000877529+0.00202609j 0.00396747-0.00231655j -0.000344246-0.00398231j 0.000666802+0.00410716j -0.00266661+0.00109216j 0.0011566-0.00125701j 0.00101476+0.00504261j -0.00350828+0.00132476j -0.00846716-0.00398268j -0.00255921-0.00401835j 0.0113328+0.00143863j -0.000319407-0.00344326j -0.00409266-0.00168466j 0.000486235-0.0023791j 0.000617453-0.0033955j 0.00252552+0.00166442j 0.00376824+0.0102609j 0.00296226+0.00252572j -0.0115593+0.0004799j 0.00112053-0.000625542j -0.0107186-0.000795201j -0.00639163+9.17553e-05j 0.00755056-0.0038116j -0.00237969-0.00765129j 0.0109447-0.00358567j 0.0115971-0.00828747j 0.00159902-0.00539205j -0.00169748+0.00741625j 0.00196976+0.00510023j 0.00220171+0.00202285j -0.00778386+0.00327934j -0.0106413+0.00287894j 0.0125082+0.00995224j 0.00933234+0.00123623j 0.00113967-0.000889638j -0.00260892-0.00820037j 0.00213605-0.00718787j 0.00437151-0.00213354j 0.00579109+0.00636339j 0.0036345+0.0032627j 0.00903017+0.00183859j 0.00310483+0.000117145j -0.00088652-0.00363299j 0.00316826+0.0189908j 0.0171601+0.0227707j -0.00641165-0.00598315j -0.00175646+0.0114189j -0.00581797+0.00380187j -0.0124394-0.00835378j 0.010287-0.0090014j -0.00238946+0.00374775j -0.0116157+0.0116096j 0.00592646-0.00188799j 0.00288329+0.00657288j -0.0098438-0.00546815j 0.00254271-0.00297467j -0.0116032-0.00689075j 0.00467405+0.000771809j 0.00747198+0.00358829j -0.00611644-0.00362902j 0.00633654-0.0114842j -0.00216931-0.000129329j -0.00144539-0.00531118j 0.00570618+0.00344513j -0.00926548+0.00384954j 0.00664758+0.00424847j -0.000186128+0.000431535j 0.00992851+0.00360012j -0.00655911+0.00591633j -0.00291161-0.010026j -0.00203067+0.000995772j 0.000833656-0.00177642j 0.00237333-0.00100217j -0.00296319-0.00130448j 0.00727746+0.00155331j -0.00261403+0.00573454j 0.00244487-0.00228274j -0.00132998+0.00360008j 
0.00470761-0.00124859j 0.000564312-0.0021453j -0.000574713+0.00387329j 0.00346344+0.00252374j 0.0030697-0.00137898j 0.00308597-0.00712155j 0.00510091+0.00100256j -0.000610799-0.00620117j -0.00297939-0.000888176j 0.000970248+0.000602174j -0.000438636+0.00120596j -0.00389282+0.00330533j -0.000111924-0.00528271j -0.00108017+0.000860874j -0.00166846-0.00125374j -0.00145408+0.00231713j -0.00223199+0.00602955j 0.00387676-0.00298408j 0.000291617-0.000876466j 0.0032196+0.00191234j -0.00425559-0.00376915j -0.00152656+0.00244266j 0.00427651-0.000315568j 0.00346024-0.00330494j 0.000778266+0.00384518j 0.000518288-0.0046608j 0.00151539-0.000393285j -0.000401491-0.00979921j 0.00635349+0.0089004j -0.00160922-0.00911383j -0.00334279-0.00441593j 0.000147377+0.00198353j 0.00158246+0.00939358j -0.00827498-0.0116418j -0.0034705-0.00745307j 0.0125936-0.00341348j 0.0028178+0.00842423j -0.000930864+0.00234806j 0.00151678-0.00192371j 0.00260846+0.00317978j -0.00982491+0.00405434j -0.00344955+0.00574597j -0.00703333-0.00586756j 0.00257644-0.00176895j 0.00157891+0.0031894j 0.00819865-0.00504752j -0.00604285-0.00847273j 0.00671251+0.0103415j -0.00364583+0.000976542j -0.00543165-0.0051994j -0.0046253+0.00680188j -0.00194493+0.00867053j 0.00361047-0.00915324j -0.00118825+0.00320545j -0.00208382-0.00446851j -0.000273184+0.0121499j -0.00113373-0.00665525j 0.00852629+0.00303404j 0.00537978+0.00750488j -0.00116514+0.0113557j -0.0106068-8.36519e-05j 0.00721744+0.00882833j 0.000695901+0.00403924j 0.0138471-0.00721466j -0.00789322-0.00608597j 0.00975577+0.00696609j 0.00175916+0.007233j 0.00564404+0.0104265j 0.0100368+0.00990779j 0.00233019-0.00502505j -0.00321537-0.00277212j 0.00504567-0.00842949j 0.00354739+0.00865818j 0.00449319+0.016579j 0.00811905+0.00430761j -0.00571424-0.00520049j -0.000154499+0.00212522j 0.00245874+0.000568731j 0.000147202-0.000747771j 3.44744e-05-0.00381468j -0.0196168-0.000736087j 0.0012391-0.0033514j 0.00200258-0.00224861j 0.00249608+0.00809945j 0.00128017-0.000211626j 0.000604974-0.00992995j -0.00228997-0.00251014j 0.000457759-0.00110968j -0.00141032+0.00257836j -0.00349471-0.00747315j -0.00171559+0.00196501j 0.00219963+0.00304804j -0.00290649+0.00159948j 0.00464062+0.00220454j -0.0040576+0.000649569j 
-0.000179756+0.00347825j -0.000655435-0.000801226j 0.0011125-0.00185645j -0.00206114-0.00289778j 0.00566139+0.00527934j 0.00284854+0.00455453j -0.000284138+0.000456738j 0.00202289-0.00343197j -0.00276018+0.00955282j 0.00272681-0.000185414j 0.00165127-0.00724125j -0.00131911+0.00251224j -0.00362584+0.00172825j 0.000111832-0.0053214j -0.00121007+0.00161735j 0.00115226+0.0013416j -0.00532001+7.28877e-05j 0.00221478-6.3466e-06j 2.70448e-05-0.00177985j -0.00369005-0.00512112j 0.00111083+0.00150475j -0.000601984+0.00465758j 0.00339679-0.0100893j 0.00183255+0.00425509j 0.00307314-0.00311653j -0.00806355-0.0136086j 0.00286451-0.00331044j 0.0036274+0.00239565j -0.00648878-0.00368077j -0.00231881-0.0138572j -0.0137324-0.00738013j 0.00402005+0.00800876j 0.00133336+0.00102507j -0.0068131+0.0024266j -0.00372525-0.00581385j 0.00172676-0.0134467j 0.0100168+0.0110042j -0.00109912-0.00322451j 0.00524252-0.00187475j 0.00484221-0.00150166j -0.00273754+0.00249006j 0.00159077-0.0029131j -0.00631154-0.00203665j 0.00384693+0.00953271j -0.00160739-0.00310589j -0.000770647+0.00441129j -0.0123128-0.0119199j 0.00670057-0.00221232j -0.00459466+0.00583176j 0.00702717+0.0187068j 0.00871926+0.00623028j 0.0040191+0.0146714j -0.00441404+0.000495431j -0.0142386-0.0131611j 0.00253297+0.00569311j 0.00161017-0.0037007j -0.00190463+0.000302384j -0.00702225+0.00226385j 0.00248187+0.00127544j -0.00240655+0.00873849j 0.00165869-0.00742269j 0.000386385+0.00159044j 0.00552614+0.00622346j -0.010915+0.00577982j 0.00143372-0.0101357j 0.00467051-0.00301835j 0.00120225+0.00492487j 0.0036643-0.00168014j 0.0159146-0.00681908j 0.00115223+0.00154185j -0.00683038-0.0144521j -0.00638695-0.00818574j 1.4859e-05-0.00792265j -0.00217428+0.000888655j 0.0116244+0.00196679j 0.000306791+0.00231366j 0.00110708-0.00185239j -0.00144145+0.000869305j -0.00754816-0.00149928j 0.00145049+0.00571358j -0.00223532+0.00264533j 0.00996466+0.00310969j -0.00378811-0.00836828j 0.00528383-0.00312202j -0.000862514+0.00650471j -0.00315427+0.00898363j 0.00117731-0.000103591j -0.00219117-0.00422741j -0.00945402-0.00316092j -0.0014333+0.000852619j -0.00665415-0.00120428j -0.00122644-0.00566176j 0.00452546+0.000599242j -0.00495372+0.000814539j -0.000443747+0.00465764j 
0.00369079+0.00258769j 0.000935094-0.000370011j -0.00177073+0.00155931j 0.00381425+0.00396193j 0.00477276-0.00012629j 0.000628562-0.00284462j 0.00426578+0.00405567j 0.00372554+0.00375532j 0.00342283+0.000445344j 0.00294033+1.73944e-05j 0.000618359+0.00311964j -0.000252525-0.00644416j 0.00344723-0.00232302j -0.00145945-0.000442114j -0.0011997-0.00212327j -0.004927-0.00795334j -0.00308291+0.0059217j 0.00229686-0.00136837j -0.00324665-0.00305514j -0.0030534-0.00148663j 0.00762619+0.00296845j 0.000137423+0.00364184j -0.00301864+0.00931078j 0.00515451+0.00243115j -0.00091919-0.0039833j -0.00431962+0.00484045j 0.00121872-0.00363926j 0.00135389-0.00906577j -0.0085556+0.00023196j 0.00719805+0.000254995j 0.00422438+0.000453211j 0.00228587+0.00274939j -0.0141842-0.00727241j 0.00692981-0.00125804j 0.00178796-0.00170242j -0.00483701+0.00399524j -0.00221082+0.00256609j -0.000434841+0.00244905j 0.00143625+0.00288028j -0.00623791+0.00140588j 0.00409322-0.00347094j -0.00278781-0.00174418j 0.00417816+0.00185195j -0.00694295-0.000767062j -0.00306082+6.98208e-06j 0.0140601-0.00592503j 0.00961761-0.00266726j -0.000847366+0.00531114j 0.00168017+0.00116676j 0.0130386-0.0110426j -0.00289746+0.00324091j 0.0138545+0.00683857j -0.000526123+0.00686135j -0.00687496-0.00324344j -0.00693751-0.00681288j -0.0136494-0.00768803j 0.0101729-0.00568801j -0.00964786-0.0108419j 0.00209426+0.00338048j -0.0159201-0.0100227j 0.00100311-0.0129173j 0.0147345-0.00753307j 0.0112344+0.00414966j -0.0030705-0.00100415j 0.00190219+0.00467658j -0.00727262-0.00274541j 0.00364682+0.012806j -0.017778+0.00309056j -0.00375819-0.00336239j -0.0114704+0.00352038j 0.00543496+0.00490366j -0.00738259+0.0121468j 0.00422607+0.0145449j -0.00693192-0.000539379j -0.000541425-3.80218e-05j 0.00302235+0.00401264j 0.00139794+0.00628656j -0.00883639-0.00836853j 0.00460385-0.000636667j -0.00342929-0.00419805j -0.00271655+0.00113707j 0.00945301+0.00134305j 0.00522352+0.0114508j 0.0137114+0.00465649j -0.000538632+0.0016702j -0.00569801+0.000583272j 0.00172264-8.66921e-05j -0.0100732-0.0049879j -0.00607832-0.0019373j -0.00920046-0.00329917j -0.000420061+0.00334508j 0.0015882-0.000415042j 0.00200942+0.00329839j 0.00150021+0.00595483j -0.0011905+0.00308009j 
-0.000330027+0.00269731j -0.00306353+0.00161271j 0.00300974-0.00373867j -0.00307977+0.00140422j 0.00681856-0.00420999j 0.00404654+0.00234657j -0.00431704+0.00114631j -0.00337015-0.00133543j 0.00333105+0.00196707j -0.00158961+0.00135244j 0.00331281-0.0060801j -0.000300313+0.00344351j -0.00227543+0.00194414j -0.00530021-0.000111506j -0.00286736-0.00231419j 0.00455587-0.00289089j -0.0025559-0.00286886j -1.02376e-05+0.00637968j -0.00370048+0.000615841j -0.00761692-0.00309247j 0.00468498+0.000352334j -0.00193733+0.0020384j -0.00807049-0.00514097j 0.00311623+0.00171113j -0.00557915+0.00542545j 0.00212646-0.00509763j -0.00283826+0.0107366j 0.00528117+0.00137784j 0.000567141+0.00033335j 0.0124736-0.00268548j -0.000489114+0.00386233j -0.0039791+0.000283266j 0.00173178-0.00746251j 0.0150381-0.000938273j -0.00542048+0.00395917j 0.00250504-0.00307691j -0.00600181+0.000460531j 0.00240387+0.0038979j 0.00518446-0.00211j -0.0110478+0.000286183j -0.00197325+0.00274946j -0.0116126-0.00376537j -0.00325541-0.0143788j -0.00651916+0.0138645j -0.0088515-0.00725448j 0.00095546-0.00227005j -0.0114358-0.0111208j -0.00928217-0.00123122j 0.0170992-0.00325926j -2.87855e-05+0.00573174j -0.00347547+0.00128776j 0.00875981+0.005027j 0.0110825+0.00302728j 0.00415225-0.00905524j -0.00778486-0.00416893j 0.00228836+0.0115014j 0.00642895-0.000349848j -0.00383646+0.000398837j 0.00459923-0.000785559j 0.00850137-0.00180916j -0.00329176+0.000776243j -0.00849231+0.00369476j 0.000669266-0.00604412j -0.00614719-0.00522607j 0.0167473-0.00830221j -0.0186685+0.00200907j 0.0100784+0.00732645j 0.00203377-0.00424546j -0.00253063-0.00463488j 0.00293533+0.00242969j -0.000755729-0.0128671j 0.00593255+0.00364842j -0.00383201-0.00576818j -0.00536736+0.0178615j 0.00275923-3.31745e-05j -0.00490901+0.00641762j 0.00232656-0.00272313j -0.00369366-0.00749662j -0.00421815+0.00212368j -0.00192333+0.00295268j -0.000476155+0.00160928j 0.00517648-0.00278396j 0.00139128+0.000246924j 0.00123354-0.00251186j -0.000790196-0.00351458j 0.000178053+0.00362842j 0.00462547+0.00433857j -0.00537466+0.00225038j -0.00543339-0.0016036j -0.0079526-0.00261907j -0.00170819+0.00551031j -0.00474779-0.00245421j 0.000358619-0.00576411j -0.00371917+0.00369761j 0.00889618+0.00375811j 
0.00361581-0.00388198j -0.0029296+0.00366312j 0.0058044-0.00131606j 0.00368684+0.000442025j 0.00598246-0.00759489j -0.00192592+0.000536044j 0.000783199-0.00306346j -0.00596573-0.000767211j -0.000100516-0.00339403j 0.00134812-8.4945e-05j 0.00717248+0.000637601j 0.000865158+0.00242388j -0.00293249-0.0018505j -0.00101191+0.00335424j -0.00507253+0.0046176j 0.00234012-0.00128264j 0.00774519-0.000531554j 0.00491774+9.13144e-06j 0.000107457-2.88177e-06j -0.00159604+0.00584399j -0.00916499-0.000161529j -0.000454106+0.00612524j -0.00223935+0.00190362j 0.000230081-0.0074593j 0.00196073+0.00476935j 0.00400925+0.00198749j -0.00619529+0.0122996j -0.00314034-0.0107269j 0.0132988+0.00104572j -0.00283505-0.0037298j -0.00201139+0.00390692j -0.00185781+0.00287206j 0.0117783-0.00256618j -0.00987847-0.00941359j -0.00867226+0.00765269j 0.00415537-0.00799688j 0.00681761-0.000400953j 0.00153834+0.00587429j -0.00442172-0.00262092j -0.00858098+0.00149973j 0.00414626+0.005j -0.00841293+0.00153688j -0.0178104+0.00421076j 0.00215862+0.0024026j -0.00380437+0.00123778j -0.00111027-0.00972919j -0.0150488-0.0037713j 0.00942501+0.00461732j -0.00123377+7.25431e-05j -0.0180293-0.0124127j 0.00156452-0.00367336j 0.00295351-0.00613045j -0.00187841+0.0012886j 0.00235035+0.00992296j -0.00692132-0.00592678j 0.00935764+0.000228082j -0.00555753-6.71875e-05j -0.00507418+0.00168287j 0.00664067+0.00213948j 0.0249449+0.00477612j -0.00984873-0.003045j -0.0135595-0.00584952j -0.00109325+0.0052197j -0.00455134-4.85875e-05j 0.00481442-0.00300904j 0.00188584+0.00708823j 0.0101293+0.00558448j 0.0177656+0.00435287j -0.00171972-0.0021801j -0.0114535-0.00948328j 0.00175236-0.00402327j 0.00032868+0.00102382j 0.00227757+0.000842642j -0.00378213+0.00280679j -0.00761545-0.00139225j 0.0096958+0.00191703j 0.00223827+0.00198455j -0.00271908+0.00618088j 0.0103521+0.0157231j 0.00626497+0.00569088j 0.00489397-0.00235327j -0.00362838+0.00410956j 0.00175965-0.0125275j -0.0101057-0.00440785j 0.00373964-0.00548305j 0.00805044+0.00336363j -0.00392857+0.00052562j 0.00221925+0.00319905j 0.0127586-0.000263535j -0.00644586+0.00227372j 0.000610346+0.00181924j -0.00313876+0.00544143j -0.00198406-0.00301695j -0.0032522+0.00243195j 0.008498+0.000876414j 
0.00175566-0.000583805j -0.00141988-0.00117112j -0.00118356+0.00103081j 0.00234583-0.00318264j -0.00582524-0.00178242j -0.000835973+0.00222264j -0.0022215+0.00116206j -0.00386587+0.000618716j 2.62361e-05+0.00288687j 0.00661995-0.00299434j -0.00319886-0.00244207j 0.00657766-0.00396694j 0.00296957-0.0100668j -0.00431904-0.00510463j 0.00249875+0.00192454j -0.00942172+0.00166002j 0.0035034-0.00121698j 0.00233973+0.00215295j -0.00342408-0.00232482j 0.002427+0.000447326j -0.0113896-0.00465598j 0.000424493+0.00307126j 0.00280301-2.86313e-05j 0.000812648-0.000685585j 0.00327307-0.00483818j -0.00522844+0.000310271j 0.00360858+0.0029196j -0.00215047+0.00433895j 0.000677345-0.00603922j -0.0097366+0.00429333j -0.00310142-0.00337087j 0.00453314-0.00406589j 0.00127405-0.000750213j -0.00725448+0.00160278j -0.00291346+0.00114475j -0.00454829+0.0014214j 0.00647033-0.00570293j 0.00116606+0.0018432j -0.00362216+0.00360947j 0.00215725-0.00240162j -0.00250207-0.00695992j 0.00630962-0.00376902j -0.00510881+0.00221004j 0.00345943-0.00867827j 0.00522776+0.00364858j 0.00695425+0.00134728j -0.00206764+0.00859176j 0.0126589-0.00165194j -0.0158242-0.00202295j -0.0156386-0.00168572j 0.00717214+0.000822258j 0.00268711+0.00472899j -0.0136675+0.0106082j 0.000624478+0.00365036j -0.0135021-0.000991395j 0.00929399-0.00311934j -0.00390922+0.000965446j 0.00900242+0.00685203j 0.000932786-0.00169876j 0.00804073-0.013243j 0.00271433-0.00442695j -0.00451014-0.0138593j 0.00248393-0.00425186j 0.00294854-0.00136369j -0.010863+0.00188708j 0.0121335-0.000603772j 0.00394821-0.003165j 0.00745406+0.00477338j 0.00810681+0.000893063j 0.000135282+0.00251544j -0.0139306-0.00336682j -0.00938445+0.00691872j 0.00366965-0.00573862j 0.00126373-0.0053542j 0.0108155-0.00327194j 0.00345787-0.00145382j 0.00539888+5.13615e-05j -0.000641488+0.00526186j -0.00126782-0.00416629j -0.00256631+0.000797309j 0.0014148+0.00383299j 0.0104286+0.000630633j -0.00607334+0.00324516j -0.00480055+0.00107142j -0.00193665-0.000423114j -0.00179936-0.000279696j 0.00275275+0.002797j -0.00260022+0.00733217j 2.8406e-05-0.000494828j 0.00175374+0.00394056j -0.00306395+0.00679968j -0.00285622-0.00192493j -0.00555668-0.00564292j 0.00276555+0.00559491j -0.000474142-0.00290691j 
-0.0008342+0.00573871j -0.00376726-0.00295262j 0.00162632+0.00127534j -0.00410982-0.00225365j 0.0061354+0.00801033j 0.000993505-0.00247451j -0.00593104-0.00164116j -0.00295789-0.00348548j -0.00314258-0.00194946j 0.000246592+0.00424622j 0.00420414+0.00334635j 0.000317797-0.000530869j -0.000871413-0.000447289j 0.00104827+0.000845418j -0.00248857-0.0110051j -0.00406625-0.00422122j -0.00473131-0.000463947j -0.000535283+0.0115872j 0.0031421-0.00143773j -0.000646264-0.00609682j -0.00643297-0.00486221j -0.0043135-0.00843881j -0.00468154-0.00592225j -0.00174802+0.0028518j -0.00657954-0.00280618j -0.00314844-0.00369222j 0.000816796-0.000437207j 0.000864633+0.00389108j 0.00162103-0.00233648j -0.00792372+0.00687443j -0.00869302-0.00200932j 0.00163532+0.000136374j 0.0178095+0.00255728j 0.0016732+0.00439811j -0.00614817-0.00538442j -0.000422621+0.0154216j 0.00723831-0.000639914j -0.00104305-0.00164824j -0.00361192-0.00325989j 0.00294164-0.00718662j -0.00334049-0.00426041j -0.00188703-0.0141815j 0.00199218-0.00354333j 0.00486332+0.00321386j 0.0015364-0.0159566j -0.00283135-3.3261e-05j -0.011483+0.0102043j 0.00187526-0.0144321j 0.00233992+0.00648656j -0.0077118+0.00196104j 0.007974-0.000321408j 0.00224415+0.000105775j -0.00960724+0.00778941j -0.000987222+0.0037506j -0.00605615-0.00854829j 0.0081421-0.00613809j -0.00407189+0.00671223j -0.00144457-0.009445j 0.00776105-0.00205546j 0.00892972+0.00342933j 0.00248607-0.00983107j -0.00690768-0.0187762j 0.00589878+0.00342473j -0.00462384-0.00407466j 0.00844452+0.0159299j 0.00257739-0.0118972j 0.0035124+0.00738499j 3.67248e-05-0.0186349j 0.00807814-0.0179966j 0.00452932-0.00458182j -0.0058431+0.00903066j -0.00760078-0.00181552j -0.00515366+0.0103712j -0.000589525-0.0113693j 0.00839315-0.00460691j -0.00195254+0.00867919j -0.00194006+0.00181556j -0.00552376-0.00633427j -0.00418189-0.000624761j -0.00511731+0.00402522j -0.00839882-0.0123311j 0.00265107-0.00631198j -0.00643974-0.000117548j 0.00220729+0.00215002j -0.00402174-0.00616004j -0.0011169+0.00338155j 0.000573743-0.00354341j 0.00346468+0.00619098j -0.00524397+0.000791407j -0.00398334-0.00971895j -0.00548213-0.00424829j -0.00374467-0.00758343j -0.000340242-0.00452732j -0.00736692-0.00810361j -0.00712384+0.00179225j 
0.00300304+0.0035275j -0.00156534+0.00112513j 0.0028305-0.00253552j 0.000562243-0.00508625j -0.000150905-0.0016069j -0.000735835+0.00192148j 0.00256078-0.00540402j -0.00171697+0.00393452j -0.000565538+0.000458445j 0.00233027+0.00284892j 0.000703558-0.00470617j 0.000923253-0.00304324j 0.000949926+0.00613353j -0.000368027+0.000390314j -0.00540537+0.000983074j -0.000381443-0.00151814j 0.00292118+0.00289624j -0.00195079-0.000493257j -0.0034005+0.00636063j 0.00139493+0.00118355j -0.00654656+0.00443564j -0.00219365-0.000110178j 0.000524607+0.000579981j 0.00726434-0.0109619j -0.0039322+0.00456468j -0.00138826-0.00397124j 0.00387472+0.00408993j -0.0040707-0.00589631j -0.000974248+0.000717819j -0.00530679-0.00450586j -0.00507406-0.00021593j 0.00436309+0.00841695j -0.00450454+0.000295187j -0.0128135+0.00336121j -0.00425019+0.000410866j 0.0116842-0.00940554j 0.00685554-0.00529891j 0.0078054+0.0030274j -0.00249328+0.00868132j -0.000431274+0.0060898j 0.00668883-0.00238223j -0.00128201+0.00189416j -0.00678796+0.00610755j -0.000579635+0.00824673j -0.00216376-0.00283044j 0.00519459+0.00632857j -0.0123843-0.00198832j 0.011588-0.00682387j 0.00562366-0.00557892j -0.00709026-0.00231722j 0.000701344+0.00724551j 4.5178e-05-0.00430906j -0.0118588-0.00180854j 0.00332333-0.0120706j 0.0034263-0.000820812j 0.00553372-0.00337478j -0.00690874-9.91163e-06j -0.0112375-0.00151041j 0.00838266+0.00320645j 0.00247842-0.00786195j 0.00243652-0.0111624j -0.00752772-0.00544807j 0.00793836-0.00627654j 0.00199625+0.00534121j 0.0066271-0.00873749j 0.00431625-0.00595452j 0.00837831+0.00930213j -0.0113333+0.00108033j -0.00325341-0.00467202j -0.00545918+0.00652286j -0.00974161-0.00452836j -0.00361152+0.00189221j -0.00250865-0.00626141j -0.00178839+0.00147871j -0.0109675+0.00778269j 0.00164838-0.00935124j 0.00687245+0.00678737j -0.00945256-0.0083347j 0.00441254-0.00614385j 0.00662218-0.000258873j -0.00116074-0.00176908j 0.00169777-0.00331983j -0.00535963+0.00766632j -0.00950404-0.00212147j -0.0066553+0.000631292j 0.000210171+0.00294512j -0.003198+0.00689115j 0.00412698+0.00267207j -0.00249423-0.00444788j -0.00560787+0.00419626j -0.00115818+0.00759376j 0.0067731+0.00407519j 0.00457546+0.00471977j -0.000184279+0.00362062j -0.000261632+0.00166232j 
-0.000351477-0.00303268j 0.000766956+0.00118238j 0.000307709-0.00129465j 0.00194306+0.00115605j 0.00274569-0.00176361j 0.00149657-0.000799015j 0.00183334+0.00211915j 0.00602092-0.00179873j -0.0024099-0.000911946j 0.00174338-7.60183e-05j 0.00423602+0.00308697j -0.00517244+0.000863246j 0.00110678-0.00279803j 0.00689253+0.000438153j 0.000798503+0.00532079j -0.00194984-0.0045322j -0.000327895+0.00350008j -0.000625883-0.00443152j -0.00457013-0.00533808j -0.00370627+0.00490226j 0.00257666-0.00691316j -0.00331868+0.00115761j 0.00847697-0.00287291j 0.00492558-0.00176054j -0.0056607-0.0007845j 0.00117712-0.00197741j -0.000698025+0.00319377j 0.00179763-0.00510163j -0.00288857+0.000756906j -0.0095186-0.00525754j 0.00127089+0.0022451j 0.00183266-0.000134466j -0.00374824+0.00108986j -0.00239016+0.00415191j 0.000324372-0.000280124j 0.00246-0.00437729j 0.00735172+0.00481231j 0.00044688+0.00656811j -0.00655793-0.0014396j 0.0035191-0.00812588j -0.00217655+0.00194556j 0.000583624+0.00921597j -0.00533811+0.00748977j 0.00368621-0.00837476j -0.00324363-0.00505096j -0.00606161+0.00825622j 0.00565084-0.000768812j -0.00139437+0.00449147j 0.000536814+0.004517j 0.00385467-0.00848414j 0.00500934-0.00627546j -0.0114117+0.0112719j -0.00234947+0.0079559j -0.00417325+0.00161535j -0.000190626-0.00901394j -0.00348663-0.0160669j -0.00241069+0.000865017j -0.0102013-0.0113596j 0.00326321-0.00155296j 0.00895361-0.0112642j 0.00251716-0.000154271j -0.00603664+0.0107666j -0.00178916+0.0167937j -0.00652214-0.0115909j -0.00770946-0.00208764j 0.0194328+0.000322765j -0.00131979+0.00941682j -0.00164703+0.00499299j 0.00898329+0.00108867j 0.0165916-0.00689666j -0.00255429+0.00222023j 0.00291893-0.00240555j 0.0074856-0.00436612j -0.000631215-0.00201561j 0.00598246-0.00222664j 0.00487283-0.00267733j -0.000754098+0.0074528j -0.0016677-0.00250402j -0.00239659+0.000458767j 0.000580858+0.000936775j -0.0180364+0.002014j 0.00538341+0.00177381j -0.00534207-0.000811164j 0.00131713-0.00486578j 0.000832355-0.00585876j 0.00384519+0.000944715j 0.00242662+0.0101067j 0.000106731+0.00275663j -0.00284921-0.00435052j -0.0010037-0.00160398j -0.00239113+0.00118049j -0.00182312-0.000698412j 0.000958567-0.00149858j -0.00365635+0.00156314j 0.00162396+0.00195334j 
0.00188506-2.63699e-05j 0.00228328-0.00100449j -0.00328358-0.000531814j 0.00347646-0.00323899j -0.000387472+0.00130493j 0.00438789-0.0063214j 0.0011569-0.00281381j 0.00590257-0.00340175j 0.00472764-0.00445342j -0.00225022-0.000598881j -0.00333219+0.000633808j -0.00378428+0.00223273j 0.00326107-0.00230786j 0.00648748+0.00147575j -0.00370795-0.00448733j 0.00379043-0.00389118j -0.002308+0.00170843j -0.000589032+0.00324815j 0.000573554+0.00199999j 0.00458579+0.00291653j 0.0173634-0.00963554j 0.00162845-0.00523348j -0.00310728-0.00631221j 0.00217699+0.0013004j -0.00521322+0.0022547j -0.00412831+0.00237968j 9.89656e-05-0.00190883j 0.00164786-0.00115342j -0.00586859+0.00299104j 0.00520518-0.00200847j 0.00919758-0.00111055j -0.00238797-0.00467388j -0.0141604+0.00669678j 0.00612484-0.00587336j 0.0124183-0.000591334j -0.00811975+0.00636892j -0.0038874+0.0115381j -0.00983382+8.77947e-05j 0.00113943+0.00185226j 0.00549057-0.00141394j -0.00186932-0.00237705j 0.000576141-0.00238491j 0.00954033-0.00466559j -0.00292923+0.0111497j -0.000256144-0.00485096j -0.000110838+0.0132367j 0.00783581-0.00558691j -0.000875122-0.00259365j 0.00215553-0.00318078j 0.0200758-0.0121611j 0.000682458+0.00509896j -0.00795261-0.00470762j 0.00327104-0.00826684j 0.00237081-0.00140941j 0.0099769-0.00946992j -0.00630571-0.00391101j 0.00532504-0.00738848j 0.00380363-0.00367185j 0.000420856-0.0118911j -0.0071245-0.00429056j 0.00129505+0.00270315j -0.00754829-0.016443j -0.00141784-0.000663776j 0.0126638+0.000838261j -0.00542394-0.00334678j -0.0147303+0.00459247j -0.00051947-0.00675753j -0.00904086-0.00504942j 0.00503644-0.00256035j 0.000434577-0.000668234j -0.00723644-0.00762509j 0.00865904-0.0135047j -0.00923844-0.00642942j -0.00255335-0.00444827j -0.00942241+0.00136686j 0.000532099-0.00338816j -0.00333196-0.00041644j -0.00165235-0.000924382j -0.0028923-0.0156081j 0.00108376+0.0109039j 0.00318187-0.0134046j 0.00240765-0.000703726j -0.00804139-0.00328401j -0.00775165+0.00422052j -0.00488769+8.21861e-05j -6.06621e-05-0.00205458j -0.00526357+0.00242513j 0.000270641+0.012767j 0.00172181+0.00225359j 0.000213549+0.00573217j -0.00104436-0.00298538j 0.000530917-0.000856529j 0.00162327-0.00119016j 0.00245268-0.00596516j -0.00391466-0.0059878j 
-0.00240651+0.00108854j -0.00401033+5.1754e-05j 0.00276383+0.0021024j -0.0056367-0.00239091j 0.00751197+0.00809318j -0.00244958-0.00196503j 0.0028604-0.010392j -0.00498468+8.0554e-05j -0.00389659-0.00189435j -0.0043531-0.004076j 0.00147199+0.00112409j -0.000737019+0.00501932j 0.00329523+0.00577216j -0.00922581+0.0016851j -0.00893917-0.00788102j 0.00139809-0.000971685j 0.00813093-0.00375617j -0.00390924+0.00182225j -0.00100094-0.00191963j -0.00475472-0.000496058j -0.00775418-0.00706119j -0.0027657-0.00387088j -0.00163941-0.00608483j -0.00628362+0.0114678j -0.00257937+0.00212434j 0.00266589+0.00598904j -0.0148051-0.00350673j 0.00729057+0.00296729j 0.00950923-0.000735838j 0.00020471+0.00456001j -0.0100752+0.000799656j -0.00498401+0.000299616j 0.022414+0.00281733j 0.00222885-0.000456244j -0.0147223+0.00246404j 8.6568e-06+0.000971696j 0.00305341+0.00413022j 0.00386306+0.00784815j -0.00444843-0.00614918j -0.00294001-0.00342264j 0.00158457-0.000637749j -0.00404054-9.40349e-07j -0.00350622+0.0117274j 0.00130144-0.000297406j -0.000254419+0.00787931j -0.00284729+0.00634082j -0.00700418+0.000327785j 0.00523208-0.0108656j -0.00057584+0.0136729j 0.00257038+0.00577542j 0.00643935-0.00548499j 0.0181295+0.00712359j -0.0054934-0.00447327j -0.00186409+0.00425141j 0.00590059+0.00499435j 0.002008-0.0051408j 0.000300197+0.000604075j 0.000614838-0.0124403j 0.00861713-0.014023j 0.00800805+0.00373344j -0.0005695+0.0111422j 0.0123393+0.014744j -0.000763718-0.00239807j -0.00662395+0.01681j -0.00777548-0.00272015j -0.00246682+0.00317013j -0.00318913-0.0197641j 0.0062876+0.00290893j 0.00396307-0.0043787j -0.00317863+0.00637372j -0.00921698+0.00936725j -0.0109458-0.00674837j -0.000609354-0.00164606j 0.00806173+0.000435631j -0.000310858+0.00384302j -0.00159872-0.00636588j -0.00147126-0.00559617j -0.00529733+0.00235817j -0.00643944-0.0144241j -0.00822471+0.00717007j 0.00491407-0.00135628j -0.00183525+0.00335452j -0.00160607+0.00941903j -0.00170971+0.00314503j 0.00848948+0.00238042j -0.00297661-0.000158774j -0.00448383-0.00984022j 0.0035802+0.000129619j -0.00721329-0.00091671j 0.00490774+0.00247424j -0.00142723-0.00296746j 0.00497429+0.000978263j 0.0102318+0.00398539j -0.00134587-0.00400075j -0.00465507-0.00108685j 
0.000245617+0.00314486j 0.000333988+0.00141048j -0.000315368-0.00402963j 0.0067055-0.00149227j -0.000167647+0.00304614j 0.000463549-0.00214455j 0.00827222+0.00326342j -0.00266744+0.000636572j -0.00205957-0.0018493j 0.00309962+0.00568287j 0.0017207+0.00233884j -0.00332698+0.00323942j 0.00283208+0.0020803j -0.00458858+0.0060333j 0.00251215-0.00567966j -0.00336567+0.00091944j -0.00135193-0.00345382j -0.00109633+0.00652724j -0.00421124+0.000663491j 0.00151249+0.00300988j 0.00678325+0.00324881j -0.00195849+0.000294641j 0.000547952-0.00117895j -0.00726243-0.00282808j -0.000755947-0.00862271j 0.00293581-0.0119959j 0.00294006-0.000536558j -0.00647637+0.00661508j -0.00430272+0.00100235j 0.000603736+0.00139418j -0.00421037+0.00865548j 0.00531579+0.000244309j -0.00102556-0.00494545j -0.00055771-0.000750695j -0.00129617+0.00357096j -0.000174287-0.00315583j -0.00580886-0.00879505j 0.00483403-0.0109314j -0.00393923+0.00569148j -0.00985684+0.00517661j 0.00628613+0.00465863j -0.00163909-0.000677736j -0.00317137-0.00434468j -0.00148412-0.0026244j 0.00361164-0.00967617j -0.000350539+0.00436179j 0.00478768+0.00633222j -0.00130307+0.00656634j 0.00363755-0.0040001j 0.00178946+0.0123189j -0.0155794+0.00760391j -0.00298341+0.00902513j -0.000419313-0.0051388j 0.00768527+0.00318661j 0.00426306+0.000713369j -0.00211401+0.0170203j 0.0110485+0.000586241j 0.0112781+0.00904548j 0.0194553+0.00584158j 0.00226579-0.00930894j 0.00551421-0.0120221j 0.00391644+0.0130665j 0.00236676-0.00278122j 0.00923181-0.00596225j -0.00186196+0.00214275j 0.00263736-0.0163221j 0.00385912+0.00042244j 0.0052208-0.0130304j 0.0056023+0.00570969j 0.00496127-0.00994937j -0.0045444-0.00459647j 0.0112998-0.00657496j 0.00505885+0.00573604j 0.00671487-0.00213071j -0.00352277+0.00175252j 0.00345753-0.0015338j 0.00342319+0.00326549j -0.000987455+0.00323652j 0.0114476+0.000852639j -0.00429788+0.00731295j 0.00833715-0.000249524j 0.000114899-0.00735023j 0.0055817-0.00717597j -0.00292109+0.00431498j 0.00138617-0.00406306j 0.00887979-0.00430093j -0.000898936-0.00397559j -0.00459309+0.00750866j 0.0114523+0.00531071j -0.00348037-0.00584387j 0.00535571+0.00174471j -0.00159427+0.00673715j 0.0013089-0.0029258j -0.000195028-0.00243106j -0.00126517+0.00262238j 
0.000911446+0.0040195j 0.00102499-0.00782859j -0.000526658+0.00529759j 0.0053631+0.00173517j 0.0013425+0.00723594j -0.00041064-0.00191225j -0.00196219+0.00602041j -0.00252728-0.00394966j 0.00396216-0.00406126j 0.00578965+0.00600517j 0.00154886+0.00245452j 0.00290972-0.00255133j 0.00739987-0.00146931j -0.000717792+0.000773056j 0.0028927-0.00549421j -0.00312524-0.00178859j -0.00390401+0.00370418j 0.00071368+0.00617714j 0.00176377-0.000883706j 0.00203609-0.0116757j 0.000781423+0.0110927j -0.00140595-0.00175476j 0.00467164+0.00458782j -0.00110473+0.00547437j 0.00477265+0.00345461j -0.00440883-0.000625135j 0.00391917-0.00813149j -0.00822555+0.00757747j -0.00279154-0.00545726j 0.0034831-0.000494671j 0.00739577-0.000347551j 5.32647e-05-0.000143233j -0.000206159+0.00355924j 0.00791647+0.00728441j 0.00524713+0.00633735j -0.00768446+0.0103598j -0.00372106-0.0056814j -0.00158839-0.00425789j -0.0024317+0.00657049j 0.000676152+0.00110081j 0.00964538+2.27849e-05j 0.00594063-0.016792j 0.00947358-0.0176864j 0.0103296-0.00921064j -0.00743678-0.00818553j 0.00450181-0.00551476j 0.0170315+0.00713316j 0.000377994+0.00949845j -0.000852707-0.0157283j 0.000795074+0.0110389j 0.00385926-0.00125256j 0.00964388+0.00223682j -0.0156189-0.00174929j -0.000658886-0.0189027j -0.00314597+0.00418985j 0.00794315-0.00308006j 0.00688848+0.000336962j 0.00260737+0.00326165j 0.00324168+0.0104907j 0.00209592+0.00723375j 0.0106813+0.0014j -0.00120041+0.00151269j 0.000576749-0.00119087j 0.000110848+0.00196796j -0.00238373+0.00983232j -0.00587499-0.00343357j 0.0108667-0.000699734j -0.0059618-0.00397278j -0.00182191+0.012782j 0.00128549-0.00689086j 0.00573095+0.00108096j -0.0138919-0.00180317j -0.00213297+0.00481698j -0.00246095-0.00616533j -0.00707595+0.00691358j -0.00596048-0.00948769j 0.00303818-0.00961282j -0.00857193-0.005263j 0.0117889+0.00399374j 0.00155056-0.00673074j -0.00597768-0.00892663j -0.00258434+0.00312184j -0.00494715-0.0012504j -0.0081744-0.00528188j 0.00157046+0.00479713j 0.00100783-0.000356698j -0.00482074-0.00366397j 0.00358884+0.00265216j 0.00397635-0.00627982j -0.00455605-0.00670903j -0.00104614-0.00699523j 0.00407328+0.00082347j 0.00338246+0.0063091j 0.000926803-0.0087809j 0.00232167+0.00668587j 
0.000790525+0.00367653j -0.000355295-0.00160819j 0.000267316+0.00126328j 0.00265559+0.00146106j 5.42712e-05+0.00515922j -0.000510413-0.00150704j 0.00255489+0.00139704j -0.00214805-0.00113494j -0.00171715-0.0012419j -0.00398314+0.00253018j -0.00340519+0.00485368j -0.000868455+0.00199752j 0.00137215+0.000770891j -0.00202847+0.0025891j -0.00542676-0.00812444j -0.00014911-0.00194365j 0.00224133-0.00171125j 0.000447645+0.00463218j -0.000969074+0.000948364j 0.000955366-0.00354356j 0.000309014-0.00303985j 0.00119826-0.00344026j -0.000275622+0.00243473j 0.00258564+0.00307402j 0.00405673+0.000848654j -0.000753909+0.000942825j -0.000195308-0.00206446j 0.000607339+0.000599412j 0.0055834+0.00419362j -0.00297871-0.00136408j -0.00178347-0.00419371j 7.75521e-05+0.00365019j 0.0056593-0.000239243j 0.0049485-0.0068339j -0.00126201-0.00704143j 0.00243376+0.00495744j -0.00331488+0.00246065j 0.00242655-0.00661362j -0.00433329-0.0049971j -0.005998-0.00783291j -0.00221168-0.00693269j -0.00271096-0.00247818j 0.00533116-0.000326201j -0.00897559+0.000143663j -0.00107854-0.00256547j 0.00279638+0.00777606j 0.000938224+0.0119243j 0.00102544+0.00485537j 0.00251819-0.000714013j -0.00784855-0.00407925j -0.00478053+0.00798433j 0.00641653+0.00525215j -7.193e-05+0.00745686j -0.00125138-0.00724157j -0.00662378-0.00214564j -0.0062979-0.00339753j -0.00103327+0.00769197j 0.00233106+0.00560575j 0.00361156+0.0156511j -0.000367716-0.00481643j 0.00219876-0.0059855j 0.002085+0.0135818j 0.00458451+0.0126388j 0.00819645-0.00318773j 0.00586116-0.000504131j -0.00823997+0.00548373j 0.00147892+0.00168882j 0.000932965+0.00138731j -0.0134075+0.00708759j -0.00164161-0.00616425j 0.00254544-0.00509602j -0.00714351-0.00629979j -0.00811591+0.00803426j -0.0100975-0.0137118j 0.00232462+0.00541815j -0.00741072+0.00478674j -0.000595309+0.010242j -0.000489019-0.0053787j 0.00461066+0.00137203j -0.00321879-0.00523961j 0.0109304-0.00770829j -0.00430754-0.00191143j 0.00328684-0.00337124j -0.00054816+0.00128238j 0.00158138+0.00347199j -0.00186443+0.00152578j 0.00373235+0.00543903j 0.00131457+0.00159055j -0.000734629+0.00155698j -0.00541991-0.00186865j -0.00118106+0.00245919j -0.00357594-0.00069595j -0.00352722-0.00146614j -0.00508807-0.00445515j -0.00164999+0.00109647j 
0.00237332-0.00248216j 0.000157104-0.000407568j -0.00267109-0.00102743j -0.0036619-0.000163288j 0.00159631-0.000796113j -0.000570061-0.00378671j -0.000923314+0.00107598j 0.00418306-3.26804e-05j -0.00106685+0.00526946j 0.00741745+0.000102321j 0.00151452-0.00345811j 0.00115335+0.00185383j 0.00216837-0.00180446j 0.00665283+0.00303959j 0.0039429+0.00248597j 0.0010103+0.0014103j -0.00226005+0.000555197j -0.00102121-0.0108597j 0.00357173+0.00637345j 0.00385344-0.00058003j 0.00233694+0.00588015j -0.00255954+0.0010746j 0.00229672+0.00291455j -0.00858585-0.00804068j -0.00320996-0.00179118j -0.0036062-0.00469613j 0.00684899-0.00471264j -0.00366307+0.00746555j -0.00724681+0.00105837j -0.00264741-0.00449566j -0.00353721-0.00368856j 0.00224854-0.00166122j -0.0101753-0.00393594j -0.00393573+0.00220272j 0.00641413+0.00260501j -4.08386e-05-0.0112097j -0.001052-0.00123502j 0.000807194-0.00486082j 0.00211143+0.00738748j 0.00638954-0.00129463j 0.000596462+0.00596629j 0.00239532+0.00229143j 0.00198514+0.00288671j 0.00679665+0.00196126j 0.00046422+0.0086459j -0.00095741+0.00535726j 0.00166257+0.00150163j 0.0017724-0.0126675j -0.000790764+0.00170209j -0.00362501+0.0107178j 0.00546934+0.00676997j 0.0108781+0.00387395j -0.0168662-0.00656077j -0.000967677+0.00270135j -0.00307909+0.00399019j -0.00475403-0.0167699j -0.00104379+0.00555414j 0.00509138+0.00335549j -0.0081377-0.000739806j -0.00361455+0.00572758j -0.00324887+0.00757326j 0.00475038-0.00142294j -0.000798675+0.00664418j -0.000225736-0.0149477j -0.00635112+0.00692077j -0.0054344-0.00748383j 0.00616077+0.00421337j -0.000868688+0.000829302j 0.00846379-0.00441913j 0.000184826-0.00273817j -0.00349859-0.00230162j -0.00558062+0.00667859j 0.00441886-0.0103554j -0.00852677-0.00967367j 0.00485606-0.00321879j -0.00623161+0.000305724j 0.00277622-0.000204374j -0.00110293-0.00662136j 0.0074673+0.00606186j 0.00141237+0.00631772j -0.00482451+0.00237927j -0.00876595+0.00285296j 0.0102654-0.00280668j 0.00315809+0.0018854j 0.00291453+0.00184694j -0.00108382-0.0109112j 0.000593264+0.00128114j 0.000681557+0.00340402j 0.00993167+0.000183644j 0.000866217-0.00207876j -0.00356756-0.00481393j -0.00386823+0.000902575j 0.00131354+0.000358923j -0.00410101-0.00379411j -0.00480014+0.000800397j 
0.00120879-0.00202019j 0.00204903+0.00218504j 0.000462999-0.0048756j 0.00797465+0.00255899j 0.00259226-0.00559212j 0.00189729-0.00276908j 0.00373105+0.00376185j -0.000659688+0.00420837j 0.00517978+0.00380485j 0.000355526+0.000754969j -0.000403185-0.00176183j -0.00132703+0.00105331j 0.00181215+0.00240664j 0.00239689-0.00133004j 0.00147247+0.00439521j -0.00146918+0.000692841j -0.0103901+0.00468135j 0.000239133-0.00145628j -0.00264512-0.00670394j 0.00328746+0.00288839j 0.00184818+0.013723j 0.00161356-0.00273626j 0.000536231+0.00357587j 0.00145876+0.00126384j -0.000657074-0.00599785j -0.00361842+0.00279181j -0.000377551+0.00118291j -0.00757535-0.00322455j -0.00604912-0.00151009j -0.00280555+0.0118191j -0.000271573+0.00726907j 0.00485817-0.00207686j -0.0106268-0.0092364j -0.00247723+0.00711816j 0.00414618-0.00142369j -0.00336789-0.00311986j 0.00834994-0.00383222j 0.00717278+0.00187588j 0.00332353-0.00129468j 0.0012638+0.00461438j -0.00102578+0.00667566j 0.00807277-0.000830534j -0.00543128+0.016655j 0.0107306-0.0014875j -0.0010364-0.0127648j 0.00123623-0.0050243j -0.00384939+0.0128657j -0.00424885-0.000758138j -0.00310625+0.012918j 0.00375596+0.00374155j 0.00341783-0.00396043j 0.00227043+0.000318727j -0.00578384+0.00425615j -0.00249879+0.0112904j 0.000340361-0.0021849j 0.00151086-0.00114646j -0.00151118+0.00380428j -0.00400191-0.00401492j -0.00109345+0.00500734j 0.00344475-0.00505796j 0.000160756-0.000784773j 0.00090172-0.00664919j 0.00698208+0.00891427j 0.00723507-0.0108784j -0.00325315+0.00252781j -0.00326073-0.0108626j 0.00592411+0.0171363j 0.000146474-0.0087456j 0.00449821-0.014821j 0.0034384+0.00297773j 0.000476875+0.00266067j 0.00421067-0.00420757j -0.00762386+0.00732915j -0.00825142-0.0033287j -0.00233466-0.0094586j -0.00310974+0.00417222j 0.00231016+0.00656667j -0.00301922+0.00413331j 0.00520139+0.00684283j 0.00545913+0.00249403j -0.000584649+0.000664585j 0.00131243-8.15261e-05j -0.00405397-0.00753686j -0.00124353-0.00444809j -0.000659013+0.00438339j -0.000759286+0.00157409j -0.00179408-0.00159564j -0.00641646-0.00989033j 0.00293765-0.000578463j -0.0127891-0.000133768j -0.000628138+0.00421577j 0.000752152+0.00275657j -0.000184604+0.00503348j 0.000722667+0.00390959j 0.00287526+0.00227191j 
0.00110123+0.00300923j -0.000509911+0.00247417j 0.000538835+0.00210717j -0.00597149+0.00210245j 0.000535686+0.00436433j -0.00191967+0.00256049j 0.000734137-0.00159778j 0.00116462+0.000102833j -0.00704633-0.000772683j -0.00290964-0.000295207j -0.00177497-0.000758891j 0.000576853-0.00531817j -0.0012475-0.00341871j -0.00238997+0.000363816j -0.000785256-0.00408957j -0.00119667+0.0024329j 0.00189071+0.00304173j 0.00387242+0.00337413j -0.00208939-0.00057754j -0.00155183-0.00145385j 0.00384699-0.007914j -0.00917248-0.000562064j -0.00534736+0.00240427j -0.00560551+0.0071406j -0.000700331-0.00320391j 0.0044894+0.00308088j -0.0041003-0.00211457j 0.00597519+0.00274863j 0.00437358+0.00528157j 0.00931472-0.0028969j 0.000681516-0.000222105j -0.00271049+0.00674058j 0.0132003-0.00369018j 0.0124231-0.00488123j -0.00725406-0.00301764j 0.0100902+0.00715364j -0.00727465+0.00208412j 0.0064355-0.00552993j -0.00947915-0.00926331j -0.00917381-0.00289821j 0.00918071-0.00617162j -0.0073002+0.00454153j 0.00415881-0.00399144j -0.00188551-0.00745277j -0.00613511-0.00344691j -2.88352e-05+0.000280041j 0.00333905+0.00139102j -0.00463218+0.00578276j 0.0107483-0.0091463j -0.00492759-0.00209178j -0.0142796+0.0115443j -0.00369762-0.00624143j 0.00521554-0.000789984j 0.0108772+0.00436312j -0.000341436+0.00155594j -0.000307718+0.00363009j -0.000209077+0.00313085j -0.00320078+0.00495703j 0.00185183+0.00769538j 0.0114885-0.0054422j 0.0023507-0.00490845j -0.00658279-0.00167118j -0.0039416+0.013228j 0.00268678-0.00921622j 0.00404684+0.0049873j -0.00294488+0.00320744j -0.00936027+0.00442787j -0.00747659+0.00230358j -0.0144356-0.00166118j 0.000275183+0.000320265j 0.00375155-0.0044503j -0.00105791+0.00175838j -0.00163654+0.011251j -0.00205486-0.000770622j -0.0044817-0.00163021j 0.00478705+0.0104894j 0.00327457+0.00452085j 0.0041474-0.00334095j 0.00384649-0.0034932j -0.00219209-0.000693432j 0.000900183-0.00280307j -0.00692335+0.00426399j -9.70723e-05+0.0021144j -0.00215589+0.00546316j -0.00358333-0.000603988j 0.00291249-0.00539137j 0.0016783+0.00123161j 0.00245305-0.00191273j 0.00117391-1.07422e-05j 0.00310308-0.00019658j -0.00246163+0.00106369j -0.00242291+0.000337012j -0.00188992-0.00434945j -0.00222395-0.00184935j -0.00147348+0.000194247j 
0.0010112-0.00225096j 0.000831127+0.000855799j -0.000919211-0.00269764j -0.000689742+0.00124605j -0.00109791-0.00413999j 0.00546219+0.00354483j -0.00236191+8.81131e-07j 0.00396897+0.0034516j 0.00204143+0.00342228j 0.00131594+0.00141514j 0.00189451-5.39621e-05j -0.000359297-0.00271185j 0.00491264+0.00245082j 0.00775435-0.00450927j -0.00260705+0.00243019j 0.00196204-0.0030517j -0.00531695+0.0018006j -0.00301987-0.00465284j -0.00398548+0.00295397j 0.000728213+0.00123366j 0.00356653-0.00499211j 0.000923937+0.00419605j -0.00108847-0.00116976j 0.00130426+0.000289321j 0.000676798+0.00702035j -0.0057753+0.00571585j 0.00199791+0.000528209j 0.00290543-0.010134j -0.00407866+0.000584755j 0.000608325+0.00122922j 0.00247558-0.00151583j 0.00398074+0.00325673j -0.00580669-0.00298947j -0.000857352-0.00510598j 0.00181485-0.00686304j 0.0010053+0.00514263j 0.00155894+0.007541j 0.00369332+0.00500075j 0.00253075+0.00535469j 0.00296254+0.00545077j -0.003077+0.00743412j 0.00532758+0.00387331j 0.0024958+0.00385935j -0.00208165+0.00945576j 0.0047356+0.000397866j 0.00840894+0.00102402j 0.00607715-0.0074362j 0.00971715+6.37966e-05j 0.00622339+0.00168171j 0.0118394-0.00642988j 0.00452261+0.00311281j 0.0040483+0.00158004j -0.00586432+0.012287j 0.00645154-0.00480434j 0.00745751+0.00394765j 0.0206591+0.00532527j 0.00481543+0.00052026j 0.0124336+0.00372098j 0.0136854+0.00745104j -0.000124283-0.000782506j 0.00894929-0.00101397j 0.0117819-0.00292062j 0.0144018+0.0216101j 0.0078968-0.00539441j -0.00765784+0.00250247j -0.00685202-0.00206962j -0.00785317+0.0120235j -0.00595865+0.00818755j 0.00216703+0.00406254j -0.00438604-0.0076224j -0.00518882+0.00538072j -0.00135225+0.00725045j -0.00361386-0.00650969j -0.00289667+0.00210424j 0.00926078-0.00287089j -0.00299419-0.00838392j 0.0118388+0.00715859j -0.00214419+0.00609925j 0.00321901+0.0018639j -0.00654026+0.00104702j -0.00683946+0.00849084j 0.00265501-0.00381266j 0.00199006-0.000323122j 0.0123538-0.00877585j -0.00654584-0.00847038j 0.00056264-0.000984997j 0.00394909+0.00200639j -0.00469059-0.0021662j -0.00388103-0.00262317j -0.00511067-0.00512908j -0.00713925+0.00295985j 0.000989171+0.00303718j -0.00315811-0.00217018j 0.000317103+0.00191311j 0.00499663+0.00586016j 
-0.00241475-0.00564722j 0.0028547+0.00346075j -0.0015134+0.00247396j 0.000988358+0.00480308j -0.00157862-0.00329146j 0.000182323+0.00235959j -0.000433997+0.000654967j 0.00299216-0.000151914j -0.0056453+0.000569154j -0.00421147-0.00318476j -0.00203135+0.00117188j 0.000192325+0.00251757j -0.00152248-0.00111591j 0.00282654+0.000907733j 0.0032333+0.00662599j -0.000900401+0.00237265j -0.00526262-0.00286122j 0.00138315-0.00604748j -0.00197248+0.00518768j 0.00356985+0.000653499j 0.001559-0.00412217j -0.00295733-0.00252008j -0.00454204-0.000796611j -0.010493-9.62962e-07j 0.00290542-0.000458459j -0.00532556+0.00286801j -0.00286571-0.00116113j 0.00349261+0.0017786j -0.0074578-0.000103862j -7.92306e-05-0.00318537j -0.000527296-0.00350034j -0.00303167-0.00228735j 0.00720563+0.00762244j -0.00730577+0.0069625j 0.0118804+0.000478461j 0.00179179+0.00661714j -0.00164688-0.000649502j -0.00111-0.00760784j 0.0055379+0.00507652j 0.00516774+0.000237186j 0.00321115+0.00344729j 0.000554688+0.00134779j 0.00900078+0.00646114j 0.00209083-0.01839j -2.671e-06+0.00961945j 0.00768566-0.00184205j 0.00264322-0.00875775j 0.00633872+0.0125832j -0.010455+0.00948647j 0.00361484-0.0121264j -1.82779e-05-0.0039265j -0.00433116+0.00201381j -0.00605764-0.00885792j 0.0103122+0.0137899j -0.00903963-0.0102997j -0.0024614+0.00022453j 0.00798055-0.0102436j 0.000885723-0.000973741j 0.00226202-0.000290727j -0.00931521-0.000493711j 0.00560526+0.00218268j 0.00889099-0.00657785j -0.00328559+0.00702921j -0.010699+0.00285057j 0.00381972+0.00750284j -0.000772201-0.00965312j 7.75011e-05+0.00907392j -0.00737893+0.0016118j 0.00669685-0.000583269j -0.00950649-0.00334169j 0.000647895+0.00254261j -0.00785355+0.00338544j -0.00620177-0.000542587j 0.00452976+0.00935393j 0.000362146+0.0112402j -0.00199605-0.0013184j -0.00563205-0.00687304j 0.00175796-2.05448e-05j 0.0112202-0.00188624j 0.000432585+0.00713096j 0.00677478+0.00297704j -0.00390208+0.00632387j 0.0110228+0.00240013j -0.00302406+0.00277332j -0.00370047-0.000402698j -0.00303806-0.00456109j -0.00627019-0.000939924j -0.000214314-0.00328204j 0.00219511-8.42664e-05j 0.00859385+0.00165043j -0.00536502-0.0037715j -0.00453935-0.00266833j 0.00104541-0.00146674j -0.00050578-0.00147438j -0.00495124+0.000603359j 
-0.00148253-0.00502044j 0.00130809+0.000570658j 0.00051807-2.97774e-05j 0.00347812-0.00318045j -0.0051088-0.00119679j 0.000752967-0.00382928j 0.000275769-0.00396666j -0.00197135-0.00316751j 0.00451683+0.000988414j 0.00283339-0.00104098j -6.53172e-05+0.000867467j -0.00107491+0.00314477j -0.00140772-0.00197126j 0.000341006-0.00472009j 0.00286911+0.00177197j -0.00267474+0.000357814j 0.000713089-0.00451685j -0.000446844-0.00423447j 0.00446334+0.00935289j -0.00262179-0.00112353j -0.0022632-0.0087726j 0.00378836-0.00196193j 0.00552244+0.000384319j -0.00103743-0.00245693j 0.00132547-0.00106843j 0.00147418+0.00415667j -0.000318417-0.0030539j -0.00221475+0.00397854j 0.0019455+0.0109707j -0.00871691-0.00764533j -0.00353018-0.00246465j 0.0061053-0.00384318j -0.00346862+0.00198803j -0.00513147+0.00423747j -0.0013925-0.0102628j 0.000724381+0.000531883j 0.000876019-0.00448904j -0.000689446-0.00488437j 0.00578739-0.00052131j 0.000743603+0.00481884j -2.74723e-05-0.00214266j 0.00221675+0.0103328j 0.0035409-0.00518417j -0.00211513-0.00324727j 0.00893137+0.00569904j 1.71243e-06-0.00492419j 0.0042141-0.00919627j 0.0029325-0.00583198j 0.00552116+0.00386232j 0.00237948-0.00310125j 0.00911701-0.00361159j -0.00937282+0.000173697j -0.000931408+0.00211525j -0.00383299-0.00725059j 0.00332162-0.00521563j -0.00235343+8.96102e-05j 0.000996877-0.00104274j -0.00189732-0.00840954j 0.000469765-0.000580048j -0.00769423-0.0104323j 0.00171918-0.000452512j -0.00955626+0.00124806j 0.00230362-0.0111967j -0.00210138-0.00845769j -0.00580577+0.0060741j 0.000794177+0.0056284j 0.00120669+0.00499691j 0.00885268+0.0017721j 0.0040935-0.0139027j 0.00642953-0.00405345j -0.00141642+0.00216753j 0.00637259-0.00644084j 0.00607163+0.00964665j 0.00157213-0.00202094j 0.00299094+0.0143217j -8.95062e-05+0.00151229j 0.00754432-0.00156067j -0.00455974-0.0134479j -0.00301468-0.0070136j -0.00481829-0.00254419j -0.00197491+0.00303613j 0.0083544+0.00367886j -0.00305135+0.00478188j 0.00215502+0.00631953j -0.000157654-0.000850058j -0.0034632-0.00494983j 0.00889255+0.0082876j -0.00146145+0.00494984j -0.00348218-0.00547985j -0.00193565+0.00273554j 0.00101755+0.00506382j 0.000388787+0.00590325j -0.00198211+0.00116277j -0.00432868+0.00116924j 0.00268821+0.0011502j 
0.00160577+0.00203488j -0.00142825+0.000592611j 0.000274015-0.000698188j 0.00303118+0.00210429j -0.0012434-0.000650739j 0.000767647-0.00209886j 0.000168183+0.00339511j 0.00372293+0.00575833j 0.000776613-0.00381663j -0.0032138+0.000485096j -0.00363895+0.00196037j -0.00512973-0.00585132j -0.00026868+0.00408302j 0.00163029+0.006007j -0.00293114-0.00402478j 0.000717435+0.00623404j -0.00247413+0.00168274j 0.00411465+0.00301982j 0.00345889+0.000477612j -0.00329219+0.00147339j 0.00402825+0.00912277j -0.00172-0.00121571j -0.00260686+0.0063791j -0.0025003+0.00295534j 0.00455147-0.00220574j -0.00635157-0.000440341j 0.00291493-0.000904064j -0.00454598-0.00283667j -0.00298797-0.000377986j 0.00409161+0.00320068j 0.0012299+0.00155122j -0.00412836-0.00387646j 0.00159755-0.00605946j 0.0041593-0.000887153j -0.000497026+0.00394088j 0.00242692+0.00498349j -0.00563489-0.00767413j 0.00306863+0.00381476j -0.000913356+0.000725675j -0.00870083+0.0056867j -0.0128901-0.00291288j -0.000156721+0.0048241j -0.00497676-0.000426477j 0.000409721+0.000749402j -0.000750095+0.0074141j -0.00329592-0.00965787j -0.00495386+0.00512421j -0.00868084+0.00063286j -0.00424159-0.0123819j -0.013318-0.00708606j -0.00578744+0.00133371j 0.00270905-0.0133177j -0.00475495+0.0049993j 0.000350238-0.00326688j -0.0201303-0.0025735j -0.0014587-0.000692126j 0.0036483+0.00267222j -0.000230382+0.00343548j -0.0100127-0.00208612j 0.00983402+0.00618762j 0.00875969-0.00751558j -0.00640904+0.00609252j -0.00920679-0.0124017j -0.00699285+0.0142768j -0.00810543-0.00201715j -0.00734945-0.00449514j 0.00215815-0.00268758j 0.0121149+0.00595465j 0.00218831+0.00560918j 0.0146245+0.00414054j 0.00054634+0.0101032j 0.00257097+0.0109003j -0.000503597+0.000102252j 0.00962042-0.00739815j 0.00919314+0.00347141j 0.0105259-0.00259516j 0.000587523-0.000249872j -0.00402284+0.00370192j 0.00634165+0.00182739j 0.00780094-0.0065973j -0.00160918-0.00574861j 0.00557368-0.00741661j -0.00172055+0.010165j 0.000239766+0.00196613j 0.0046195+0.0030576j 0.00212223-0.0059916j -0.00249255-0.00690768j 0.00474938-0.00487028j -0.00213675+0.00683966j -0.00653749-0.000355032j -0.0021922+0.00874344j -0.0005874+0.00273219j -0.00155614+0.000241046j 0.000345363+0.00133589j -0.00338917-0.00281566j 
-0.00437391-0.00786649j 0.0018493+0.00300612j 0.000546279-0.00778159j 0.00770702-0.00586695j -0.00616986-0.00264937j 0.00320817-0.000319407j 0.00385454+0.00418784j 0.00153735-0.000414736j 0.00756233-0.00264299j 0.0035275-0.00189035j 0.000780674-0.0042626j -0.00240456+0.000991538j -0.00299877+0.00547066j 0.00333024-0.00257629j 0.000777171+0.00256467j 0.00167775+0.00364811j 0.00335702-0.000505533j -0.00357205-0.00127448j 0.00202131+9.7867e-05j 0.00512279+0.00110219j 0.00363267+0.00687314j 0.00626838+0.00237985j 0.00663532-0.000728959j 0.000827603-0.00330673j 0.00481695-0.00207629j -0.00926133+0.0031122j -0.00682047-0.00609948j -0.0116914+0.00635489j 0.00713054+0.0036916j -0.00480715+0.00117196j 0.0125225-0.00203364j -0.000790308-0.00832911j -0.00370605+0.00357554j -0.000420601+0.00243577j 0.0119804-0.0115887j -0.0128326-0.00668306j -0.00613703-0.00117855j -0.000143543-0.00137347j 0.00320729-0.00801049j -0.00170103+0.00202147j 0.00737992+0.00560922j -0.00397066+0.000361196j -0.00194287+0.00514505j -0.00524261+0.00145824j 0.00286158+0.0116782j -0.0121646-0.0149712j 0.00234144-0.00688445j 0.0115695+0.00403933j -0.00444145+0.0137221j -0.00575404+0.0141104j -0.000364053+0.00450526j 0.00363131-0.0150052j -0.00886835-0.000205537j -0.018755+0.0170502j 0.00257792-0.00640301j -0.00227503+0.00201449j -0.008851+0.0101978j 0.00414409+0.00273023j -0.00197387+0.011388j -0.00926846+0.00482981j 0.00145156+0.00370374j 0.00672383-0.00227688j -0.00228638+0.00793693j -0.00299675-0.0101565j -0.0103347+0.000153582j -0.00185267-0.00540368j 0.000962427-0.00414475j 0.00186093+0.00425866j -0.00547918-0.00256475j -0.00509671+0.00725029j 0.00395062-0.00551309j -0.00295436+0.00111677j -0.00563056+0.00090413j 0.00564356+0.000533638j 0.00847771-0.00227584j 0.00712443+0.00587085j 0.00108373+0.0043414j -0.000139745+0.00836622j 0.0121599-0.00150508j 0.00509363-0.00746036j 0.00795888+0.00395321j -0.000306168+0.00532016j -0.00513906-0.0128666j 0.000466872-0.00290256j 0.00291891-0.00612252j -0.0037054-0.0020556j -0.00377016+0.00314374j 0.00187114-0.00403721j 0.00266581-0.00140016j -0.00303854-0.00270164j 0.000101262+0.00137612j -0.00015538+0.00448637j -0.00294789-0.00102923j -0.00691671-0.000975168j 0.00600762-0.000493925j 
-0.00574983+0.00354526j 0.00276277-0.00172156j 0.00115636-0.00224882j -0.000412562-0.00147045j -0.00121789+0.00299338j -0.000492556+0.00199548j -0.00312618+0.00145905j 0.00224697-0.00401454j -0.00264621-0.00152773j -0.00194402-0.000318017j 0.00424546-0.00369357j 0.0026327-0.00122264j 0.000443589-0.00120319j 0.00492988-0.00252933j 0.00230163-0.00104237j -0.00050516-0.000438374j -0.00581417+0.00142719j -0.00487684+0.00567451j -0.000958584-0.000736655j -0.00166067-0.000938801j -0.00076736-0.0061735j 0.000222637-0.00551068j 0.00547393-0.00794789j 0.0104345+0.00460078j -0.00194476-0.0023406j -0.00655034-0.0043239j -0.0016438-0.00510238j -0.0102764+0.00795659j 0.001741-0.00367121j -0.00628334+0.000425656j 0.00242111-0.00247412j -0.00333767+0.000184337j -0.00023173-0.000172136j 0.00699319+0.000189452j -0.00085626-0.0109468j -0.000683321+0.00420714j -0.00174113+0.00463339j 0.00119143+0.00459181j 0.00582213+0.0062j 0.000556787+0.00162693j -0.00756348-0.00426596j 0.00345717-0.00298312j 5.67662e-05-0.00391855j -0.0188843+0.00374404j 0.00230176+0.00386184j 0.00618253+0.0144102j -0.00846136-0.000639228j -0.0112662+0.00117137j -0.00366569-0.00315864j -0.0066281-0.00991132j -0.00212451-0.00275289j -0.00267065+0.0156375j -0.00293709+0.000486587j -0.000669663-0.00359924j -0.00883559-0.00836078j -0.0152708+0.00310343j -0.0101992+0.00258981j -0.00310444+0.00649455j -0.00437935-0.00139166j -0.0105798+0.000969203j -0.00190815-0.00180254j -0.00371924+0.0157936j 0.0113374+0.0039184j 0.00187332+0.00224308j 0.0196568+0.00815749j -0.000857169-0.00598752j 0.00855811-0.00158007j 0.00473401-0.00116087j -0.0064206-0.00329657j -0.00543537-0.00330657j 0.00889567-0.00458j 0.00792407-0.00469543j -0.00821128+0.000119149j -0.00509075-0.00612136j 0.0101499+0.00895503j -0.00794423-0.000828964j -0.0100917-0.000590811j 0.00100164+0.00192182j 0.000813638-0.00222935j -0.000729663+0.00789217j 0.00249459+0.00581371j 0.00442005+0.0016429j -0.00176565+0.00155901j 0.00585412-0.00379104j -0.000375554+0.00187845j -0.00306966-0.00137509j -0.0057884-0.00575284j -0.00526832+0.00304008j 0.00242188+0.00363335j -0.00300005-0.000870726j -0.0042721-0.00216782j -0.00280789-0.00197257j 0.00645095-0.000755342j -0.00343036+0.000909016j -0.00373047+0.0017381j 
0.000959397+0.000694808j -0.0013752-0.00320353j 4.62285e-05+0.00368795j -0.000809299-0.000431339j -0.00196283-0.000917423j -0.000237643-0.00396499j -0.00332487+0.000619238j 0.000360686-0.000774831j 0.0023586+0.000262248j 0.00611555-0.00538658j 0.000617761-0.00269208j -0.00114597-0.000136739j -0.0072214-0.00459602j -0.00413974-9.51199e-05j 0.000460276-0.000657101j 0.00251671+0.00480552j 0.0036635-0.000338005j 0.00412049+0.00117913j -0.00218318-0.00271849j 0.00541596-0.0034472j -0.00890404+0.0059084j -0.000920916-0.0042887j 0.00208799+0.0052538j -0.000131078+0.000231742j -0.00632226-0.00726583j 0.00191513-5.72005e-05j 0.00141948-0.00360553j 0.00108355+0.00279539j 0.00408505+0.00129687j 0.00269642+0.00146419j 0.00683935+0.00369931j -0.00366688+0.00186083j -0.00428416+0.00584712j 0.00248548-0.00663105j -0.00114736+0.00116907j 0.000811528-0.0019028j 0.0044051-0.00398374j 0.00282744+2.34861e-05j 0.00400979-0.00145525j 0.00306341-0.00673208j 0.00367878-0.000501663j -0.00393716-0.00317835j 0.00101327-0.00246361j 0.0099374-0.00599715j -0.0020945-0.0050334j 0.00036877+0.00301914j 0.0045876-0.00201586j 0.0129682-0.00764798j 0.00321634-0.00940429j 0.00754329-0.0112325j 0.00522836-0.00125987j 0.0104644-0.0030966j -0.00171692+0.000548557j 0.00267408+0.00223293j 0.00888643-0.00896061j 0.0141865-0.0166976j -0.00265339-0.000270644j 0.00496295+0.00998862j 0.00262218-0.000736881j -0.00275318+0.00385607j -0.00336919-0.00978846j 0.00379661+0.0121303j 0.005115-0.00618892j -0.00219392+0.000500474j 0.00179843+0.00650379j -0.00173983+0.00716843j 0.00128625-0.00573746j -0.00473274+0.00695352j -0.00350294+0.00161483j -0.0028891-0.00109308j -0.0062663+0.00102478j -0.00336799+0.00375817j 0.00648185-0.00348561j 0.00670173-0.0062842j -0.0087506-0.000961146j -0.00480454-0.00108791j 0.007309-0.0109638j 0.0034717+0.00671925j -0.00334489+0.00329499j -0.000344593+0.00525232j 0.00176455+0.000429452j 0.000121115-0.00468131j -0.00343778+0.00216243j 0.000753912+0.00272313j -0.00077465+0.0047597j -0.00363339-0.0108359j -0.00266982-0.00570305j -0.00111343+0.000384994j 0.00268013+0.00629224j 0.000349898+0.00207062j 0.00445983+3.66111e-05j -0.00281211+0.00034041j -0.00156948-0.00374757j 0.00330973+0.00254783j -0.00265941-0.00473276j 
-0.0014767-0.00234886j 0.00643442-0.00135005j -0.00581169+0.00230958j -0.000283283+0.00172062j -0.00828557+0.00118534j 0.000433832-0.00355074j -0.00298106+0.000169881j 0.00291898-0.00253861j 0.00473183+0.00459143j 0.00244414-0.00238182j -0.00405444-0.00291107j 0.00212588+0.0057137j -0.0025399+0.00429726j -0.00265335-0.00322884j 0.00609101-0.00334195j 0.00541281-0.00146955j 0.00173627+0.00462351j 0.00148201-0.00710262j 0.00329111-0.00121327j 0.00496399-0.000799535j -0.00119804-0.00842702j 0.0128234-0.00415755j -0.002011+0.00301614j -0.00492214-0.00729944j 0.00534452+0.00328207j 0.0052805-0.00653464j 0.00478236-0.0102982j -0.00380032+0.00871336j 0.00302776-0.00067949j 0.000576119+0.000125375j 0.00308882-0.00623123j 0.00646016-0.00927938j 0.0032019+0.00121666j 0.000316648+0.0134288j -0.00887138-0.00539502j -0.0097736-0.00762688j 0.000728937-0.000596493j 0.00816559-0.00782013j 0.00545867-0.00260807j 0.000680909-0.00298864j 0.00717533+0.00360209j 0.0065662+0.00876543j 0.00953471+0.00750885j 0.000790195+0.0181222j -0.00342257+0.00432073j 0.00111072+0.00210266j -0.00263281-0.00169965j 0.0110817+0.00750686j 0.00816353+0.000404278j 0.00193651-0.00367684j -0.0031659+0.0047551j -0.00365984+0.0128863j 0.00218909-0.00570923j -0.0035382-0.000255244j 0.00132287-0.000204623j 0.00349321-0.00451227j -0.00281368+0.002413j -0.00509918+0.000885283j -0.00647334-0.00778096j -0.0065315+0.0117325j -0.00600484-0.0172341j -0.0120975+0.00526623j 0.000206567-0.00640602j 0.00158503+0.00338501j -0.00463549-0.00773479j -0.00278231-0.00428079j 0.0038706-0.00632744j 0.00563055-9.77147e-05j -0.0123835-0.0069545j 0.000541901+0.00972167j 0.000854501-0.00363762j -0.00520449-0.00819644j -0.00187419-0.000585918j 0.00557685+0.00110888j -0.0117059-0.0108216j -0.00266158-0.00404586j 0.00194523+0.00584834j -0.0086232-0.00278048j 0.00490953-0.00641786j -0.00167897-1.47353e-05j 0.0105202-0.00404418j 0.00275674-0.00551801j 0.000300115-0.00355262j -0.00153534-0.00571928j -0.0018363+0.00692952j -0.00575043-0.00110436j 0.0034415-0.00281753j 0.0019549+0.00491249j -0.0017742-0.000343893j 0.000634912+0.00343855j 0.00720083+0.00118708j 0.00207168+0.00278938j -0.00550522+0.00138411j 0.00514523+0.00325422j 0.00204691-0.00112733j 
-0.00447273-0.000769285j 0.0027908-0.00110507j -0.00127244+0.000967935j 0.00276393+0.00149999j 0.000636213+0.0038763j -0.00313192+0.0016048j -0.000510858-0.00110517j 0.00203964+0.000886952j 0.00144865+0.000836682j -0.00181603+0.00294186j 0.00065439+0.00699845j 0.00307035-0.00126709j 0.00186851-0.000391309j 0.00382251+0.00154822j 0.000624064-0.00478858j 0.0061754+0.00480766j -0.00506429+0.000629366j 0.00188867-0.00118415j -0.000781856+0.000394458j 0.00170009-0.00400883j -0.000806607-0.00280102j 0.00216761-0.00521264j 0.00261613-0.00229933j -0.00515787+0.00303023j 0.00632497-0.00372687j -0.00547162+0.00130256j -0.00345487-0.00859689j -0.0073581-0.00175063j -0.000343622-0.000192108j 0.00544688+0.00662447j -0.00302976-0.00771553j 0.00166137-0.00316099j 0.00411373+0.00307974j -5.27263e-05-0.00082457j -0.00180161-0.00767111j 7.69526e-05+0.019099j 0.010482+0.00530232j -0.00854508-0.00412665j 0.00515965-0.000130986j 0.0102849+0.0110652j 0.000207277+0.000290247j -0.000266187-0.00822495j 0.00909084-0.00304343j 0.000158852-0.00201655j 0.00285915+0.00147152j 0.0162814+0.00774761j 0.00529906-0.00335766j 0.014508+0.00589115j 0.00113943+0.0014136j 0.00615952-0.00585697j 0.00967406+0.00429319j 0.00172817-0.00209327j -0.00970995-0.00472409j 0.00200383+0.00561566j 0.00131833+0.00652064j 0.00765476+0.00357859j 0.00254328+0.00513066j 0.00250864+0.00627781j 0.00566018+0.00764848j -0.0019401+0.00710796j 0.00180116+6.77968e-05j -0.00359342+0.00184258j 0.0113877+0.014796j 0.00322331-0.00760797j -0.00850604+0.00581649j -0.00652144-0.00359367j -0.00334101-0.000986656j 0.00118306-0.00035352j 0.00688682+0.0167856j -0.000754246+0.0089161j -0.00466184-0.00133864j -0.0108653+0.00515252j -0.00122332-0.00126054j -0.00134618-0.00306172j -0.000633375+0.0023487j -0.00191593+0.00796581j 0.00377674+0.00758345j 0.00884765-0.00322517j 0.00121357-0.00108943j 0.00574783+0.00378068j 0.00151716-0.00494248j -0.00348146-0.000302612j -0.00372801+0.00272113j -0.0040386+0.00376322j 0.00698927+0.00669578j 0.00204077+0.000505828j -0.00372169-0.00209575j 0.000620232-0.00761306j 0.0132723+0.00659223j 0.00403116-0.00141641j -0.0034974-0.00707102j 0.000856592-0.00263025j 0.00166825+0.0038175j -0.00407267-0.00487379j -0.00261818+0.000313109j 
0.00551501+0.00177843j -0.0039521+0.00291688j 0.00437443+0.000756598j -0.00427568+0.00278137j 0.00405869+0.00110479j -0.00451081+0.00505057j -0.00170054+0.000573211j -0.0024822+7.62169e-06j -0.00138027+0.00206886j -0.00128289+0.00540543j 0.00024784+0.00455187j 0.00428103+0.000858262j -0.00914027-0.00113495j -0.000172447+0.00591637j -0.00156917+0.00811671j -0.00618964-0.00532098j -0.00466243-0.00510793j 0.00645283-0.000737446j 0.0072337+0.00264992j -0.00289155-0.000813001j -0.00880565+0.00138095j -0.00324517+0.00510017j -0.00957158+0.0100889j 0.00741525-0.0062581j -0.000603261-0.00291687j -0.00449676-0.00226218j 0.000669095+0.0125601j 0.00173894-0.00217058j -0.00499443-0.00445862j -0.000771132-0.00314782j 0.00489109+0.00718501j 0.000692619+0.00360857j 0.00639373-0.00768435j -0.0059559+0.00284772j 0.00512446+0.0110002j 0.00931693-0.0104345j 0.00183647-0.00446684j -0.00161423-0.0016348j 0.00546978+0.00513641j -0.00847552-0.00845953j -9.12939e-05-0.00207908j 0.00277557-0.000148423j -0.0151777-0.000506599j -0.00429507+0.0150748j 0.0053405-0.00362133j -0.000112574-0.00126807j -0.00574325-0.00598514j -0.00582597-0.0127469j 0.0055202-0.000214736j 0.00376265-0.00800902j 0.00380031+0.00463773j 0.000262418-0.00549012j 0.00347069-0.00598211j 0.00468839-0.00740543j -0.00219386-0.00741116j 0.00599999-0.00181742j -0.00454572-0.0010164j 0.00675945+0.00764334j 0.00362757-0.0134954j 0.00617712-0.00568564j 0.0168581+0.0134639j -0.000542133+0.00727437j -0.000270294+0.0036682j -0.00499355-0.0124655j 0.0087124+0.00408281j 0.00331273-0.00539796j 0.000995142+0.00911913j 0.00314714-0.00212949j 0.00744641+0.013173j -0.00697998+0.00314046j -0.0013063-0.00262141j -0.00585796+0.00311783j 0.00201125-0.00320479j -0.00254258+0.00225559j 0.012339+0.0111619j -0.000289089+0.00501435j 0.00335489-0.0018815j 0.00707969+0.00130429j 0.00358216+0.00322118j 0.00984415+0.005462j 0.0030487-0.00573787j 0.00302576+0.00755694j -0.00376825-0.0068568j 0.00663195+0.00178244j 0.000749953+0.00108918j -2.33349e-05+0.000248867j 0.00091529+0.00162923j 0.00176903-0.00166873j 0.0040584+0.00161559j -0.00201548+0.00392828j -0.00331876+0.00122866j -0.00510199-0.00181641j 0.00149125+0.00041941j -0.00723888-0.00270409j -0.00368799+0.00041293j 
0.000438568-0.00132185j 0.00121182+0.000431745j -0.00302873+0.00161795j -0.00425982+0.00264188j 9.19883e-05-0.00304619j -0.00175691+0.00297211j -0.00200984+0.00161822j 0.000615422+0.00200992j -0.00436973-0.00164923j -0.000672327-0.005847j 0.00334099-0.0017602j 0.00176054+0.00156148j 0.00874241-0.000305954j -0.00115913+0.0040623j 0.00252073+0.00689356j -0.00268749-0.0022378j 0.00164586-0.000309077j -0.00808831+1.61226e-05j -0.00696013-0.00671575j 0.00511064-0.00169608j 0.00101832-0.00207794j 0.00231446-0.00327887j 0.0019832-0.00562319j -0.00190285+0.00134631j -0.0042533+0.00298354j 0.00626852-0.00371053j 0.00503485+0.00243399j -0.000777742+0.00548483j 0.00233739+0.000990121j 0.00412408+0.00382499j -0.00471895+6.04681e-05j -0.0054954-0.0007299j -0.00641331-0.00359625j 0.00949621-0.00321913j -0.00436564-0.00641639j 0.00874666+0.000898628j -0.00663196-0.00737314j -0.00212162+0.00886769j -0.00510246+0.00802955j 0.00824913+0.00212304j -0.00385116+0.00398214j -0.0106328-0.00449989j -0.000663077+0.00527438j 0.0122-0.00229174j 0.00730107+0.00187661j -0.00421821+0.0020148j -0.00318321+0.00481811j -0.00258507-0.00176228j 0.00242887+0.00273224j -0.0141638+0.00315253j 0.00371809+0.00348044j 0.00284906-0.0043886j -0.0106024-0.000243314j 0.0105575+0.00104071j -0.00615927+0.00306966j -0.00214278+0.00139245j 0.00299671-0.00284897j 0.011924-0.00131065j -0.002407-0.0035261j -0.000520218-0.000580206j 0.000747304-0.00491169j 0.00639919-0.00302851j 0.00842905+0.0060204j 5.80877e-05-0.00207131j -0.00379569+0.00706383j -0.00151108-0.0103332j 0.000573388+0.000250861j -0.00118828-0.00789827j -0.0022505-0.00785832j 0.0138727-0.000904616j -0.0018756+0.0044133j -0.000421751-0.00183215j 0.00268582+0.00135257j -0.00299125+0.00353885j 0.00495088+0.000735994j -0.00362889-0.00343974j 0.00168138+0.00838607j 0.00178856+0.00309231j 0.000259595+0.000374618j -0.000255014+0.00852652j -0.00060705+0.00273195j -0.00574825+0.00257137j 0.00388788-0.00442847j 0.00137068-0.00191921j -0.000770302+0.000206441j -0.00368062-0.00114341j -9.64735e-05+0.00120404j -0.00607024-0.00268518j 0.00154408-0.00159147j -0.000858786+0.00377635j -0.00165088+3.22619e-05j -0.006655-0.0031449j 0.00166472+0.00179276j -0.00348865-0.000532053j 0.00104354+0.00247854j 
-0.0011138+0.000917897j -0.00200798-0.00198085j 0.000719128+0.00265676j -0.000147938-0.00134864j -0.00243175+0.00295293j 0.000392549-0.000962852j 0.000727287-0.00175335j 0.0010631+0.00116795j 0.00261322-0.000571665j 0.00119462+0.000112086j -0.000710578-0.00258798j 0.00215419+0.00118056j -0.00278857+0.000889721j -0.00190543-0.000748547j -0.00109505-0.00198208j 0.00308409-0.00427361j 0.00407262+0.00120512j 0.000720438-0.00219353j -0.00317412-0.0010036j -0.000968486-0.00223605j -0.00621009+0.000646402j 0.000110054+0.000379423j -0.000921764-0.00509289j -0.000416769-0.00338678j -0.000509778+0.00113427j -0.00615127-0.00446007j 0.00431172-0.00252002j 0.0021775-0.00131085j -0.00592825-0.00433609j -0.00312651-0.000124494j 0.00826526-0.00125326j 0.00263056-0.00153286j 0.00963799+0.0161944j 0.00499772+0.00199876j 0.00077876+0.00484853j 0.000412193-0.00260921j -0.00874311+0.00183656j -0.00277772+0.000929071j -0.00234197-0.00465628j 0.00850457-0.00344746j 0.00123504+0.00242903j -0.00927294-0.00347518j 0.00451294+0.000841169j -0.000358504+0.00488742j 0.00543586-0.0021045j -0.00556105+0.00825848j 0.00848365+0.00374905j 0.000784243+0.0135635j -0.00336492+0.00603995j -0.000875096+0.00402162j 0.00760068+0.00651904j -0.00555687+0.0146198j -0.00541014-0.00318408j -0.00317635-0.00112618j -0.00236932+0.00301528j -0.0046977+0.00219602j -0.00311793+0.00767978j -0.0135525+0.0123053j -0.00508863+0.0114733j 0.00981916-0.0132811j -0.00958667+0.00619639j -0.018439+0.0114325j -0.00885719+0.00505793j 0.0121401+0.0027126j -0.0041851+0.000924432j -0.00344301-0.0033914j 0.00297783-0.00414217j -0.00762664+0.00223372j -0.00166889-0.00419813j -0.000890762-0.00460777j 0.0062758-0.00255812j -0.00753762-0.0112961j 0.0055684+0.000778796j 0.00286144+0.00542073j 0.00756117-0.000534006j 0.00412854-0.00532151j 0.000952965+0.00268853j -0.0057143-0.00090737j -0.00198413-0.00184877j -0.00204429+0.00555557j -0.0027391+0.00727496j -0.00404712-0.0073522j -0.00257348+0.00573281j -0.0014567-0.00373919j 0.00684945-0.00303975j 0.00234914+0.00451581j 0.0027367-0.00140907j -0.00377465+0.00825647j -0.00139578+0.00460846j 0.00105697+0.00179755j -0.000307722+0.00102288j 0.000824291-0.00328328j 0.00640301-0.00332933j 0.00364999-0.000440178j -0.000110028-0.00153074j 
-0.00297166-0.00346631j 0.000298469+0.00246524j 0.000719497+0.00224248j -0.00425815-0.000572567j 0.00377019-0.00507299j -0.00533676-0.00199775j 0.00283367+0.000491677j -0.0033334-0.00582607j -0.004713-0.00380473j 0.00482985-0.00226923j 0.00307658+0.000816623j 0.00422496-0.00501677j 0.00142246-0.00109927j -9.77554e-05-0.00724958j 0.000465665+0.000613941j -0.00486201+0.0043133j -0.000120894+0.000707016j -0.00124149-0.00418815j 0.00222246-0.00175496j 0.000959386-0.00104832j -0.00509073-0.00119793j -0.00512417+0.00151571j 0.00116988+0.00967112j -0.00265975+0.00294422j -0.000893581+0.00532427j -0.00176055+0.000819175j -0.0064295-0.00550781j -0.00395632-0.00270948j 0.00299181+0.00584645j -0.00221181+0.00366912j -0.000173088+0.00445941j 0.00362921-0.00116614j 0.00509434-0.00212739j -0.00241938+0.00506106j -0.00642+0.00551204j 0.0106302-0.0108281j -0.000356311+0.00434373j -0.00374781-0.00486188j -0.0107818+0.00592428j -0.00355357-0.00899803j -0.00230194-0.0131139j 0.00964535+0.0129106j -0.00963546-0.0020242j 0.000543004-0.00433803j 0.00619723-0.00541456j 0.00820791+0.000481407j 0.00168884+0.00441803j 0.00435016-0.00089036j 0.00413046-0.00784286j -0.00783384-0.00192401j 0.00886922+0.00160852j 0.00176272-0.00226173j -0.0011421-0.0060155j 0.0035669+0.0054248j 0.000530849-0.00228669j -0.00140926-0.000498629j -0.00634317-0.000648825j 0.000829224+0.00114573j -0.0114229+0.00652628j -0.00306085+0.00118805j 0.00364507+0.00452344j -0.00738242-0.00823152j -0.00579758-0.00111365j 0.00206412+0.00220744j -0.0168986-0.00112092j 0.00303484-0.00629305j 0.00191505-0.00539839j -0.00493665+0.000785685j -0.00278614+0.0046115j -0.0114186+0.00263879j -0.00684706-0.00104711j -0.00889412+0.00149828j 0.00951266+0.00952609j 0.00242621+0.00452577j -0.00775072-0.00534488j 0.00563007-0.00720823j -0.00326775-0.00393986j -0.000580011+0.00658711j -0.00264655-0.0010255j 0.00171007-0.00326238j -0.00207388+0.00397314j -0.00720223+0.00106798j 0.00725533+0.00476874j 0.0106361-0.00484683j -0.00429539-0.000570195j -0.00429068-0.00438445j -0.00304078+0.00423878j 0.00223384-0.00272851j -0.000136572+0.00801053j 0.00799927+0.00068946j -0.00220747-0.00410972j 0.00457517+0.00986462j 0.0024879+0.00725296j 0.00169197-0.00141536j -0.00254388+0.00022664j 
0.00484529-0.00176031j -0.0030865+0.00363946j 0.00178582+0.000130065j -0.00162178+0.00418418j 0.00364999-0.00593294j 0.00886725+0.00765959j 0.000646668-0.000551742j 0.00318025+0.00267755j -0.000270536+0.00397066j -0.000658627-0.00130936j 0.0031527+0.00085122j -0.00169965-0.00459228j 0.00389014-9.83988e-05j 0.00137056-0.000503165j -0.00377773+0.0105074j 0.00197301-0.00787696j -0.0035529-0.0115286j -0.00323527-0.0039293j -0.00556793-0.00597095j 0.000580346+0.00530623j -0.00118401+0.00729949j 0.00689445+0.00569945j 0.00105384+0.00522347j 0.00690703+0.00428506j -0.00529641-0.000284261j -0.00184399+0.00214018j -0.00114879+0.0041861j -0.00088668-0.0102482j -0.00279097-0.00288407j -0.00872736-0.00213139j 0.000917551+0.00428799j 7.08265e-06+0.0143573j 0.00126534-0.010882j -0.00647049-0.00494162j 0.00638675-0.000869157j 0.00128547-0.00322916j -0.00796497+0.00428051j 0.0084731-0.000663506j -0.00688131+0.00272998j -0.00641883+0.0036977j -0.00805488-0.00170663j 0.00188154-0.00248001j -0.00377171+0.0110648j 0.0027807+0.00291429j -0.00170882-0.0018131j -0.00789243+0.00360487j -0.00516491+0.0171376j 0.00841008+0.00146576j 0.0116519-0.00245094j 0.00811016+0.00443301j -0.0003327+0.00683699j 0.00790554+0.00559379j 0.00143565-0.00109149j 0.0060208-0.00247007j 0.000353979-0.0012554j -0.00279549+0.00232818j -0.00115872-0.00068762j -0.0067797-0.0012324j -0.0196235+0.00822723j 0.0171602-0.00438186j 0.00905447+0.0101481j 0.00534082-0.00951005j 0.00372179+0.0193459j -0.0011294+0.00222763j 0.000226412-0.00740169j 0.00525615-0.00459517j 0.00904969+0.00969562j 0.0105166-0.0117521j 0.00821432+0.00964999j -0.000530183+0.00617831j 0.00631642-0.00489326j -0.00732512-0.00128838j -0.0051674+0.0044076j 0.00188062-0.00103222j 0.010015+0.00461045j -0.000910295-0.00132978j 0.00182922+0.00653527j 0.00407595-0.00236797j 0.00813131+0.00453333j 0.00299827+0.00392486j -0.00822301+0.000437783j 6.64736e-05+0.00836067j -0.00374542-0.00179852j 0.000447001-0.00236042j 0.00240633-0.00790851j 0.00223286-0.00389047j -0.00708618+0.000505535j -0.0102459-0.00218165j -0.000387241-0.00284726j -0.00500308-0.00656976j -0.00716798+0.00312966j -0.00268558-0.00590827j 0.00134573-0.00223093j -0.00176946-0.00108329j 0.00296372+0.00513315j 
-0.00456185+0.00257855j -0.00149091-0.000363416j -0.000104266+0.00280457j -0.00578574+0.00140652j -0.00509294-0.00124545j -0.00405058-0.0011244j -0.00161902-0.00324419j -0.00134709-0.00124788j -0.00278194+0.000643831j -0.00266738+0.000680079j -0.00142272-0.00231638j -0.000161645-0.000456354j -0.00509196-0.00233604j 0.000204724+0.000914118j -0.00109371-0.000829025j -0.00316251+0.00342239j 0.00409991-0.00395433j -0.00122486+0.00195299j -0.00230324+0.00278551j 0.00129079+0.000712372j -0.00022824-0.00907477j 0.00253073+0.00069564j 0.000583629+0.00334318j 0.00202904+0.00493243j -0.00606069+0.000332241j -0.000411835+0.00162041j 0.00384476+0.00820884j -0.00130514+0.00465102j 0.00181836+0.00352542j 0.00216353-0.000918398j 0.00603922+0.00119625j -0.000550845-0.0012524j 0.004925-0.00138406j -0.00197593-0.00375583j 0.00228882+0.00261566j 0.0110026+0.00619646j -0.00102642-0.0066911j -8.79805e-05+0.00568436j -0.00293194-0.00586802j -0.00206296+0.00999347j -0.0114712-0.00304854j 0.00303636+0.010497j -0.00277467-0.00624568j -0.00817039-0.00184525j 0.0025974-0.00214741j -0.00137988-0.0102792j -0.00339273-0.0108959j 0.00779694-0.0121655j -0.00903517-0.00380352j 0.00286663+0.000656654j 0.00329678+0.00290143j 0.0106449-0.0177831j 0.00528553+0.0013087j -0.00433653-0.00940797j 0.000734991-0.00238411j -0.0013498+0.00335136j -0.00299899-0.00682486j 0.0155795-0.0143589j 0.00546174-0.0168083j -0.0129403+0.00838622j 0.00295576+0.00753139j 0.0129235-0.0273985j 0.00465747-0.0164947j -0.0035215-0.00516167j 0.00788514-0.00180179j 0.00908606-0.000801456j -0.00811733+0.00406203j 0.0143746-0.00343965j 0.00601098-0.00671726j -0.00431602+0.00620142j -5.78545e-05+0.00208821j 0.00471491+0.00134145j 0.00340917-4.91657e-05j -0.00078934+0.00338243j -0.00658625+0.00423017j -0.00212644+0.00440427j -0.000956658+0.00382525j 0.00139857+0.0004855j 0.000561876-0.00917749j -0.00422412+0.00125756j 0.00825451+0.00460216j -0.00573319+0.00515859j 0.00565121+0.00180118j 0.00576974-0.00227942j -0.000160368-0.00521925j 1.76237e-05+0.000400363j -0.0036512-0.00119682j -0.000939374+0.00412891j 0.00365389-0.00463994j -0.000695959+0.0017794j 0.000614548-0.00123491j 0.00457719-0.000453902j -0.00101983-8.7001e-05j 0.00595037+0.00253666j 0.00131776-0.00363538j 
0.000483759+0.00180534j 0.0038185-0.000897318j -0.00383942-0.00165298j -0.00233237+0.00122025j -0.000293508+0.0029494j -0.00413762-0.00278934j -0.000584982+0.000253531j -0.00102487+0.00476627j 0.00166217-0.000847683j 0.00164607+0.000113889j 0.00360207+0.0015781j 0.00226704-0.00147042j 0.000677724+0.00239554j -0.0036461+0.00130937j 0.00027524-0.00111058j 0.000720415+0.000775619j -0.001854+0.000587498j -0.00337683-0.00351051j 0.000532982+0.00494057j 0.0017331-0.00774032j 0.000906556+0.00106682j 0.00271303+0.000420308j 0.00642264+0.00124498j 0.00249912+0.000637077j -0.00285602-0.00333825j -0.00194489-0.00566925j 0.00777276-0.00323004j -0.00227372+0.000980977j 0.00587311-0.000116038j 0.00489353-0.00484198j 0.00416115-0.00365139j -0.00398964+0.00111888j -0.00651119+0.00245728j 0.00747318-0.00460647j -0.00677942-0.00449822j -0.00458872-0.0107422j -0.00282191+0.00269318j -0.00518725-0.00190355j 0.00392725+0.000785313j -0.000336026-0.00110096j -0.00310336-0.00942307j 0.0020316+0.00688533j 0.00179147+0.00585823j -0.00350493-0.00742133j 0.00371621-0.00103981j -0.00406526+0.000138775j -0.00298723+0.00533673j -0.0120372+0.0125155j 0.00162531+0.00441509j -0.00102102+0.0120727j -0.00579123-0.00165483j 0.00147735+0.0113323j -0.00958229-0.00766621j -0.000433896-0.000975684j 0.000473694+0.000103742j 0.0113971-0.00870014j -0.00949077+0.00382428j 0.00784886-0.00459375j -0.00290409+0.000496397j 0.00645447+0.0153145j 0.00637325-0.00189343j -0.00888178-0.00283203j -0.00416676+0.00274282j -0.00328804+1.33396e-06j -0.00532949-0.0157657j -0.00155746-0.00248472j -0.00222366-0.000803265j -0.00161686+0.00630328j 4.08977e-05+0.00677449j 0.00790643+6.04819e-05j -0.00520138-0.000148216j 0.00281444-0.000422171j -0.00937401-0.000136503j 0.0030954-0.00860665j -0.00513588+0.00601849j 0.0015283+0.00161008j -0.00557386+0.00130525j 0.0153572+0.00123741j -0.0010439+0.00453368j 0.000284434-0.00182176j 0.00461427-0.00115451j -9.43923e-05+0.00218734j -0.00203299+0.000401065j 0.00465262-0.00489084j 0.000725521+0.00102584j 0.00141805+0.00370438j 0.00559334+0.000907447j -0.00243815-0.00258289j 0.00238419-0.000290115j 0.00304386-0.00116745j -5.41144e-05-0.00505133j 0.00214635+0.00214055j -0.00334072+0.00519997j 0.000302879-0.00296831j -0.00177775+0.00185452j 
0.000661215-0.00129328j -0.00226277-0.000489068j -0.00294338+0.000232544j -0.00135185-0.00406803j 0.00140737-0.000943073j -5.58617e-05-0.00359284j 0.00271483-0.0027763j -0.003134-0.00496161j 0.00109281+0.00281575j -0.00226003-0.00300101j -0.00401104-0.00398443j -0.000175559+0.000531828j 0.00438055-0.00374679j -0.000523556-0.00777083j -0.00116426+0.000797833j -0.00284848-0.000472715j 0.00200788+0.00264188j -0.00399689-0.00325325j 0.00100959+0.00113289j -0.00134989-0.00113389j 0.00983435-0.000910441j 0.000299759-0.00235053j -0.00244761-0.0011512j 0.00392273+0.00390057j -0.00823314-0.00159374j -0.00116026+0.00588969j -0.00447368-0.000791357j 0.000800804+0.00237118j 0.00137075-0.00275701j -0.00233948-0.00278017j -0.00561253-0.00402077j -0.00102159+0.00108912j 0.00537799+0.00742539j -0.0118303+0.00833642j 0.00438139-0.00721912j -0.00340238+0.00395072j -0.00447274+0.00320628j -0.000475316-0.00355811j -0.00113079+0.00146066j -0.00244915+0.0012645j 0.00644901-0.0108745j -0.00891388+0.00264036j 0.00766304+0.00379046j -0.0024029+0.00463513j -0.0203668-0.000338973j -0.00632791+0.00165409j -8.14352e-05+0.00224144j 0.00162193+0.000532685j -0.00805372+0.00284915j 0.00379245+0.000605782j -0.00358403-0.00546398j -0.0120356-0.00635495j -0.0138966-0.00980725j -0.00477116+0.0068449j 0.00145642+0.00114234j -0.00290486+0.00854905j -0.000221996+0.00682224j 0.0019976+0.0109981j 0.00739691+0.0176217j -0.00637238+0.0015732j -0.00165596+0.0099195j 0.00863644-0.00194424j 0.00201359-0.00533909j -0.0117996+0.00625077j 0.00805904+0.00490314j 0.0077406+0.00129877j -0.0067911-0.0103173j 0.00955162+0.00170908j 0.0134846-0.00873954j -0.00329332+0.00488831j 0.00510162+0.00402214j -0.00441709-0.00177663j 0.00212992+0.00853445j 0.000419339+0.000119495j 0.000496957-0.00138789j 0.00504306-0.00722543j -0.000585416+0.003412j 0.0101712+0.0135947j 0.00164085+0.00061049j -0.0027004-0.00752451j -0.0022942+0.00192149j 0.00344915+0.00541048j 0.000524896-0.00102687j -0.00332941+0.00431055j 0.00364131-4.63975e-06j -0.000540959+0.00707525j -0.00238248+0.000130595j -0.00732045-0.00579699j 0.00397128-0.0034173j 0.00267195+0.00106146j -0.00404428+0.00156877j 0.00234869-0.00330835j 0.00159839+0.00404025j 0.000186052-0.00131303j -0.00484953-0.00389268j 
0.00367778-0.000350637j -0.00459753-0.00233611j 0.00213096+0.00275143j 0.0014177-0.00163898j 0.00259724+0.0022023j 0.00211165+0.000448529j 0.00149775+0.000164851j -0.00296799+0.000365475j -0.00166893-0.000801006j 0.00217487+0.00151518j -0.000456693-0.00132988j 0.000824189+0.00287144j 0.000923046-0.00179758j 0.00231438+0.000545004j 0.000496229+0.000931761j -0.00317428-0.00141974j -0.00321814-0.00318686j 0.00341336+0.00289935j 0.00318174+0.000106432j -0.002143+0.000751173j 0.00521173-0.00371438j 0.00387585-0.00812215j -0.00261015+0.00911786j -0.000443325+0.00359543j -0.00146163-0.00285561j 0.0014565+0.00123308j -0.00449206+0.00195913j -0.00186667+0.0151131j -0.00529-0.00103599j -0.00463359+0.00059344j 0.00312716+0.00484888j 0.00294358-0.000655112j 0.00241693-0.0092981j -0.00251539+0.00813986j 0.00054322+0.00331906j -0.00142618+0.0058129j -0.00389257-0.0048983j 0.0063476-0.00894004j 0.00107588-0.00188963j -0.000688535+0.0088536j 0.00171158+0.00691524j -0.00420876-0.00048215j -0.00589691-0.000914501j 0.0108725+0.00515474j -0.00412075+0.0043101j -0.011923-0.00218293j -0.00236883+0.00528144j -0.00144518-0.00284545j -0.0015131+0.000892706j -0.0046744-0.00527217j 0.004491+0.00546471j -0.00362429-0.00126825j 0.00129388-0.00309321j -0.00732049-0.00397626j -5.98199e-05+0.00684925j -0.00619355+0.0158933j -0.00358863-0.00654109j -0.00171441-0.00256213j -0.00113739+0.00855546j 0.0103073-0.000397173j -0.00882705+0.00126278j -0.0005276+0.00743674j 0.00109942-0.0101486j 0.00388826-0.00173244j -0.00298679+0.00120171j -0.00531934+0.0040301j -0.0016224-0.00533329j 0.00093751-0.00894681j 0.00404791+0.00122475j -0.00343473+0.00668867j 0.0031723-0.00209662j 0.00343687+0.00354933j 0.00172011+0.00980662j -0.00329199-0.000151244j 0.00935998+0.00993302j -0.00417455-0.000288867j -0.000967412+0.00457316j 0.00289687+0.00346394j 0.00320935-0.00880909j 0.00101288-0.00184809j -0.00142053-0.00489836j -0.00140576-0.000161434j 0.000333433-0.0038103j -0.004878-0.00242743j -0.00087784-0.000677278j -0.00184473-0.004736j -0.00130494+0.00367255j -0.00240549+0.0019992j -0.00332692-0.0013176j -0.00507874+0.00336209j 0.000979473-0.00322985j -0.00132728+0.00162997j 0.003063+0.000687304j -0.000890534-0.000689204j 0.00503895-0.0027377j 
-0.00295326-0.00320432j 0.00237192+0.00167843j 0.00125428+0.00338828j 0.000996547+0.000565586j -0.00572171-0.00165807j 0.00198273+0.000475198j 0.00232726-0.00114854j 0.00092963+0.00120432j 0.00029066-0.00162241j -0.000933684-0.00590727j -0.00105393-0.00142334j 0.00370409-8.18313e-05j -0.00368963+0.00187626j 0.00425466+0.00997303j 0.00286029+0.00476435j 0.00131772+0.000960176j 0.00132706-0.000809088j 0.00374-0.00509084j -0.0030397-0.001227j -0.000470623+0.00126166j 0.00134722-0.00124703j 0.00395834+0.00723289j 0.00716566-0.00103019j 0.00259244+2.29534e-05j 0.000751712+0.00268373j -0.00152484-0.00165909j -0.00186811+0.00504851j 0.00226371-0.000590628j -0.00171777-0.000861958j 0.000500318-0.00393133j -0.00160122+0.00463734j -0.00139921+0.000552499j -0.000314722+0.00410405j 0.00490047+0.00191436j -0.00644983-0.00357493j 0.00757189-0.00830165j -0.0013295-0.00486697j -0.00239361-0.00638848j -0.00651808+0.00040668j 0.00245062+0.00361678j 0.00121461-0.00418287j 0.00468232-0.00682619j 0.0114176+0.0133173j 0.00417714-0.00660399j -0.00340356+0.00484353j -0.012901-0.00568173j 0.00258494+0.00209755j 0.0074673-0.00595407j 0.00199452+0.00345217j -0.0105349-0.00807256j -0.00305392-0.00571167j 0.00136119-0.00963454j 5.96885e-05-0.0143322j 0.00715256+0.000312371j 0.00606351-0.0139153j 0.0126447-0.0127567j -0.00618559+8.44368e-05j 0.00105022+0.0023267j 0.00660404-9.80187e-05j -0.00809397-0.0130588j -0.0110125-0.00748537j 0.0172658+0.00531998j -0.00135521+0.00691108j 0.00702791+0.0118016j -0.00771131-0.00267002j -0.00300287-0.00124665j 0.00271836-0.00964686j 0.0107782+0.00462309j 0.00140816-0.00904983j 0.00931788-0.00055865j 0.00171301+0.0123556j -0.00310724-0.00451212j 0.0126871-0.000676172j 0.00167424-0.00359961j -0.00398275+0.0157559j 0.0104117-0.000393894j 0.00253871-0.00370595j -0.00372317+0.0067194j 0.00268975+0.00185767j 0.00243996+0.00405803j -0.0042602-0.00172066j -0.00110359-0.000723313j -0.00675737-0.00444383j -0.00794975-0.00100856j 0.00637173+0.000623369j -0.0060645+0.00218871j -0.00309798+0.00414575j -0.00517486-0.00583784j -0.00741627-0.00012944j -0.00148542+0.00407889j 0.00980808-0.00411317j 0.00366305-0.0028157j 0.00577826+0.00186323j -0.000263678+0.00237568j 0.00505684-0.00242765j 
-0.00383712+0.000633725j 0.00060822+0.0027707j 0.00531391-0.000559006j 0.00228515-0.00168316j -0.00136794-0.0012123j -0.00237783+0.000430405j 0.00214892-0.00203761j 0.00425286+0.000599269j -0.00635853+0.00137389j -0.00155732-0.00213738j 0.00216181-0.000239025j 0.0023774+0.00291486j -0.00494283+0.00246745j -0.00191693+0.000648281j -0.00202442-0.00302622j -0.00184426-0.00082389j -0.000922815-0.000692531j -0.00234644-0.00864353j -0.00239907+0.000730715j -0.0029314+0.00177483j -0.00201199+0.00253781j 0.000551182+0.000612964j 0.0106619+0.000450189j -0.000538347-0.000588862j 0.00599564-0.00265296j 0.00735269-0.00226178j -0.00177808+0.00620507j 0.00555141-0.00669912j -0.00289894+0.00260531j 0.00238524-0.00380553j -0.000363749-0.00273707j 0.00418248-0.00373901j -0.00309943+0.000775678j -0.00330369-0.00170117j -0.00300397-0.00359375j -0.00395905+0.000839857j 0.0046376-0.00353056j 0.00152972+0.00407138j 0.00648018+0.00224963j -0.00176317-0.0057327j 0.00173415-0.00519544j -0.00468781+0.00113701j -0.000861657+0.000572729j 0.00602775-0.00842166j -0.00664207+0.00861416j -0.000454548+0.0049194j 0.0081321-0.00890895j -0.00297936-0.00539103j 0.0126883+0.00263906j -0.00967147+0.0116605j -0.00033879-0.000263063j 0.00770598-0.00160905j 0.00101783+0.0104438j 0.00726199-0.0126839j 0.00220103-0.00299424j 0.00535156+0.00862856j -0.00379696-0.00591514j -0.00565968-0.00105852j -0.00796085-0.00125354j 0.00312676+0.00134556j -0.0054178+0.00331561j 0.000547461-0.0069584j 0.00389608-0.00175056j 0.00119035+0.00290531j -0.00501725-0.00636519j -0.0125835+0.00722234j 0.00428318+0.00264482j -0.00154955+0.00584108j -0.000615628-0.00660908j -0.000300387+0.00568752j 0.00277774-0.00516073j -0.00994973+0.00772757j 0.011704-0.00853278j -0.011529+0.00411679j -0.00568952+0.000467624j -0.00699516+0.00149472j -0.00309129+0.00377034j 0.00780155+0.00331622j 0.00695375-0.00277323j -0.000771735-0.00636224j -0.00734262+0.000510902j -0.00559135-0.00223959j -0.00353902-0.00219648j -0.00345249+0.00124829j 0.00647882-0.00343776j 0.00167034+0.00182044j 0.00396322-0.00526203j -0.000160702-0.00298894j 0.00118882-0.00340533j -0.00919874-0.00193665j -0.00311952+0.0040113j 0.00301754-0.00165966j -0.000643902-0.00444126j -0.00239003+0.00555293j -0.000400361+0.000321879j 
-0.00198582+0.00382735j 0.00429997-0.00377909j -0.00151865+0.000710432j -0.000707468-0.000140079j -0.00114568+0.00353701j -0.00438151-0.00178248j -0.00165816+0.00221255j 0.00230835-0.000755311j -9.31851e-05-0.00370541j -0.00116873-0.00114401j -0.00177648-0.00433199j 0.00518119+0.00195205j -0.00529775+0.000764413j 0.00133989-0.00219018j -0.00583762-0.00749343j 0.00248483+0.000876929j -0.00234869+0.00241985j -0.0042817-0.00159233j 0.00286773+0.00274424j 0.00238558-0.00725787j -0.00272958-0.00168012j 0.00550167+0.00110145j 0.00209214-0.00187799j 0.00435847+0.00138274j -0.00498431-0.00216196j -0.00342785+0.00670826j 0.00173924-0.00154933j 0.000390616+0.00800872j 0.00052099+0.000347939j -0.00102837-0.00569042j 0.00755624+0.00492105j 5.79286e-06-0.00223543j 0.000795493-6.52372e-05j 0.00142033+0.00275048j -0.00452663-0.00202701j 0.00120826-0.000949291j 0.000642563-0.00106795j -0.00967908-0.00584114j 0.00184118+0.00406988j 0.00123121+0.00331167j -0.00599211-0.00508023j -0.00223681-0.00508191j 0.00362814-0.00885026j 0.00239837+0.00641137j 0.0113796-0.00554972j 0.00301657+0.00875837j -0.00191699+0.00704332j 0.00550166+0.00845066j -0.00217487+0.00877061j -0.00698152+0.0167565j 0.00906849+0.00676136j 0.00148386-0.00360881j -0.00206681-0.00410418j -0.00182637-0.00305721j -0.00694837+0.0165009j -0.00215019+0.0115954j -0.00758041+0.00406888j 0.00145378+0.00448521j 0.00811896+0.0107714j 0.000637641-0.00936237j -0.00733268+0.00303356j 0.00715957-0.00286733j 0.00579368+0.00228075j -0.00104941-0.00368747j -0.00143305-0.00772858j 0.00357136+0.000749732j -0.00601814-0.00820449j 0.000313238+0.00687958j 0.00736343-0.00256492j -0.00555829-0.00652591j 0.00226109-0.00556373j 0.00786299-0.000296917j -0.00236534+0.00728921j -0.00355588-0.00153532j -0.00444017+0.00276911j 0.00620022+0.00183361j -0.00200782+0.00168442j -0.000622666+0.000284006j 3.48283e-05-0.00974398j -0.00335368-0.00191474j 0.00395309+0.0019449j -0.00587657+0.00134703j 0.000846371+0.00877597j 0.00755017+0.00376756j 0.000152906+0.0035067j 0.00199976+0.000116846j 0.00762329+0.00971394j -0.00217175+0.00227605j -0.00198405-0.00426826j 0.00544305+0.00468707j 0.00390759-0.00130876j -0.00128255-0.00232988j 0.000847345-0.000274437j 0.00672295+0.0031695j -0.000955554-0.00166749j 
0.00157384+0.000326014j 0.00192394-0.000790641j -0.00149659+0.00184358j -0.00173905-0.00015585j -0.00168864-0.00112661j 0.00623458+0.00242795j 0.00011583-0.000340456j 0.00433588+0.000421035j 0.00132293-0.00238818j 0.00248722-0.00247966j 0.00207495-0.000516428j -0.0015217-0.000842782j -0.000120756-0.000304881j 0.00247624+0.00662779j -0.00356262+0.00329414j 0.00510355+0.000949162j -0.0019922+0.00134293j 9.42899e-06+0.000128143j -0.00488291+0.00096625j -0.000344077+0.00366458j 0.00149104+0.000675988j 0.000423127+0.00172527j 0.00572363+0.00185761j -0.00220348+0.00458103j -0.000686471-0.00018792j 0.00460422+0.000285413j 0.00212727+0.0040161j 0.00446973+0.00582855j -6.61085e-05+0.000492891j 9.05975e-05+0.00184464j -0.00482197+0.00206928j -0.00913554-0.000497111j -0.00560498-0.00764671j -0.000854972-0.0031087j 0.00751417-9.33289e-05j 0.00257615+0.00594318j -0.00530518-0.000160156j 0.00181193-0.000700939j 0.00358024+0.000198581j 0.00269863+0.0037298j -0.00303184-0.0033198j -0.00408444-0.00087726j 0.00750899+0.00752582j -0.00373469+0.00281238j 0.00757529-2.17321e-05j -0.00490885-0.0044253j 0.00243433-0.00715124j -0.00595609+0.00348336j -0.0076808-0.0056678j 0.00374752+0.00166545j 0.000567281-0.000178416j -0.0116603-0.00244846j 0.00542664-0.013197j -0.00238715-0.00651639j 0.00980408+8.82279e-05j 0.00992883-0.00172751j -0.00288422-0.00425883j -0.00155647-0.0070051j 0.00758062+0.00526625j -0.0040475-0.00227151j -0.00464369+0.000486605j -0.0027669+0.00337579j -0.00648924+0.0122423j 0.00625472-0.00666714j -0.000970673+0.00354321j -0.00635001+0.00344242j -0.00458186-0.00480291j 0.00171961+0.00295598j 0.00429581+0.00224545j -0.00018203+0.00408417j 0.00698953+0.00592266j 0.00855545+0.00419694j -0.000501794-0.00343538j 0.00295989-0.00479691j -0.00687272-0.000122936j 0.00291262+0.00256384j 0.00109332+0.00794826j 0.00268198-0.00200228j 0.00195544-0.00298893j -0.00520304+0.00325598j -0.00490902+0.00250526j -0.00579974+0.00296462j 0.0050507+0.00710144j -0.0070131+0.00273345j 0.000156911-0.00313059j -9.28902e-06-0.00196308j -0.00543213-0.000142077j 0.000943196-0.00301853j 0.0047389-0.000419632j -0.000170178-0.00316132j 0.00226813-0.00289022j 0.00277013-0.00159739j 0.00011901-4.165e-05j 0.00143301+0.000203787j 0.00128922+0.00263474j 
0.00311696+0.00066602j 0.00240759-0.00442444j -0.00303684+0.000671351j 0.000545779-0.000687077j -0.00137918+0.00137633j 0.00347828+0.00101879j 0.0007242-0.000646403j -0.000801752+0.00118053j -0.00158115-0.00330312j 0.00111132+0.00100736j -0.00256068-0.00202089j 0.00375931+0.000138266j 0.0065277+0.00416185j -0.00636279-0.00241762j 0.0019732-0.00429963j 7.82858e-06+0.00017403j 0.00160226+0.00495966j 0.00180898-0.00143238j 6.52659e-05+2.21677e-05j 0.0011062-0.0016769j 0.00311568-0.00326625j 0.00493469-0.00321945j 0.00830661-0.00249634j -0.0012234-0.00196294j -0.000571856-0.00207252j -0.00196184+0.0016992j 0.00589793-0.00660489j -0.00618962+0.000876267j -0.00312968-0.00647626j -0.000718506-0.000246107j -0.0042247-0.000230493j 0.00111369+4.25743e-05j -0.00334445-0.00497976j 0.0028449+0.00020389j 0.00098511+0.00610814j 0.00633301-0.00411016j -0.000805463-0.00189184j 0.00704246+0.00547191j -0.0075084-0.00532655j 0.0114044-0.0116477j 0.00358403-0.00646305j -0.00756372-0.00489715j -0.00138674-0.00631176j -0.00162094+0.00497272j 0.00523592+0.00413465j 0.00176543-0.00335401j 0.00279483+0.00727615j 8.32425e-05-0.00931519j -0.00491051-0.00312444j -0.00792059-0.0132403j -0.0019641+0.00698343j 0.00349847+0.0126491j 0.00744724-0.00594835j -0.00636482+0.00579672j -0.00179635-0.0139211j 0.0032502-0.0241709j 0.00192889+0.00505332j 0.00309429-0.00413592j 0.0002346-0.0196202j 0.0175586+0.00551446j 0.0016856+0.00362655j -0.000415879+0.00950231j -0.00577601-0.00536081j 0.00775714-0.00676105j -0.00684518-0.00588631j -0.00066881+0.000471213j -0.00260969+0.00107239j 0.00248751-0.00121425j -0.00293568-0.000729119j 0.0047694+0.0052805j 0.00120967-0.00095276j 0.00244156-0.00507853j 0.000160642+0.00490059j -0.00582493+0.00531137j 0.00499651-0.000968115j 0.00736503-0.00129194j 0.00703926-0.00818483j 0.00717001+0.0032524j 0.00653449+0.002817j 0.00174741+0.00576381j 0.00231223-0.00486269j -0.00251404-0.00548686j -0.00239847+1.14515e-05j -0.00207232-0.00621983j 0.000247011+0.00183029j -4.72023e-05-0.00168074j -0.0021325-0.00463813j -0.00781468-0.00261449j -0.00245265-0.00168185j -0.00426954-0.00207544j 0.000376068-0.00498348j 0.00225795+0.00317251j 0.000358606+0.00591751j -0.000742862-0.00189996j 0.00605295-0.0023286j 
-0.0022267-0.00174736j 0.00130312-0.000425518j -0.00301629-0.00407066j 0.00193668-0.00472911j -0.000544736-0.000122182j -0.00328689-0.00520313j 0.00278652+0.000777756j -0.0018839-0.00071293j 0.0049299-0.000240315j 0.00235158-0.00289147j 0.000362849-0.00570822j -0.00493087+0.00027414j -0.00523377-0.00112868j -3.62226e-05-0.00662977j -0.00170328-0.00632572j -0.00397562+0.00360986j 0.00587444+0.00290881j -0.00340349+0.00183083j 0.000956048+0.0023351j 0.000523343+0.000117152j -0.00308282-0.00181825j 0.000450047-0.00222709j 0.000990216+0.00373059j -0.0012661-0.00118209j 0.0017016+0.000121125j 0.00477187-0.000163568j 0.00241454+0.00120252j 0.00173119+0.0047899j 0.0102822+0.00654615j -0.00639907-0.00377288j -0.000636418-0.00446858j 0.0118974-0.00185396j 0.00444728+0.00080684j 0.000975549+0.00043352j -0.00868111-0.00615158j 0.00284603-0.000814217j 5.46081e-05-0.00587437j 0.000631352-0.00300495j -0.00161389-0.000550222j -0.00168851+0.00231543j 0.00443722+0.00245079j 0.00696505-0.00838948j 0.00521662+0.000846508j -0.00486335-0.00539214j -0.00211672+0.00330934j -0.006004+0.0101782j -0.00214168-0.00206673j -0.00735637-0.00373444j 0.00933899+0.012029j -0.00288999-0.0141334j -0.00841945+0.00301536j -0.00403385+0.00622714j 0.00709851-0.0016084j 0.00563847-0.00428823j -0.00195422+0.0069724j -0.00123493-0.00547285j -0.00342085-0.00770104j 0.000740673-0.00871665j -0.0045405-0.00035475j 0.014818+0.00579755j -0.000515077-0.00546917j -0.00779375-0.00483044j -0.00382835-0.0174384j -0.00342117-0.00903429j 0.00330008+0.00457747j -5.16208e-05+0.00694536j 0.00343667-0.00706599j -0.00282618+0.00608921j 0.000507445-0.00787277j 0.00631748+0.00568654j 0.00266724+0.00376088j 0.00584481+0.00156584j 0.00290716-0.00366054j -0.000369792+0.00666104j -0.00328861+0.00225109j -0.000350402-0.000228644j 0.00105779-0.00188755j 0.00734224+0.00497065j 0.0045639-0.00472775j -0.00400768+0.00199663j 0.00525504+0.006287j 0.00200845-0.00579066j -0.00702284+0.00803403j -0.00192878-0.00238845j -0.00282602+0.00188243j 0.00251794+0.000135787j 0.00892938+0.000478069j -0.00292384+0.00491547j 0.00113423-0.00221467j -0.000871064-0.000306833j -0.00192612-0.00143779j 0.00181569+0.00461748j -0.00259045+0.00406799j 0.00102571+0.000954695j 0.00116921-0.00213271j 
0.00127235+0.00221915j 0.000235615+0.00108814j 0.00413387-0.000998902j 0.00105681-0.000889443j 0.00179114-0.00224636j 0.00265744+0.00593682j -0.000787176-0.00373752j 0.00446542+0.0027104j 0.00195439+0.000125283j -0.00540078-0.00233267j -6.62531e-05-0.00487678j -0.00585731-0.00113289j -0.0027714+0.000220799j -0.000676001-0.00133124j 0.00101257+0.0023509j 0.0074577+0.00329553j 0.00432908-0.00483161j -0.00237002+0.00595j -0.00113942-0.00297086j -0.00163802+0.00408368j -0.00102172+0.00272655j -0.00182362-0.00754006j 0.00289094-0.00203573j 0.00148065+0.00360369j -9.58939e-05+0.000973736j 0.00530715-0.000959219j 0.00382136+0.00166461j -0.000921956-0.00190729j -0.00309406+0.00297606j -0.00361594-0.00163751j -0.00403348-0.000237179j -0.00455228+0.00184473j -0.00521442-0.00539072j -0.00485306-0.00205384j 0.00259067+0.00313817j 0.00112728-0.00780242j 0.00212077-0.00164773j 0.0043898+0.0015585j -0.00144157-0.00911404j 0.00197641+0.0116481j -0.00682833-0.00263158j -0.00119845-0.00741501j 0.000693436-0.00136277j -0.00192358-0.00435685j -0.000255604+0.0100306j -0.00303351-0.0106969j -0.00865286+0.000344106j -0.00449961-0.0100565j -0.000607268+0.000685651j -0.00159234-0.00164518j -0.00192671+0.00462823j -0.010031-0.00468138j -0.0121554+0.00604267j -0.0046725+0.00224104j 0.00241274-0.00139815j 0.00830035-0.000952663j 0.00131975+0.00343603j 0.000537789-0.00805189j 0.0106752+0.0090199j -0.010845+0.00956178j 0.00683569+0.00371146j 0.00213104-0.00780288j 0.00792739-0.000496798j 0.00335231+0.000830258j 0.00604892+0.00712491j 0.00355655+0.000539603j -0.00114065+0.00341683j -0.001001-0.00182987j -0.00117159-0.00203884j -0.00172756+0.00393559j 0.00166801-0.00321739j 0.00198908+0.00442638j 0.00177695+0.00835396j 0.00993758+0.00282296j 0.0110422+0.00664705j -0.000271803+0.00656337j 0.0062945+0.00431433j -0.00532303+0.000945423j -0.0112006-0.00308823j -0.000194934+0.0032969j -0.00249317-0.00215575j 0.00451584+0.00579296j -0.00356922-0.00351992j -0.00668609-0.00574875j -0.00369745+0.000175123j 0.00494829-0.000397899j -0.000686089-0.00125236j 0.00368512-0.00124646j 0.00250312+0.00126725j -1.62016e-05-0.00438192j -0.00168325+0.00213691j 0.000400645-0.00253114j 0.00262923+0.00115013j 0.00271439-0.00235997j 0.0011697+0.00289135j 
0.00318196+0.00012365j -0.000265309+0.000278575j -0.00282667-0.00228459j 0.00284867-0.000953532j 0.000932132-0.00389493j 0.000705837-0.00571414j -0.000343643+0.000377736j -0.00288238-0.00348162j 0.00382174-0.00740609j 0.00159538-0.00166737j -0.00341878-0.00369522j -0.000947083+3.89824e-05j -0.00281799+0.000231138j -0.00865861-0.00499617j -0.000313348-0.00223829j -0.00171686-0.00368525j 0.00478215+0.00303188j -0.000884325+0.00542877j 0.00784862+0.007962j -0.000164776+0.000508811j -0.00214167-0.00312984j 0.00058025-0.00372317j 0.00144385-0.00606124j 0.000908555+0.0010616j -0.00245911-0.00412851j -0.00668539+0.00404547j -0.0038057+0.00523927j -0.000853897+0.000574418j -0.00147335+0.00602667j 0.00190372-0.00149911j -0.00151002+0.000646354j -0.00877933-0.00393349j 3.30698e-05+0.00440366j 0.00898085-0.00341445j 0.00976886+0.00743961j -0.00541702+0.00497496j 0.000749932+0.00407863j 0.00386187+0.00563793j 0.00533632-0.0083986j -0.00300971-0.0091639j 0.000301397+0.00437436j 0.00380779-0.00182628j 0.00637889+0.000608723j 0.0101766-0.00983035j 0.00514773-0.00334797j 0.00705556-0.00340233j -0.0051168-0.00467729j -0.00642229+0.00556351j 0.00922482+0.00833969j -0.00248458-0.00664825j -0.00423416-0.00275685j 0.00758342-1.5095e-05j 0.00514535+0.00233429j -0.00206146+0.00553213j -0.00173691+0.0107313j 0.00234886-0.012446j 0.00524629-0.00503825j -0.00208224-0.00118325j -0.00434853+0.00208692j -0.0112649-0.00306111j 0.00375842+0.00395749j 0.0164776+0.00261583j 0.00350938+0.00594493j -0.000495569-0.00276245j -0.00702897+0.00534866j 0.000627906+0.0093049j 0.00109267-0.00377421j 0.00731692+0.0108785j -0.012137-0.00227978j -0.0017268-0.011744j 0.00475668-0.000156737j 0.00154531+0.00403738j -0.00204002-0.00206134j -0.00259175-0.000499282j 0.00865203+5.68771e-05j 0.00124361+0.00381889j 0.000856297-0.00106414j -0.000524805+0.00667753j -0.00116457-0.00322064j 0.00534046-0.00274158j 0.00734043+0.0018088j 0.00344545+0.00520932j -0.0032864+0.00255421j -0.002919-0.00512115j -0.00167242-0.00577221j -0.00355116-0.000378391j -0.00105565+0.00590937j -0.00395126-0.00212131j -0.0028219-0.00500672j -0.00161543-0.00189301j -0.00142349+0.00267448j 0.00402657-0.00222096j 0.00261406+0.00215499j 0.00202706-0.00276859j -0.00250594+0.000207726j 
-0.000417674-0.000382231j 0.00404412-0.00111636j -0.0013886+0.00122428j -0.000136368+0.000382151j -0.00602021-0.000509347j 0.00261602-0.00378914j 0.000991518-0.0033525j 0.0019408-0.00069495j -0.00158273-0.000706613j -0.00144468+0.000577215j 0.000599806-0.000359546j -0.00914806-0.00380882j 0.00282936-0.00198379j 0.00108809+0.00303082j 0.00551052-0.00195351j 0.00174503+0.003998j 0.00271177+0.00167843j -0.00175486+8.25214e-05j 0.00246283+0.00581385j 0.000669522+0.0030403j 0.00481743+0.0019554j 0.00118309-0.00183143j -0.0021377-0.00691872j 0.000320405-0.00370156j 0.00147732+0.000350912j 0.00835617+0.000542301j -0.00125229-0.00034912j -0.00201921-6.96465e-05j 0.000771433+0.00575142j 0.0100552+0.00328406j -0.000255855+0.00205681j -0.00219367-0.00175542j 0.00510163+0.0104386j -0.00322466+0.00237419j -0.000379031-0.00130739j 0.000540243+0.00353767j -0.00461846-0.00359496j 0.00236037-0.00384874j -0.00334874+0.00190892j 0.00243104+0.00152489j -0.00651155+0.00467127j 0.00137413-0.0120903j 0.000892054-0.00336877j -0.00629924-0.000687698j -0.0051993+0.00268175j -0.00970607+0.00675479j -0.00619748+0.00630502j 0.00300671+0.000111904j -0.00461722+0.0078741j 0.00315851-0.0013419j -0.000982983+0.0105663j -0.00937591-0.00390848j 0.00773519-0.00541775j -0.00677921-0.00718849j -0.0126672+0.00973667j -0.00347172-0.00792443j 0.000556475-0.00295403j -0.00356519+0.00626595j -0.0014481+0.00215021j -0.00231897-0.00969006j 0.00290091-0.00301111j -0.00562114+0.00111623j -0.00179021-0.000765151j -0.000788527+0.00232848j -0.00105894-0.0106917j 0.000892018-0.00673258j 0.00190228-0.0119441j 0.00749675+0.00294836j -0.00331431-0.000493342j 0.00507071-0.00653574j 0.000180529-0.0015792j 0.000703939-0.0020185j 0.00248317-0.0029444j -0.00265944+0.00434894j 0.0026892+0.00102643j 0.00269457-0.000116681j -0.00302853-0.00193406j -0.000366229-0.00311308j -0.0033776+0.00155734j -0.00811571-0.0037289j 0.00145251+0.00141916j 0.00101199-0.00343589j 0.00338352+0.00388885j -0.00633453-0.00149844j 0.00123066+0.000280821j 0.00391281+0.00355922j 0.00138165-0.00164483j -0.00233552+0.00284039j -0.000204423+0.0012762j -0.000107114-0.00351903j 0.00137672-0.00309485j 0.00347617+0.00158001j 0.000290533+0.00134244j 0.00188753+0.000771107j 0.000778711+0.00243644j 
-0.00166944+0.00231769j -0.00207496+0.00103857j -0.000983219-0.000174607j -0.00238039-0.00217069j -0.00260135-0.00428508j -0.00373343+0.000554735j -0.00243199-0.00394065j -0.00522921+0.00400652j -0.0013579-0.000171334j 0.000334827+0.00055049j -0.0027921-0.00190006j 0.00245874+0.00248005j 0.00135295-0.000737486j -0.00403521-0.00487645j -0.0010035-0.00283688j -0.00177821-0.000604619j 0.00538691-0.00967162j 0.000147448+0.00256709j 0.00561713+0.00386122j 0.00147356+0.000761431j 0.000302768-0.00940852j 0.001713-0.000845159j -0.00096875+0.00340157j -0.00680961+0.00535072j -0.00215337+0.00291567j -0.00771033-0.00157776j 0.0013346+0.000594533j -0.00701143+0.00144619j 0.000275683-0.00264785j -0.00205451-0.000714639j -0.00241629-0.00177734j 0.000935705+0.000140625j 0.00547095-0.00533506j -0.000922538+0.000641338j 0.00877393+0.000875353j -0.00707648+0.00438227j 0.0114668-0.00258301j 0.00289948-0.0110944j 0.00174501-0.000165996j 0.0034764+0.0122465j -0.000179795-0.00963116j 0.00296826+0.00221203j -0.000544372-0.00666392j 0.00611412-0.0041325j -0.00360853+0.0058528j 0.00126953-0.00229582j -0.00265693-0.00392674j 0.00727726-0.000436774j 0.00544308-0.00398755j 0.00163594-0.00915207j 0.00243787+0.00548093j 0.0105584+0.00153943j -0.0064776+0.00505441j 0.00309782-0.00102873j 0.00606445+0.000305275j 0.00763428+0.00310406j -0.00040736-0.000161526j 0.00622563+0.00941512j -0.00820476+0.00166476j -0.00230918-0.0103014j 0.0107095+0.00302018j 0.0194711+0.00316904j -0.00309898-0.00206716j -0.00354237-0.0039292j -0.0100804+0.00661519j -0.00123495-0.00787071j -0.00453527-0.000266101j 0.00751977-0.00647553j 0.00249293+0.000763435j 0.00454674-0.00267774j -0.00648106-0.00284231j -0.00926696+0.00120259j -0.00117868-0.000652236j 0.00264849-0.00322572j -0.00415065+0.00317244j 0.00327978+0.000470687j 0.000101974+0.00231709j -0.00227877+0.00169933j -0.000446323-0.000352004j 0.00482221-0.00321008j 0.00705968+0.00261197j -0.00393167-0.000386101j 0.0002712+0.00112688j -0.00436963-0.00034904j 0.00350655-0.0050953j 0.000812163+0.000655627j -0.00170057+0.00156954j 0.00274291+0.000533811j 0.00178404-0.00501243j 0.00013489-0.000494029j -0.00326486-0.00413028j 0.00444685-0.00337572j 0.00171414+0.00293642j 0.00388671-0.00121211j -0.000482809-0.00321909j 
-0.00142873-0.00208824j 0.00150317-0.00124648j -0.00127937-8.47508e-06j -0.00227236+0.000957805j -0.0047152-0.00550961j 0.00258322-0.0059281j -0.00120738-0.000660097j -0.00284282-0.00231739j 0.00036054+0.000682186j 0.00180194-0.00138269j -0.00332936-0.00612605j -0.00045967+0.000237761j -0.00155861+0.000375711j 0.00377272-0.000786348j 0.00160695-0.00164205j 0.00333036+0.00384346j 0.003765+0.00251317j 0.00392697+0.0015409j -9.54275e-05+0.000831354j 0.0056155+0.00193234j -0.00327623-0.000670272j 0.000587169-0.00205654j -0.00310441-0.00282475j 0.003745-0.00865322j 0.00194136-0.00313813j 0.000295949+0.00178727j 0.00380145+8.59978e-05j 0.00412363+0.00444698j 0.00586174-0.00248481j -0.000222218+0.00632427j 0.00136724-0.00145024j 0.00162077-0.00206583j 0.00177378+0.00183311j 0.00751553-0.00607365j 0.00572053+0.00147553j -0.000306174-0.00111053j 0.00627205+0.00494878j -0.00287441-0.000378227j 0.00150457+0.0088093j 0.00954372+3.10482e-05j 0.000241136+0.0016553j 0.00149088+0.00482241j -0.0084352+0.000429804j 0.00412189+0.00639175j 0.00417421-0.0118857j 0.0112147-0.000351406j 0.00323274+0.00120013j -0.00726312+0.00907249j -0.00791764-0.00942213j 0.00749547+0.00935077j 0.0178778-0.00117347j 0.00146713+0.0007736j 0.0144463-0.0109395j -0.0123607+0.000234687j -0.0185288-0.000733546j -0.000970095+0.0170093j -0.00132251-0.00742763j -0.00277185+0.00251134j -0.000348148+0.000864317j -0.0138802-0.00596786j 0.00197681-0.00450877j -0.00403432-0.00429733j -0.00302139-0.0104646j -0.0118471+0.000711068j 1.3846e-05-0.00350293j 0.00335388+0.00627624j 0.00565296-0.00414361j 0.00207302+0.00121522j -0.00748661-0.00345531j 0.00326281+0.00512098j -0.00761443-0.00756409j 0.00296172-0.0100351j 0.00306606+0.00546431j -0.00839274+0.00337497j -0.00276205+0.0049662j -0.000423592-0.0015499j 0.00585669-0.00128381j -0.00120065-0.00151056j -0.0113116-0.00706043j -0.0039479+0.00333455j 0.000272186+0.000590177j -0.000917071-0.00672051j -0.000413181+0.00225471j -0.00268313-0.00191715j -0.00205792+0.00366533j 0.00334835-0.00285011j -0.000540339+0.00225721j -0.00489776+0.00432646j 0.00270107-0.00186666j -0.00352651+0.00184143j -0.00233459-0.00189124j 0.00115551-0.000368822j 0.000103978+0.00046042j 0.000535336+0.00617752j 0.00188278-0.00136715j 
0.0034505-0.00144655j 0.000884691-0.0027301j 0.00807785-0.000393226j 0.00572625+0.00678106j 0.00692457-0.001001j -0.00013749-0.000495305j -0.000543805+0.00477471j 6.24877e-06-0.000310745j -0.0034457+2.55368e-05j -0.0102647+0.00393598j -0.000918705-0.000976337j 0.000191562-0.00450966j 0.00429382+0.000278844j -0.00350269-0.00397515j -0.00261822+0.00234322j 0.00077928+0.00237573j 0.00381468-0.00916619j 2.81073e-05-0.00380423j -0.00971129-0.00706353j -0.00888371+0.00796622j -0.00191196-0.00478607j 0.000289977-0.00464996j 0.00172074+0.000982851j -0.00415298+0.00367119j -0.0089306+0.00461211j 0.00161765+0.00840676j -0.00155235-0.00153105j 0.00791087+0.00725578j 0.00470586-0.0129607j 0.00101427-0.005317j -0.0064934+0.00192968j 0.00369188-0.0090892j -8.30365e-05+0.00394336j 0.00473472-0.00960298j 0.00262628+3.13231e-05j 0.00928879+0.00428142j 0.00394707-0.0078527j 0.00322769-0.00429126j 0.000479133+0.00571111j 0.00308087-0.00691685j -0.000687385+0.00157612j 0.00426637-0.00379107j -0.00905638-0.000820156j 0.00431914-0.00274756j -0.00171274-0.000473379j 0.0112457+0.00380057j -0.00681961+0.0109373j -0.0148913-0.000685073j 2.34533e-05-0.00345255j 0.00363977+0.00227481j 0.00301651+0.00585993j -0.00177793+0.00462186j 0.00250991+0.00832673j 0.00624428-0.00265381j 0.00554508+0.005429j 0.0125961-0.00182558j 0.00639591-0.0145141j 0.000611697+0.00197535j -0.00171983-0.00120512j -0.00127837-0.00171499j 0.000144848-0.0085703j 0.0015598+0.00326397j -0.00664743+0.00079848j -0.000636103-0.00301379j 0.00380988+0.000148824j 0.000481003-0.0045317j 0.00354462-0.00243515j -0.00349153-0.00550308j -0.00146806+0.00471546j -0.00737798+0.00312014j -0.00179894+0.00464325j -0.00301771-0.00614374j -0.000763828+0.00405826j -0.00773916-0.00762049j -0.000337816-0.00106348j -0.00572845+0.00151824j 0.00379011-0.00379129j 0.00388582-9.68978e-05j -0.00609579-0.00223813j 0.00196078+0.00102714j -0.0018321+0.000884919j -0.00240894+0.0039756j -0.00379351+0.00163463j -0.00101712-0.00563278j 0.000553559+0.00174689j -0.00490172+0.00207768j -0.00132804+0.000538738j -0.00324706+0.00107659j -0.00441939-0.000714754j 0.00345522-0.00267889j -0.00539046-0.00266589j -0.00423824-0.00181397j 0.000295033-0.00179625j -0.00143434+0.000202059j 0.000250775-0.000732619j 
0.00012117-0.000426431j -0.00678153-0.000507102j -0.00181185-0.000294609j 0.00555998+0.000597535j 0.001709+0.00541081j -0.00335793+0.00238751j 0.00560594+0.00227659j 0.000231315-0.00230092j 0.00763222+0.000883412j 0.00517825-0.00906399j 0.00146138+0.0023807j 0.00110067+0.00194785j -0.00410874-0.002089j -0.000363088-0.00633015j 0.00602431+0.00135841j 0.000744142-0.0016197j -0.0030224+0.00307676j 0.00272463-0.00189783j -0.00935679+0.00282951j 0.00679175-0.00349438j 0.00291629-0.00205481j -0.000676435-0.0032809j 0.00365163-0.00159931j 0.00430026-0.00680108j -0.00321597-0.0055671j 0.00849235+0.00465163j -0.00461655-0.002261j 0.00155025+0.00398559j -0.00268113+0.0036873j 0.00105588+0.00134881j -0.00887526+0.00633594j -0.00997807+0.00243613j 0.000570779+0.00380039j -0.00068565-0.010431j -0.00457629+0.00722709j 0.000816259+0.00521412j -0.000922364-0.00427753j 0.00403945+0.000975786j -0.00190023+0.00139609j -0.0106018-0.00248623j 0.00230117-0.0190371j 0.000123385+0.000614361j -0.0071743-0.00788932j -0.000826905-0.0082014j 0.00497312-0.00120555j -0.0134656+0.00337146j 0.00165611+0.00707614j 0.00204496-0.00221303j -0.00430076+0.00341251j -0.00786982+0.00621371j 0.00182416+0.00840417j -0.00625031-0.00294222j 0.00544943+0.00576737j 0.00464437+0.0033892j 0.00279536+0.0100675j -0.00306988+0.0069609j -0.00364145+0.00486536j 0.00356536-0.0076004j 0.00776948-0.00446502j -0.00918688+0.000397656j 0.00263165-0.00430255j -0.0105093-0.000885998j -0.00249871-0.00645167j -0.00883751-0.00944668j 0.00765526-0.00351473j -0.00781771-0.000790219j 0.0103456-0.00830233j 0.00289547-0.0028085j 0.00265838-0.00242707j -0.000794305-0.0033521j 0.000980325+0.00759055j -0.00261898+5.03026e-05j 0.0062964+0.0048957j 0.00308377-4.70464e-05j -0.00356489+0.000186573j -0.00357434-0.00634514j -0.000827009+0.00890066j 0.00427609+0.00651648j 0.00715636-0.00115894j 0.00524256-0.00256259j -0.00430457-0.00327654j -0.00062881-0.00430378j 0.00380386-0.00183156j -0.00249635-0.00329986j -0.00466171+0.00304371j -0.00217207-0.00888361j 0.00174031+2.79716e-05j -0.00028094-0.00121192j 0.00206474+0.00227249j -0.00447502+0.00334715j 0.00243974+0.00278234j 0.000652604+0.00274466j -0.000938065+0.000638917j 0.00378295-0.000835388j -0.00129104-0.00611371j 
-0.00453204-0.00251878j 0.000595361+0.00100635j 0.00720078-0.00266465j 0.00262133-0.00608737j -0.000159043-0.0036648j 0.00250788-0.0053845j -0.000353925-0.00380013j 0.005374+0.00262425j -0.00320067+0.00361063j -0.00153709-0.000864218j -0.00288442+0.0021459j 0.002311-0.00170386j 0.00611576-0.00491268j 0.00503442-0.00219423j -0.0073473+0.00676881j 0.00918145-0.00414769j 0.00528005+0.000300215j 0.00515746-0.00649186j 0.00201441+0.00392121j -0.00173449+0.00187407j -0.00857448-0.00130657j 0.00340574-0.00787688j 0.00850395-0.00488476j -0.00740407-0.00483414j -0.00257255-0.00026655j -0.00576389-0.00432953j -0.00220592-0.00441755j 0.00283755-0.00564893j 0.0117697+0.00130757j 0.0131887-0.00321761j -0.00096434-0.00487376j 0.0026478-0.0108991j 0.00192624+0.00378217j 0.00149645-0.00125721j 0.00386883-0.00853045j 0.00161437+0.00681807j 0.00431377+0.00400183j 0.007808-1.98365e-06j 0.000793455-0.00139285j -0.00866555+0.00240893j -0.004991-0.0122374j -0.00369289+0.00899591j 0.00275578+0.000700804j 0.00291107-0.00125934j 0.0113093-0.00104412j -0.00806759+0.000988885j 0.00436946-0.00914977j 0.0104047+0.00425219j -0.000703513+0.000495157j -0.00638885-0.00757003j -0.0023604-0.00110409j 0.00566095+0.00126407j 0.00887064-0.00345113j -0.00245984+0.00957636j 0.0094861+0.0042402j -0.00809112+0.00881706j 0.0049512+0.00326817j -0.00373137+0.00470833j -0.000788514-0.00472793j 0.00456569-0.00300277j -0.000780658-0.00657694j 0.00315894-0.00863886j -0.00587971+0.00213342j -0.00735512-0.0017844j 2.70275e-05-0.00546054j -0.00322722-0.00144247j -0.00461242+0.00274097j 0.000454471+0.0110857j 0.00111793-0.0043339j -0.00590371+0.00400736j -0.00220126+0.000949824j -0.00470361-0.00251585j 0.00875617-0.00826556j -0.00287708+0.00926494j -0.00161112+0.00295937j 0.000872487+0.00335166j 0.00234068-0.00678944j 0.00325181-0.00267808j 0.00248449-0.00167247j 0.000654315+0.000138073j 0.0010948-0.00254735j -0.00860547+0.00237187j 0.00245767+0.00483993j -0.000443288+0.000393654j 0.00345283-0.00416027j -0.00852107+0.00125766j 0.00318112-0.00546832j 0.0061038-0.00383576j -0.00473754-0.00190315j 0.00248749-0.00206337j -0.00125894+0.00217877j 0.000169906-0.00170354j 0.00283719-0.00245106j -0.0028077+0.00255833j 0.000765444-0.00110947j 
0.00592114-0.00409438j -0.00110683+0.00130967j -0.000814606+0.00228988j 0.00352513-0.00363776j -0.00027285+0.00227506j -1.85212e-05-0.00508467j 0.00371568-0.000923588j 0.00124509-0.00467673j 0.00189058-0.00451178j 0.00228636-0.00101643j 0.00367484+0.00275516j 0.00319871-0.00804058j -0.00237286-0.000499318j -0.00164257+0.000459218j 0.00245594-0.0111962j 0.0013207+0.00220903j 0.000196528+0.000220857j -0.00164048-0.00601446j -0.000241267+0.00465989j 0.00379251-0.00771976j -0.000331568+0.00214517j 0.000532602-0.00879235j -0.00315859+0.00044722j -0.0064629-0.00297918j 0.000976349-0.00810462j -0.00124837+0.00555034j 0.00243579-0.00219598j -0.00589896+0.000747732j -0.00227664+0.00493138j 0.000238656+0.00187184j 0.00394375-0.00485949j 0.00599568+0.00219776j -0.00354236-0.00766401j 0.00715203+0.00309176j 0.015882+0.0019806j -0.00702881+0.00790587j -0.00104059-0.0006896j 0.000128462-0.00427379j -0.00303804+0.0125987j 0.00446426-0.0133625j 0.00347356-0.00612709j -0.00250773+0.00242183j 3.15446e-06-0.00584855j 0.00263127-0.0101352j -0.00536068-0.00671321j 0.0111415-0.00493121j 0.00423165-0.0001359j 0.018785-0.00323255j -0.00878658+0.00416834j 0.00460315+0.00428312j 0.00238149+0.00950157j 0.011279-0.00847592j -0.00383194-0.00482445j -0.00239031+0.013365j -0.00411026+0.00433897j 0.00343115-0.00968957j 0.0109913-0.00923448j -0.00569458+0.00293996j -0.00501023-0.00018725j 0.00377056+0.00036276j -0.00738934-0.00616144j -0.00135719-0.00651829j -0.00270366-0.000887071j 0.00787602+0.00328066j -0.00442487+0.00691254j 0.00682571-0.00106387j -0.00322901-0.00326145j 0.00279331+0.00318124j -0.00221151+0.0058193j 0.00316829+0.00102225j -0.00422676-0.00529033j -0.00117524+0.011484j -0.00585964+0.00060897j -0.0017979+0.00548687j -0.00138805-0.00926303j -0.00508362-7.72686e-05j -0.00453284-0.00818291j -0.00262522+0.00315219j -0.000218994+0.00186445j 0.00146674+0.00276992j -0.000417371-0.00695441j 0.00435365-0.00264726j -0.000692851+0.0031744j -0.00284543+0.00412917j 0.000605122+0.00205657j -0.00763288-0.00140472j 0.000105616+0.00278501j -0.000291929-0.00331027j -0.00108242+0.00378055j -0.00100154+0.00319111j 0.0025167-0.00546786j 0.000303903+0.00649356j -0.0064072+0.00446954j -0.000498038-0.00751846j -0.00463655-0.00395187j 
-0.000299654-0.00539216j 0.00114049+0.00104932j -0.00280076+0.00136186j -0.00224459+0.00226201j -0.00215778-0.00137697j -0.00410544+0.00423004j -0.00385882+0.00774617j 0.000277843-0.00213612j -0.00294549+0.000894581j 0.00297938+0.00311005j -0.00317374+0.000870172j -0.0043772-0.00123733j -0.00175661-0.00324816j 0.00243237+0.00560809j 0.00372824+0.000238852j 0.00238542+0.00635192j 0.00118954-0.00191186j -3.54988e-05+0.00585313j 0.000326058+0.00174705j 0.0148246-0.00232987j -0.000235633-0.00131384j -0.0049895-0.00529669j -0.00105936+0.00201436j -0.0035091+0.0027024j 0.00745499-0.00452175j 0.00161541-0.01104j -0.00468253+0.000216966j 0.00255826-0.00328068j 0.00676508-0.00132798j -0.000687776-0.00667329j 0.00508809+0.0021716j -0.0062603+0.00647617j 0.00376839-0.00794047j 0.00251822+0.00104325j -0.0060337+0.00107394j -0.000708915+0.001477j 0.00706929-0.00270643j 0.000359624-0.00231762j 0.00691189+0.00724519j -0.016703-0.0136336j -0.00311742-0.000231017j 0.0138658-0.000215884j 0.011492+0.00634901j -0.00227137-0.00943725j -0.000288862+0.00362897j -0.00716193+0.00568137j 4.60176e-06+0.00641486j 0.0106104-0.004147j -0.0031354+0.001249j 0.00285656+0.000597422j -0.0042052+0.00632649j 0.000602417+0.000432235j 0.0190904-0.000623935j 0.0104769-0.00240744j -0.00381759-0.000746773j 0.00695601-0.00201842j -0.00833495-0.00780728j -0.00306105+0.00387699j 0.00386241-0.00615709j 0.00704648-0.000600878j -0.00182453-0.00130779j -0.00337657+0.00569737j 0.00597536+0.00144334j -0.00798996-0.000998398j 0.00257228+0.00151924j -0.00402642-0.00550051j -0.00473414+0.00190435j 0.00573695-0.00449978j -0.00723827+0.00402215j 0.00260637-0.0122819j -0.00264235-0.00570133j 0.00631985+0.00588475j 0.00340633-0.00217556j -0.00273178-0.00505144j -0.00442213+0.000385677j 0.00405995-0.00218563j 0.00877431+0.000418192j -0.00256208+0.000509161j 0.00141924+0.00446042j -0.00188295+0.0022583j 0.00733925-0.00421655j 0.00851292-0.00627158j 0.00533447+0.00235118j 0.00300007+0.00551633j -0.00741365-0.00287418j 0.00400856-0.0074088j 0.0057953+0.00367162j 0.00542307-0.00318222j 0.000901885+0.00269252j 0.000868464+0.00190616j 0.00285137-0.00174332j -0.002467+0.00302836j -0.0039433+0.000890398j 0.00152762-0.000910726j 0.00087248+0.0025235j 
-0.000360639-0.000655276j 0.00161573+0.00167298j -0.00221137-0.00103412j -0.0023357-0.00420888j 0.00130484-0.00136464j -0.00114934+0.000331721j -0.000376526-0.00682958j 0.00359245+0.000850863j 0.000658253-0.00146293j -0.00737074-0.00199763j -0.00656949-0.00322867j 0.000622349+0.00391084j 0.00562542-0.00295434j -0.00421939-0.00979904j 0.00322497-0.00351126j 0.00294264+0.0029777j 0.000418077+0.000623792j -0.0040341-0.000143411j 0.00191815-0.00299146j 0.00159403+0.00276978j 0.00154407-0.00561208j 0.00317007+0.00400071j 0.00106268-0.00434574j -0.0121319+0.00258214j -0.0139945+0.0117641j -0.00129059+0.00112471j 0.00362034-0.00179165j -0.000822044-0.00171689j 0.00715653-0.000589649j -0.00471171+0.00510371j 0.00684348+0.00305454j 0.00636884-0.00196962j -0.00182631-0.00186238j 0.00197117-0.00255852j 0.0063923-0.00341967j -0.00338788+0.000756193j -0.000146091-0.00302889j 0.0065381-0.00528963j 0.00413538-0.00588271j 0.00377587+0.00318577j -0.00226489-0.00334636j -0.00185869+0.00367531j -0.00478875+0.0107752j 0.00210434-0.00330699j -0.00189964-0.00881975j -0.00749632-0.00406413j -0.0173365+0.00129211j -0.00360022+0.00368598j -0.00985043-0.00464962j -0.00493739+0.0053439j 0.0185679-0.00882079j -0.00933517+0.00173218j -0.00820491-0.00104101j -0.0118409-0.00282932j -0.00499576-0.00415838j -0.0080376+0.0053617j 0.000574916+0.0114031j -0.00506005+0.00381048j 0.00498813-0.00438932j 0.000881928-0.0039883j 0.00787474-0.00470924j 0.00298653-0.00309663j -0.00380574+0.00499834j 0.000881401-0.0104965j -0.0111002-0.00211781j 0.00542147+0.00338811j -0.000854502+0.00772436j -0.00328411-0.00249099j -0.00456611-0.00584007j -0.00479579-0.00394658j 0.00306639-0.00508125j 0.0112754+0.000544738j 0.00215235-0.00149869j -0.00472241-0.00196238j 0.00406808+0.00211884j 0.00482653+0.00340132j -0.00266398+0.0057376j -0.00100004-0.00348883j 0.00645467+0.00136873j 0.00434439+0.00327709j -0.000118951+0.0073389j 0.00481075-0.00885493j -0.00227859-0.00280953j 0.00106725-0.00250984j 0.000368016+0.00402966j -0.000589416+0.000130335j -0.000822647+0.0010511j 0.00362793+0.0074584j 0.000425881-0.000217146j -0.00137233-0.000523304j 0.000750153-0.000335338j -0.00104529+0.0014083j -0.0036072+0.00146621j 0.0021313+0.00065412j 0.00175723-0.00295062j 
0.000834582-0.00257885j 0.000711946-0.00104436j -0.0050654+0.000557118j 0.00136701-0.00262986j -0.00369324-0.00327449j -0.000612369-0.00212994j 0.00622645+0.00235117j 0.00453149-0.00335098j 0.00204371-0.000115021j 0.00365834-0.00388177j -0.00139598-0.00653336j 0.00193275-0.00209947j -6.4092e-05-0.0078141j 0.0101793-0.00499818j 0.00106767-0.000296307j -0.000390339+0.00245887j 0.00416974+0.00679565j -0.0042539-0.00301576j 0.00521046+0.013136j 0.00803105-0.0031498j 0.000581665-0.00125394j -0.00301708-0.00971404j 0.00470907+0.0123737j 0.00445632-0.0104476j 0.00508292-0.0150343j -0.00532881+0.00343937j 0.0022088+0.00933579j 0.00109409+0.00899944j 0.00737784+0.0111939j -0.00355752-0.00733885j -0.00200405-0.00480165j 0.00688458-0.00184487j 0.00288849+0.00639427j 0.00240014+0.00801905j 0.010958+0.00727821j 0.00118124+0.00693671j 0.00106426+0.00844716j 0.0027615+0.0122826j 0.00182712+0.0062333j 0.00462918+0.00474468j -0.010822+0.00125483j -0.00113954-0.00172673j -0.00219478+0.0107828j 0.00175613-0.00572151j -0.00372649+0.00203227j 0.00298153-0.0129391j 0.000801607+0.000476778j 0.0104304+0.00753358j 0.00414441+0.00907398j -0.00842485+0.00897148j -0.0133486-0.00788017j -0.0077581+0.00232005j -0.00529766+0.0113801j -0.00464702+0.00359298j 0.00121426+0.0013777j -0.0048144+0.0007561j -0.010833-0.00797135j -0.00279399-0.000432868j -0.0123828+0.0044718j -0.00623101+0.00720974j -0.00146845+0.00929946j 0.0118689+0.00286538j -0.00746985-0.0023557j 0.00429317+0.00349473j -0.00632438+0.00173244j -0.00477161+0.000285639j -0.00949951-0.00256309j 0.00216618-0.00353648j -0.00520162-0.00400845j -0.00172867+0.00479611j 0.00847329-0.000875192j -0.00588965-0.0036567j -0.00486827+0.00607264j 0.0091908+0.000311053j 0.00852967-0.00704798j 0.00297616+0.0051557j -0.00274567-0.000730729j 0.00329024-0.00116036j -0.00485027+0.00477011j 0.00375998-0.00255962j -0.00158348+0.00131386j -0.00280064+0.00929222j 0.00076634-0.00418439j 0.000910548+0.000261219j 0.00593341-0.00142996j -0.00456009+0.00147919j -0.00476391-0.00206472j 0.00260257-0.00173649j 0.00529721-0.00501898j 0.00722042+0.00347089j 0.00320118+0.000204234j 0.00504519-6.97001e-05j 0.000700489+0.00170763j 0.00431246-0.000134417j 0.000294686-0.00158564j 
0.00210268-5.58281e-05j 0.0061542+0.00264671j -0.00167387-0.0026616j 6.00744e-07+0.00169305j -0.00158196+0.00437962j -0.0021483-0.000891558j -0.00197062+0.00118279j 0.00189868-0.00397899j -0.00498349-8.23428e-05j -0.000766787+0.00370662j 0.000277031+0.0016883j 0.00101218+0.00399741j 0.00244752-0.00107211j -0.00353475-0.00270863j 0.00452502+0.000760432j 0.00422475+0.00245164j 0.000319154+0.00461531j 0.00229677+0.00189605j -0.00557304+0.00255004j 0.000195883-0.0022901j -0.0028877-0.00520451j -0.00158414+9.43591e-05j 0.00117283+0.00742486j -0.0009791-0.00607913j 0.0025057-0.0106529j 0.00271119+0.00220104j -0.00661426-0.000258178j -0.000159992+0.000294781j 0.00627969+0.00960746j 0.00121706+0.00272791j -0.000458607+0.00357076j 0.0131205-0.00980276j -0.000162664-0.00209925j 0.000626113-0.00355693j 0.0119351+0.00021673j 0.0112593-0.00398968j -0.00466665+0.0018774j 0.000630048+0.00634254j -0.00243378-0.00603213j 0.00157461+0.00222405j -0.000511836-0.00234505j 0.00619761-0.014587j -0.00204644+0.0012939j 0.00454646-0.00174028j 0.00325487-0.00066934j 0.00101802-0.00623544j -0.00520235-0.000536633j -0.000518319-0.000642275j -0.00119314+0.00169125j 0.00545013-0.00277965j 0.0104484-0.0124337j -0.00459622+0.00260562j 0.00855159-0.00204491j 0.00312435-0.00204897j 0.00348929+0.00650963j 0.0117616+0.00263732j 0.000168876+0.00347476j 0.0123169+0.00304489j 0.00600612+0.00758665j 0.0105654+0.00229352j -0.00955936+0.00259883j 0.00692067+0.00106311j 0.00602789+0.00801359j -0.00699956+0.00121245j 0.00381517+0.00148983j -0.00522916-0.000188795j 0.0097902-0.00450922j -0.00110782-0.00914264j 0.00821328-0.00834762j -0.000895544+0.000307299j -0.00554156+0.000538199j 0.00642223-0.00580623j 0.00638037+0.000765134j -0.00435083-0.00161448j 0.00129364+0.00719188j 0.00429793-0.000569645j 0.00206803-0.0109345j -0.000326227+0.00206769j -0.00197171-0.00414112j -0.00596463-0.0102895j 0.00544721+0.00117219j 0.00115854-0.00129157j 0.000250638+0.00324358j -0.00115492-0.00180781j -0.00092544+0.000735746j -0.00217009+0.000728681j 0.00110033-0.00166251j -0.00378764+0.00137562j -0.00378111-0.00205248j -0.00369027+0.00417394j 0.00281303+0.00567235j 0.000716424+0.000186864j 0.00189507+0.00235548j 0.0014168+0.00174134j -0.0026395-0.00160842j 
0.00471947-0.00724961j 0.00699183-0.000445537j 0.00292007-0.00236116j 0.00519085+0.000716355j -0.00328918+0.00343237j 0.00429029-0.00631631j -0.00358606+0.00337898j 0.00231127-0.000199531j 0.00131168+0.00217157j 0.00605359-0.00472941j 0.00240281-0.00395659j 0.00279061+0.000839888j 0.00684532-0.000633536j 0.00368086+6.77244e-05j 0.00127937-0.00557734j -0.00356555-0.00241973j -0.0118531+0.00967138j -0.000577772-0.00157758j -2.82013e-05+0.000878705j 0.00260097+0.00621435j -0.000904266+0.000942599j 0.00250487-0.00197998j 0.000203494+0.00953049j -0.00313217-0.00897725j 0.00146727+0.00284586j -0.00877242-0.00804369j -0.00493102+0.000716253j -0.00412019+0.0086693j -0.00254014+0.0034851j 0.0125752+0.00595711j 0.00191514-0.00356478j 0.000668589+0.00870225j -0.00306476+3.80587e-05j -0.00664626-0.0047742j 0.00822404-0.00361637j -0.00427231+0.00567948j -0.00449006-0.00324593j 0.00587578+0.00147495j 0.00189984-0.00174823j 0.000131664+0.00836173j 0.00395252-0.00189261j 0.00316531-0.000336457j 0.000925213-0.00325363j -0.00151082+0.00294049j 0.00313368-0.00397451j 0.0121552+0.00423008j 0.0106209+0.00939169j -0.00305072-0.0184618j -0.00662857+0.00264284j 0.00554036-0.00620061j -0.00530648-0.000191224j 0.00743667+0.00395337j 0.0067591+0.00918405j -0.00295379+0.00289335j -0.00153882-0.00318632j 0.000213578+0.000799805j 0.00189293+0.00648015j -0.00518734+0.00528785j -0.00274899-0.00172623j -0.00895964+0.00493915j -0.00771713+7.54413e-06j -0.00167095+0.00241493j -0.00024631-0.0174552j -0.010122-0.00165703j -0.000371173-0.000844918j 0.00450386-0.00314637j 0.00437855-0.00482153j 0.00305215+0.000364774j -0.000588377+0.00856206j -0.0069619+0.000647291j 0.0058524+0.00407252j 0.000931972+0.00073196j -0.00391384+0.0034299j -0.00228135+0.00384459j 0.00204751+0.00136794j 0.00757838+0.00378495j -0.00134185+0.00405068j -0.00210382+0.00409401j 0.0055627-0.00281902j 0.00858662-0.00122667j 0.00176103-0.000593254j -0.000479331-0.00188059j 0.000277027+0.000381186j 0.00774227-0.00443605j 0.000998241-0.0016726j -0.00163457+0.00164238j -0.00307578-0.00274789j -0.000241602+0.00142586j -4.07507e-05-0.00452085j -0.00211164+0.00084847j 0.000186012+0.000741074j -9.21221e-05-0.00390343j -0.000552665+0.00141835j -0.000503703-0.000712877j 0.000803366+0.00146976j 
0.00075305+5.55621e-05j -7.15326e-05-0.00385722j 0.00163542-0.00252734j 0.00348126-0.00123499j 0.00249673+0.00388123j 0.00044299+0.00012258j 0.00258204-0.003395j -0.00314643-0.00263052j -0.00385829+0.0071433j -0.00360993+0.00666442j 0.00182304-0.000502554j 0.00116077-5.02323e-05j 0.00485164+0.000893092j 0.00163199+0.00307643j -0.0043199-0.00371262j 0.00229345-0.00797461j -0.000296846-0.00730939j -0.00405237-0.00233618j 0.00104161-0.00650397j 0.00492318-0.00789743j 0.000900319+0.0027816j 0.00801064-0.00438384j 0.00151119-0.00493676j 0.000399624+0.007855j 0.00510677-0.0016598j 0.00578198-0.00698065j 0.00678809-0.00828121j 0.000553077+0.00799227j 0.00103946-0.00182899j 0.00182915-0.00438733j 0.000437767-0.00702781j -0.00567785-0.00124543j -0.000663711-0.00497456j 0.000461162+0.00272948j 0.00499998+0.00410903j -0.0102347-0.0086815j -0.00778152-0.00756793j 0.000335928-0.00314274j -0.00332789-0.00598424j -0.00520978+0.0215352j 0.00058653+0.0188836j -0.00432918+0.00842431j -0.0156412-0.00547163j 0.00485557+0.00196614j 0.00993831+0.00456908j -0.0180853+0.00410256j -0.00823676-0.00310198j -0.00625468-0.0134621j 0.00482736-0.00726577j -0.0053295-0.00578349j 0.00891223+0.0117952j -0.00544319-0.00439277j -0.00600971-0.00775386j 0.00536821-0.0057154j -0.00885045+0.000483194j 0.00156412+0.00286597j -0.00260968+0.000598152j 0.00109239-0.0010807j -0.0023449-0.00297443j 0.00686643+0.00521995j 0.00480551-0.00133502j 0.00509046+0.00730258j -0.00163098-0.0120774j -0.00193121+0.00318682j 0.00595493+0.00631753j 0.000793359-0.00496088j 0.00228497-0.00548034j 0.00486754-0.00335804j -0.000916154+0.000294525j -0.00160339-0.00211955j 0.00431964+0.00878347j -1.47056e-05-0.0061171j -0.00129166-0.00127611j -0.00284661-0.00202576j 0.00910521+0.00839325j 0.00301662-0.00223977j -0.0033929-0.00679912j -0.00480128+0.00305372j 0.00473078-0.00389007j -0.00186247-0.00130641j 0.00125286-0.0050396j -0.000276487-0.00184894j 5.14766e-05-0.00306613j 2.28463e-05+0.00243882j 0.00474598+0.00713757j -0.00266158-0.00405114j -0.000732436+0.000792211j 0.00124151+0.000291825j 0.00246473-8.62367e-05j -7.36292e-05+0.000160377j 0.000941375-0.00639716j -0.0011541+0.00368081j -0.00289031+0.00107589j 0.000713848-0.00314031j 0.000582061-0.00024502j 
-0.00168266+0.00372128j -0.000769575+0.00126039j -0.00134556+0.000929449j -0.00263853+0.00116109j 0.00444814-3.10279e-05j 0.00120165+0.00458536j -0.000332549-0.000108608j 0.00266016-0.000869219j 0.0030482-0.00386697j -0.00706008+0.00268251j 0.000740436+0.00438882j -0.00542913-0.00343505j -0.0035074-0.00040347j 0.00110511+0.00451003j -0.00232499+0.0011917j -0.0010707+0.00348873j -0.00193424-0.00276356j 0.000784577+0.0037618j -0.00184849-0.0134677j -0.00295278+0.000601833j 0.0059008-0.00640851j 0.00434816+0.00150088j -0.00103673-0.00979145j 0.0012807-0.00210374j -0.00476919+0.00348804j 0.0018142+0.000698761j 0.00190312+0.00238j 0.00364391-0.00159233j -0.0087378-0.00275514j -0.00420254-0.00179112j -0.00346404+0.00495106j -0.00464928-0.00665063j -0.000707827-0.00887991j 0.00413142+0.00550961j 0.00584345+0.00301035j -0.000952733-0.00979883j 0.001971-0.0119299j 0.00207201-0.00154949j 0.00995768-0.00478164j -0.0165677-0.00482381j 0.00304523-0.00349562j 0.00377757-0.00180423j 0.00769851-0.00412565j -0.00518732+0.000342396j 0.00165443-0.00361408j 0.00372122+0.00899636j 0.00599433+0.00565628j 0.0059604-0.0145425j -0.00175142-0.00993228j 0.0141997-0.0105244j 0.000634126-0.00865134j 0.0120292+0.00989433j -0.00205494-0.000191611j -0.00225688+0.00805135j -0.00380447-0.0147228j 0.00373799-0.00979799j -0.0105707+0.00875343j -0.00819473-0.0069297j 0.00241208-0.0106342j -0.00119934-0.010749j -0.00317194-0.00483359j 0.00660316+0.00291725j -0.00379538+0.00107757j -0.00693298-0.00871369j 0.00311007-0.00658037j 0.00273749-0.00185525j -0.00259969-0.00432193j -0.000159089+0.0045725j 0.00129773+0.000343234j -0.000284242+0.00270435j 0.00335918-0.00117879j -0.00626418-0.00358423j 0.000698208-0.00788867j 0.000774459+0.00739532j -0.00308724+0.00530688j -0.00143777+0.00250996j -0.00264313-0.00399426j -0.00362134+0.000396952j 0.00276818-0.00290481j -0.000512216+0.00330255j -0.00216964+0.00465401j 0.00192757+0.00385652j -0.000117044+0.000316411j -0.000714037+0.00122832j 4.85241e-05+0.00187408j -0.00286705+0.00264791j 1.82018e-05+0.00173102j 0.00088398-6.76316e-05j -0.00314571-0.00107344j 0.0020132+0.00144699j 0.000124752-0.00103246j 0.00200392-0.00245509j 0.00120516-0.00119548j -0.000270451+0.00284822j -0.00176851+0.000199709j 
0.00356808+0.00166956j -0.00320594-0.000873383j 0.000959305+0.0030194j -0.000724614+0.000594342j 0.00324486+0.000170792j 0.000390217+0.00175666j 0.000669071-0.00321491j 0.00176977-0.00584058j 0.00182719-0.000162218j -0.000576374+0.00264828j 0.000847154+0.00294742j 0.00121614-0.0033659j 0.00283994-0.00537311j 0.00205606+0.000643498j -0.00468068+0.00255519j -0.00363859-0.00821837j -0.0055064-0.00179809j -0.00284019-4.50689e-05j 0.0023976+0.000808047j -0.00319834+0.00231024j -0.0014725-0.0102788j -0.000496203-0.00213966j -0.00083219-0.000821312j 0.00579649+0.00177356j 0.00198631-0.00310679j -0.00401048+0.00528893j -0.00420593+0.00189376j -3.97269e-05-0.00190052j -0.00351721+0.00923316j 0.00214101+0.00115187j -0.000273739-0.000729815j -0.0148936-0.00264275j 0.00340311+0.0105477j -0.00105036-0.00873664j -0.00346411-0.00173362j 0.000641161+0.00175868j -0.0138097+0.0125961j -0.00346402+0.013313j -4.72638e-05+0.00370777j 0.00149194-0.0021738j 0.00564947-0.00435328j 0.00301824-0.00675545j -0.00278185-0.00311152j -0.00633099-0.00148241j 0.00352964-0.0138874j -0.00453112-0.0203569j 0.00366614-0.00322689j 0.000457395-0.00207053j 0.00189815-0.000858698j 0.0153341-0.00552731j 0.00570807-0.00872155j 0.000697555-0.00177464j 0.0114221+0.00343195j 0.00859393+0.00516654j 0.00216789-0.00141717j 0.00263651+0.00667371j 0.00292823-0.0123093j 0.000446652-0.00399116j 0.00552858+0.00108638j 0.00661133-0.00158872j -0.00421935+0.00128923j -0.000453468-0.0107951j -0.00176673-0.0017456j 0.00473798-0.0116269j 0.000999197+0.0162741j -0.00348937+0.00124326j -0.0050765+0.0110412j 0.00520317-0.00694567j -0.00439654+0.00107868j 0.000214086+0.00614205j 0.00212709-0.00362386j 0.00561529+0.00367166j 0.00428524+0.00372079j -0.00161502-0.00214855j -0.000150109-0.0027387j -0.00542282-0.000703785j 0.00943738+0.00404638j -0.0001091-0.00111955j 0.00424733+0.00545274j -0.00212738-0.003405j -0.002098-0.000773455j 0.00120459+0.00425434j 0.00351701-0.00214659j 0.00173157+0.00436881j 0.00290925-0.00327858j -0.00074187-0.00346006j -0.00087093+0.00819693j -0.000499687-0.00443035j -0.00047812+0.00359634j 0.00108522-0.00279556j 0.0037913+0.000976018j -0.00131747-0.0014352j 0.000327236-0.0035892j 0.000861657-0.000900581j -7.81087e-05+0.00218404j 
0.00303571+0.00271788j 0.00316038+0.00308036j 3.95081e-05-0.000943j 0.00166774+0.000789125j -0.000670074+0.000904311j 0.00107015+0.00393324j 0.0029496-0.00348732j -0.00168375+0.00124668j 0.00422409+0.00710855j -0.000313038+0.000601103j 0.00245915-0.00313959j -0.00306044+0.000387484j -0.00731771+0.00445038j -0.0015293-0.00502712j 0.00228301+0.00522892j -0.00154306-0.00112117j 0.00597103+0.00299519j 0.00401376-0.00113987j 0.00344188+0.00349023j -0.00425396-0.00255175j -0.0080576+0.00429599j 0.00342943+0.00325915j -0.00229168+0.00854734j -0.0033508+0.00228087j -0.00230585-0.009126j -0.000265095+0.00217162j 0.00224578+0.000222569j 0.000428828-0.00442337j 0.00752694+0.00011256j 0.00516851-0.0115016j -0.00331528+0.00154337j 0.00289281+0.00724053j 0.00185783-0.00590585j 0.00164592+0.00105034j 0.000627902-0.00719939j 0.00172116+0.0029553j 0.0033466+0.00445094j 0.00456874-0.00272691j 0.00727923+0.000450586j -0.00283082+0.0124654j -0.00775594-0.00233626j -0.00319641-0.00857428j -0.000565218+0.0116582j -0.00185036-0.01453j -0.00483788-0.00318663j -0.0100616-0.00551918j 4.89834e-05-0.00755j 0.00283812+0.0116183j -0.0024984-0.00211238j 0.00440534+0.00636233j 0.00348699-0.0106641j 0.00831145-0.00282374j 0.00621062-0.00751288j -0.00161611-0.0162204j -0.00203302+0.00885392j 0.0026762+0.00761286j -0.00174899-0.00490827j -0.00602079+0.00605146j -0.000451527+0.00577371j -0.00544529+0.00917413j -0.0019712+0.00218578j -0.0103086-0.00057157j 0.0034193+0.00113532j -0.00773369+0.00567341j -0.00432376+0.00840548j 0.00337233-0.00694179j 0.00915612+0.00620698j 0.000374277-0.0090416j -0.0010879+0.000226534j -0.000456076+0.00626101j -0.00326921+0.00106234j 0.00521799+0.00267725j -0.00404126-0.000727565j 0.000227007+0.00359313j -0.003061+0.011648j 0.00189958+0.00714591j 0.000348116+0.00295602j -0.003181-0.00112769j 0.00360059-0.00512275j -0.00121718-0.00777531j 0.00502125+0.00285069j 8.82769e-05+0.00500268j -0.00286532-0.00671155j -0.00357548+0.00238055j -0.00111372-0.000700511j 0.00164364+0.00234253j 0.00635771-0.00323671j -0.00134774-0.00487801j 0.00176408-0.00110372j -0.00116187-0.00545811j 0.00364396-0.00112689j -0.000394942-0.00349626j -0.00181824-0.000395781j 0.00284967-0.00311498j 0.000700588+0.00442546j 
-0.000877475+0.00178137j -0.00268549-0.00408376j 0.00378809-0.00360252j 0.00185515+0.00218424j 0.00156933-0.000471693j 2.94761e-05-0.00511693j -0.0021669+0.00210718j -0.000615693+0.00423178j -0.000728464+0.00749902j 0.00362718+0.00338848j -0.00217894-0.00282561j 0.000984493-0.00134115j 0.00195564-0.00499397j 0.00310022+0.00182902j -0.000814629-0.00411455j 0.00334183+0.00514982j -0.0097399+0.00758275j -0.000947929-0.00218537j 0.00112946+0.00354601j 0.0045121-0.00373795j -0.00190357+0.00158328j 0.0079049-0.00591845j -0.00497632+0.000639761j 0.00129905+0.000549703j -0.00216172-0.000633982j 0.00261714-0.00419027j -0.00871441+0.000524122j -0.00166429-0.00198487j 0.00654993+0.0150101j 0.00594004+0.000997778j 0.00429067-0.00224345j 0.0054132+0.0117027j 0.00341927-7.96009e-05j 0.00174796+0.0074797j 0.00771854+0.0076536j 0.00341811+0.00114103j -0.00585295-0.000936946j -0.000273673-0.000516053j -0.0101127+0.00500449j 0.00298511+0.00407778j -0.00175964-0.00619788j 0.00194775-0.00262243j 0.00184511-0.00814189j -0.00991854-0.00624804j 0.00403515-0.0100739j -0.0072166-0.00545552j 0.00574886+0.00275518j 0.00455577+0.000429153j 0.00150093-0.000579292j 0.0291629+0.000698534j -0.0036099+0.00907868j -0.0046539-0.00478239j 0.00467846+0.00530418j -0.0121472+0.00304485j 0.00286154+0.00145929j -0.00654798-0.000379782j 0.000754869+0.00507927j -0.00230451+0.00264938j 0.00622807+0.0118032j 0.00849875-0.00821361j -0.000823381+0.00185026j -0.0105256-0.00300861j -0.00565761+0.0117252j -0.00654107+0.000307193j -0.00209495+0.013427j 0.00240697-0.00576059j -0.00765891+0.000205876j -0.00377452+0.00134849j 5.75499e-05-0.00359702j 0.00065366-0.0043534j 0.00107519+0.00874219j -0.0048263-0.000917643j -0.00968068-0.00473504j -0.00325744-0.00317703j -0.00680938-0.00770449j 0.00114178-0.00248697j -0.00171372+0.0002096j -0.00103857-0.00739974j -0.00158068+0.00863777j -0.00800998-0.00737013j 1.9296e-05-0.00198546j -0.00339624+0.00221476j -0.00610969-0.00105899j -0.00693962-0.00348481j 0.00287777+0.00207785j 0.00528762+0.00411947j 0.000299714+0.00381991j 0.00166517-0.00047008j -0.00421563-0.00338463j 0.00400493-0.00406573j -0.00158191-0.00500336j -0.00446752-0.00201838j 0.000538505-0.000580847j 0.00167539-0.00176924j 0.00367953-0.00102804j 
-0.00207728+0.000501467j 0.00111939+0.000991083j -0.00129832-0.00164071j -0.00205935-0.000492323j -0.00304731-0.000435999j -0.00299663-0.000209118j 7.55483e-05-7.31307e-05j -0.00320348-0.00012639j 0.00168153-0.00241191j 0.000655912-0.00228051j -0.00474593+0.000837083j -0.00379704-0.00186236j -0.000642993-0.00116039j -0.00335344-0.0035985j -0.000308439+0.00327513j 0.0011408+0.00329219j -0.00199814-0.00358189j 0.00127951+0.00522931j 0.00365346-0.00520025j -0.00180023-0.0023426j -0.00111131-0.00140162j -0.00348939+0.00352004j 0.00239293+0.00868861j -0.0045656+0.00448879j -0.00795342-0.001235j 0.0135451+0.00421536j 0.00193916+0.00453011j 0.00441217+0.00433036j 0.0026686-0.00354503j 0.00191369-0.00348155j -0.00194405+0.00278646j 0.00226299-0.00466391j 0.00769301-0.0080408j 0.0127668-0.00181746j 0.00964983+0.00510042j -0.00318004-0.00169416j 0.00649605-0.00316861j 0.00219601-0.000781688j 0.0130055+0.00187621j -0.00324664+0.0107939j -0.00117209+0.00525253j -0.0163328+0.00995633j 0.00553825-0.00220447j -0.000210942-0.00352825j 0.00656858+0.00654706j 0.00418174+0.00627424j -0.00132628-0.00418479j 0.00892311+0.00641719j 0.00151047-2.79618e-05j -0.00967196+0.00719012j 0.0110554-0.00632992j -0.00316154+0.00121491j -0.000528416+0.00636768j -0.0110416+0.00343112j -0.0117318-0.000989037j -0.00671949+0.0142217j -0.0119004+0.00476433j -0.00531161-0.00870503j 0.000359914-0.00305729j -0.00713888+0.00441663j -0.0090052+0.00338229j 0.00050538-0.00718505j -0.0028399-0.00472488j 0.00480381+0.00186022j -0.000141696+0.00197929j -0.00606335-0.00544196j -0.00355884-0.000936614j 0.00662973-0.00608651j 0.00571994-0.000913521j -0.00629021+0.000717941j 0.00307075-0.000739514j 0.000161541-0.00883956j -0.00769429+0.00811416j -0.000463579+0.00614762j -0.00528917-0.00337745j 0.00114678-0.00417496j -0.0053855+0.00114898j -0.000299987+0.0017877j -0.00509613-0.00161239j -0.00628822-0.00318101j 0.000846443+0.0013863j -0.00135032+0.00411388j 0.0014208+0.0015123j -0.00438248+0.00103403j -0.000428192-0.00197022j 0.00318246+0.00649204j 0.000612922+0.00398813j 0.00224271+0.00295287j -0.00207521+0.00265638j 0.000878633-0.00031241j -0.000442184-0.0010737j -0.00249003-0.0023054j -0.00016268-0.00390573j 0.000737104-0.000417745j -0.00400471+0.000443698j 
-0.00163405+0.00252511j -0.00127287-0.000255216j -0.00101575+0.0005178j 0.000349563+0.00301689j -0.00134699-0.000678033j -0.00163355-8.09695e-05j 0.00154602-0.00132575j 0.0016028+0.00163625j -0.000374966-0.00395327j -0.00203672+0.00123336j 0.00261619-0.00146376j 0.00243245-0.00551983j 0.000991674-0.00516046j -0.000247761-0.00146947j -6.75735e-05-0.00493116j 0.00175663+0.00103559j 0.00313304+0.00314444j -0.0030904+0.00229084j 0.00299079-0.00658793j 0.00253005-0.00701795j 0.00534562-0.0013459j 0.00360956-0.00532966j 0.0040043-0.00129216j 0.000799104+0.00173397j -0.00256574+0.000239038j -0.000289733-0.00612589j 0.00300616+0.00365923j 0.00199889+0.00133816j 0.00469877-0.00361166j -0.00347264+0.000680998j -0.00449615+0.00604581j 0.0103775-0.0133371j -0.00232381+0.0060354j 0.00252349-0.0108267j 0.00939617-0.00129176j -0.00379282+0.00840015j 0.00425462+0.0090686j -0.0103318+0.00662374j 0.0041375-0.00575152j -0.00306973-0.00308322j -0.0086775-0.00286326j 0.000860567+0.0112142j -0.00107403-0.00709553j -0.0133003-0.00027397j 0.0118009-0.0147433j 0.00322262+0.00597438j 0.00433373-0.0139366j 0.00222212+0.0127385j -0.00518924+0.00405652j 0.0121091-0.00228265j 0.0166633-0.00786436j 0.00261373+0.00572019j 0.00739054+0.00315556j 0.00576238-0.00551381j 0.0110324-0.00300178j -0.00606747-0.00454266j -0.000680034+0.00418498j 0.00188873+0.00121226j -0.00131145-0.00480103j -0.00428472+0.00182287j -0.00057558-0.00125205j -0.00206349+0.000828449j -0.00114153+0.00241033j 0.00874604-0.00766198j 0.000427382+0.000514814j -0.001896+0.00724431j -0.00335969-0.00576113j -0.00263732-0.000876331j -0.0030868+0.0056079j 0.00481093-0.00108169j -0.00630166-0.0111084j 0.00782666-0.0040997j 0.00209123-0.00195447j 0.00157346-0.00603914j 0.00193881-0.00112114j -0.00097295-0.00896077j -0.00219439+0.00549667j -0.00247185+0.000797888j -0.0050218-0.00248352j -0.00427139+0.00431158j -0.00510406+0.00531274j 0.00334836+0.00198104j 0.00189797-0.00402542j 0.00261942-0.00150326j 0.00173228-0.00277159j -0.000482298-0.000108017j 0.00377374+0.00601158j -0.00324303+0.00472392j -0.00346192+0.00270705j 0.00329461+0.000389784j -0.00303246-0.00184009j -0.00237197-0.000396694j 0.000653976-0.0026251j -4.86136e-05+0.00232266j -0.00214196-0.0016985j 
0.000762416-0.000398668j -0.00230312+4.10391e-05j 0.00224832-0.0035954j 0.000804644-0.000517606j 0.00255543+0.00141517j -0.00110802-0.00307807j -0.00060253+0.0042015j 0.00277793-0.0034475j -0.00329911+0.00154647j 0.00115336-0.00406107j 0.0016347-0.0058306j 0.00140741+0.00269999j -0.00568713+0.000483543j 0.0055981-0.00762631j 0.00131302-0.0015215j 0.00954218+0.00186182j -0.00219249-0.000948874j 0.00522795-0.00112317j 0.00729899-0.00734931j 0.00216478+0.0026294j -0.00687804-0.00155336j -0.00105401-0.00291973j -0.00195951+0.00413138j 0.00196791+0.00628757j -0.00190825-0.000509227j 0.00242371+0.0036082j -0.00426821+0.000650959j 0.000178701+0.0081966j -0.00224881+0.00432416j 0.00012199+0.000959712j 0.0151993+0.00352712j -0.00363848+0.00289566j -0.00160207+0.00760118j -0.000589646+0.00398567j -0.0118799-0.0054486j 0.0093326-0.000947233j -0.00676879-0.00289438j 0.0064768-0.0101611j 0.0141402+0.00548879j -0.00143946+0.000180085j -0.00280698-0.0102678j -0.00168294+0.00178834j 0.00384727-0.00457596j -0.0112544-0.00542463j 0.00411274-0.0021529j 0.0102071-0.00152863j 0.00175706-0.00530937j -0.00820927-0.00096303j -0.00155413+0.000224581j 0.00817343-0.00256494j -0.00572893-0.010165j 0.00656384-0.00458849j 0.00221593+0.00325025j -0.0144875-0.000646265j -0.00251412+0.00332845j 0.00299573+0.00106169j -0.0109356-0.00207171j -0.00713455+0.00685535j -0.0203561-0.0012716j 0.00541265-0.00937309j 0.019225-0.00898345j 0.0119652+0.00433666j -0.00598487-0.0199771j 0.00122644+0.00860176j -0.00561865+0.00397722j -0.00477649+0.00477796j -0.0122706-0.0105117j 0.00482792+0.00242968j 0.0073935-0.00193278j -0.00769056+0.00139231j 0.00870658-0.00719393j -0.00209039+0.00600855j -0.00994208+0.00373508j 0.00542447+0.00127398j 0.00398128-0.00427529j 6.24056e-05-0.00607424j -0.0062281-0.00438182j 0.00417264+0.00837373j -0.00504569-0.00474875j 0.00505245+0.00618165j -3.18808e-06+0.00621807j 0.000542388+0.00308698j 0.00338728-0.000857359j 0.00620551-0.00384571j 0.00105735+0.00201753j -0.0016498-0.00117371j -0.00392766-0.00310729j 0.00139233-0.000297086j 0.000707311-0.000618859j 0.0025858+0.00523554j -0.00331416-0.000113005j 0.00284552+0.00283817j 0.000765413+0.00134342j 0.00301991+0.00355139j -0.00141176-0.00422971j 
0.00259701+0.00368405j -0.000596168+0.00161528j 0.00375166-0.000548802j 0.00117447+0.00258521j -0.00239316+0.00354386j -0.000628098+0.0032993j -0.0054191-0.00152641j -0.000122925+0.00358202j 0.00412482+0.000309984j -0.00105595-0.00036387j -0.00158606+0.000496163j -0.00161407-0.00366182j 0.00473364+0.00123928j -0.00290598+0.00211218j 0.00244709+0.00182804j 0.00251565-0.000695989j 0.0103884-0.00750761j -0.00965375+0.0031775j 0.00312384+0.00122532j -0.0013015-0.00565407j 0.0101632+0.0106975j -0.00284409-0.000296913j 0.00465471+0.00140087j -0.00268379+0.00973577j -0.0102857-0.000517993j 0.00311753+0.00126593j 0.00748752-0.00158529j -0.0045461-0.00128124j 0.0112698-0.00801394j -0.00854459+0.00141686j 0.00385041+0.00221846j 0.00565849-0.00649669j 0.0200567-0.0105388j 0.00547292-0.00418742j 0.00216092-0.00105529j -0.00189463+0.000951917j 0.00940086-0.00342216j 0.0026609-0.00224867j 0.00645578+0.00445371j -0.000668944+0.00432962j 0.00610997+0.000236961j -0.0186851-0.00700915j 0.00827199+0.000404791j -0.0110049+0.00806926j 0.00252892+0.00392941j 0.00707847+0.00414254j 0.00802601-0.00555583j 0.00417104-0.00158758j -9.24215e-05+0.00154851j 0.00249848+5.11781e-05j -0.00197267+0.000851529j -0.00500446-0.00672622j 0.00114066+0.000408002j -0.00851729-0.0150103j -0.00125791+0.00364822j -0.0106161+0.00810999j -0.00509353-0.00987437j 0.00329437-0.00399787j 0.00337085-0.00142955j 0.00913269-0.00252403j -0.00808789-0.000319484j -0.00164242-0.0038291j 8.62305e-05+0.00772764j -0.00640968+0.00717245j 0.00930502+0.000341036j -0.00702563+0.00587961j 0.00359944-0.00599018j 0.00837112-0.00740998j 0.00243386+0.00404683j -2.24836e-05+0.00672141j 0.00786314+0.00981544j -0.000341338-0.00840078j -0.00462039-0.00477585j 0.000164124-0.00638212j 0.00323397+0.000334164j 0.00123544+0.0013349j 0.000725408-0.0154742j 0.0025149+0.00140905j -0.00137109-0.0053505j -0.00173912+0.0023585j 0.00500596-0.0020768j 0.00195195+0.0051482j -0.00267538-0.000291168j 0.000519805+0.000201353j 0.00585564-0.00492327j -0.00249563+0.00300083j -0.00362335-0.005058j -0.00182982-0.00235379j 0.00209964+0.000383596j 0.0014415-0.00425473j 0.00429217-0.000661795j 0.000548452-0.00446184j -0.000192916-0.00304443j 0.00227253-0.00371825j -0.00188312+0.00194435j 
0.00116772-0.00095326j 0.00069152-0.00025469j 0.00319915-0.00443334j 0.00400082+0.000451407j 0.000345405+0.000435602j 0.00432965-0.00309018j -0.00312514+0.00610233j -0.00205655-0.00461369j -0.000436857+0.00418208j 0.00790951+0.00311966j 0.00165919-0.00139673j 0.00334059+0.00397285j 0.00125975+0.00111881j 0.00102397+0.00353458j 0.0047881+0.00139751j 0.000584456-0.0025568j -0.00389236-0.00620942j 0.00244046+0.00240304j 0.00563047+0.00485469j 0.00113063+0.00303278j -0.00296538+0.00514955j -0.00411481-0.00438218j 0.00194865+0.00688381j -0.000176157-0.00313842j 0.00490241-0.00514707j 0.00320133+0.000940142j -0.00988617+0.00271274j 0.00372664+0.00744727j -0.00451676+0.00927033j -0.000995414+0.00632996j -0.00366674-0.0123494j -0.000319441+0.00516804j -0.00685507-0.000472091j -0.00963161+0.00955114j -0.00714694+0.0009238j -2.23663e-05+0.000669652j -0.00273358+0.00243451j 0.000176803-0.00397898j -0.00633308+0.00149733j 0.000548092+0.00986879j 0.00953904+0.00251834j 0.00287931-0.00527534j 0.00278047+0.011909j -0.00283382+0.00448124j 0.00508623-0.00306147j 0.00491867+0.00358509j 0.00479913-0.0138174j 0.00312786+0.00636084j -0.000852743+0.00188308j 0.00689939-0.00164304j 0.00155304+0.00639162j 0.00810171-0.000382499j 0.00454909-0.00107698j -0.000201102-0.00634927j 0.00176978-0.00383143j -0.00343893+0.00734648j 0.00695666-0.00215399j -0.00139182-0.00401591j 0.0106293+0.00287367j 0.00608514+0.00509278j -0.00285281-0.00202315j 0.00254319-0.00269223j 0.00444404+0.000690335j 0.000789536-0.00412442j -0.00134614+0.00532158j 0.00685583-0.00536281j -0.00576448+0.0107371j 0.00239977-0.0105092j -0.00869425+0.00233084j -0.00515896+0.00477868j -0.00693615-0.00780738j 0.00112321+0.00153949j 0.0101345+0.00666716j 0.00314368-0.00694455j -0.00668086+0.00254636j -0.00454277+0.00248603j 0.000206974+1.05082e-05j -0.000863038+0.00367076j 0.00488494-0.00309054j -0.00204316-0.00117144j -0.00298268-0.0009569j 0.00581227+0.00308047j 0.0030892-0.00442718j -0.00225644+0.00567112j -0.003433-0.00173158j 0.00734684-0.00479454j 0.0016067+0.00460919j 0.00115588-0.00697047j 0.00360795+0.00622785j -0.001588-0.00491617j 0.000228143+0.000595659j -0.00152745+0.000535436j -0.00156252-0.00599079j -0.00182414-0.00145903j 0.00245775+0.00167374j 
0.00183544+0.00209781j 0.000311442+0.00107894j 0.00322226+0.00254978j -0.00312521+0.00485346j -0.000278208+0.00116345j 0.00221293+0.00650679j -0.00623028-0.0019739j 0.0015896+0.00213783j 0.00864625-0.000162049j -0.00603396+0.00328292j -0.00424891+0.00346477j -0.00647051+0.00661326j -0.00236134+0.00219188j -0.000412048+0.00420904j 0.00410326-0.00127145j -0.010031+0.00553056j 0.00278421-0.00131546j -0.00204385+0.000776384j 0.0088595-0.00203416j 0.000447769+0.00492825j 0.01363+0.001842j -0.00152365-0.00418844j -0.000456427-0.00195362j 0.00201168-0.00475602j -0.00455821+0.000127881j -0.00106985-0.00397614j -0.00210535+0.00122909j -0.00354835-0.0021185j 0.00188415-0.00640115j 0.00716348-0.00683422j -0.00119337+0.0065554j 0.0126683+0.0058492j -0.00315236-0.010059j 0.00974209-0.012059j 0.00464343+0.00669888j 0.000745114-0.00185977j 0.0101854-0.00616956j 0.0042145-0.00453312j -0.0055152+0.000208406j 0.000468427-0.00691161j -0.00203593+0.000877908j -0.00344837+0.00266003j 0.014736+0.001075j -0.00731647+0.00190517j 0.00305762-0.0103343j 0.00895933+0.00187304j 0.0134433-0.000711761j -0.000821342-0.00565085j 0.00510529-0.00572485j -0.0109545+0.00615801j -0.00733576-0.00620921j 0.00887345-0.00877302j 0.00565492+0.00314555j 0.000461822-0.00755642j -0.00699255+0.0148348j -0.00619655+0.00222168j 0.0038093-0.00559186j 0.0115628-0.00319712j 0.00815203-0.00298842j 0.00867171-0.00620815j 0.00365029-0.0046949j -0.00656359-0.00466027j 0.0120738-0.0006741j 0.00299238+0.0126583j 0.00530774+0.00708168j -0.00952265-0.00473771j 0.0113158-0.00490929j -0.00498927-0.00735786j 0.00557331+0.00747862j 0.00402849-0.000211096j -0.00229722+0.00711349j 0.00189841+0.000739626j 0.00296698-0.00123104j -0.00236951-0.000500947j 0.00807364-0.00111104j -0.00138174+0.00208334j -0.00065638-0.00188282j 0.00453876-0.00360437j 0.0012328-0.00985541j 0.00115085-0.00178995j -0.00202065-0.0075961j 0.00362381-0.00298034j -0.00705624+0.00484099j -0.00785505+0.0019594j -0.00361908+0.000967883j -0.00142616-0.00423882j 0.00134914-0.00611387j -0.00285376-0.000853143j 0.00208067-0.00146425j -0.00417207-0.00193286j 0.00141309-0.000971901j 0.00122769-0.000491893j 0.0012758+0.00244484j 0.000481394-0.0010171j 0.00438799-0.00110859j 
0.00272304-0.00102241j 0.00239247+5.67574e-05j -4.94943e-05-0.00025146j -0.000678045+0.00016859j 0.00120881+0.000959489j 0.00365221-0.00145887j -0.00368565+0.00174215j 0.00372489-8.95778e-05j -0.0019473+0.00257305j 0.00118318+0.000341903j 0.00166478-0.00340103j -0.0037801+0.00494953j -0.00168755-0.00611344j 0.00301325-0.00165733j 0.00789175+0.0030407j 0.00219255+0.00135024j -0.00102438-0.00213254j 0.000465886-0.00300512j -0.00387314+0.00304312j -0.00053318+0.00221207j 0.00149429-0.000802009j -0.00148758+0.00191475j -0.00637306-0.00458046j 0.00962748-0.00120819j -0.00389608-0.0102273j -0.0096329+0.00449436j -0.00310818-0.00102507j -0.0068366+0.00715712j -0.00297934+0.00609032j -0.00149628-0.00614318j -0.00052105+0.00302384j 0.0114757+0.00261551j -0.00550291+0.00476725j -0.0100908-0.000741501j 0.003334-0.00547273j -0.000316251-0.00645831j -0.00973784-0.00224516j -0.00133343-0.00426631j 0.00510594-0.0145298j -0.00135273+0.00330794j -0.00775778+0.00290107j 0.001342+0.0115374j -0.00157044-0.00625942j -0.00236106-0.00028355j 0.00837364+0.0103924j 0.000376092+0.00961587j -0.00171363-0.00797594j 0.00116457+0.0171694j 0.00455087-0.00528766j 0.00439901-0.00535027j 0.000679215+0.0107405j -0.00515769+0.00351123j -0.00172546+0.0146275j 0.00282638-0.00331439j -0.00807617-0.00601345j -0.00808015-0.00651851j 0.000243895+0.00499836j 0.00553731+0.00231796j -0.00120333+0.0138516j 0.0021496+0.00340199j -0.0139307+0.00533579j -0.0108079+0.00225212j 0.00206477+0.00571236j -0.00459375-0.0089143j -0.00103003-0.00310174j -0.00822399+0.00366271j 0.00598508+0.000581275j -0.0045058-4.54609e-06j -0.00440423+0.000213759j 0.00335982+0.00374811j 0.000115348+0.00210261j 0.006781-0.00476401j 0.00671023-0.00198994j 0.000607214+0.00311565j 0.00211844+0.00214908j 0.00279667+0.0055984j -0.00509301+0.00135116j 0.0043013+0.00710934j 0.00388948-0.00401177j 0.0122335-2.70135e-05j -0.00422553+0.00553195j -0.000226397-0.00411011j 0.000197217-0.00433902j 0.00118316+0.000738732j -0.00263879-0.000397081j 0.00136505-0.00410926j -0.00452669-0.000357533j 0.000271857+0.000768073j 0.00457157-0.000675479j -0.00375598+0.00274611j 0.00137408+0.00516678j 0.00227299+0.00024557j -0.000313186-0.00142798j 0.000709489+0.00337351j 0.00154622+0.000271201j 
-0.00138395-0.0038323j -0.000297928+0.000121437j -0.000926522-0.00263624j -0.00128436-0.00128114j 0.00106595-0.00203965j -0.0042913-0.00109884j -0.00326155+0.00375107j -0.00477624-0.00545295j 0.00050718+0.00282094j 0.00092588-0.000430916j -0.000265926+0.00139465j 0.00219103+0.0024388j -0.00452486-0.00431159j -0.00192581+0.00016105j -0.00212397+0.000522888j -0.00973514-0.00659162j -0.00177926+0.00375479j -0.00172044+0.00240061j -0.00810049+0.00696962j 0.00325852+0.00338327j -0.0040638-0.00350471j -0.00922995-2.84278e-06j -0.00485589+0.00738078j 0.00765912-0.00832163j 0.00548099-0.00489161j 0.00415775+0.000195197j -0.00161454-0.000173031j 0.0104382+0.0063896j 0.00606556+0.011748j 0.00525178+0.00889244j -0.0132157-0.00607666j 0.00929141+0.00664998j 0.0126401-0.00220567j 6.52382e-05+0.00376315j -0.00646725+0.00557974j 0.0123014+0.0172679j 0.009179+0.00147357j 0.00743773+0.00284913j -0.00143235-0.000629795j 0.00159239+0.00380014j 0.00659221+0.00469182j 0.00996644-0.000286577j 0.00103781+0.00246243j 0.000799345+0.0102567j 0.000954743-0.0122779j 0.00667362+0.0221434j 0.000821438-0.00631093j -0.00115926+0.00686795j 0.00455431+0.000229896j -0.00233879-0.0143243j -0.00587374-0.00232048j 0.0064458+0.0101028j 0.00269863+0.00749602j 0.00895981+0.00374575j 0.00489431+0.000835551j 0.00620612+0.00250358j -0.013002+0.0044456j 0.0074632-0.00553379j 0.00503133-0.00278712j -0.00248049+0.00199778j 0.00208409-0.00668457j 0.00120166-0.000789178j 0.00467798+0.00282971j 0.0125673-0.00728933j -0.00299423+0.00341368j 0.00313324+0.0101117j 0.00237744+0.00576714j 0.00444529+0.00251717j 0.0066446-0.00266623j 0.0062625+0.000434011j -0.00526906-0.00540685j -0.00673041+0.0020709j -0.0018419+0.00741955j -0.000753338+0.00400672j -0.00647172+0.000293652j -0.0030414-0.00337011j -0.00337115+0.00529311j -0.00379487-0.00450097j -0.00503172+0.00522088j 0.000843705+0.00609969j 0.00115658+0.00382793j 0.00209146+0.00137149j 0.000513033+0.00622335j -0.000936455-0.000373795j 0.0014923-0.000204718j -0.00271403+0.00464015j -0.001455-0.00206781j -0.000373497+0.00259422j -0.00698265-0.00302834j 0.000728857+0.000449442j -0.00533843+0.000727974j 0.00306946-0.00227241j 0.00330186+0.00449869j -0.00135016+0.00173277j -0.00459514-0.00145748j 
-0.00337892-0.00148622j -0.00293745+0.00572746j -0.000582221-0.00149365j -0.00135871-0.000318674j -0.00273516-0.00350588j -0.0029285-0.00229018j 0.0013251+0.0025832j -0.00425868+0.00160173j -0.00874217+0.0030642j -0.000420687-0.000750867j 0.00204306-0.00245317j -0.00421731+0.000721904j -0.00487294-0.00134035j -0.00305633+0.00357538j -0.0026948+0.0076267j -0.00439401+0.00586167j -0.00666524+0.00136506j 0.000478176+0.00349106j -0.000968424+0.00432919j 0.00417566-0.00222637j -0.00709851-0.00682623j 0.00123275+0.00253634j -0.000631637-0.00863616j 0.00482279-0.00058727j 0.0055229+0.000762624j 0.00577237-0.00772596j 0.00318612-0.00143658j 0.00426604-0.00598002j 0.00236343+0.0113953j 0.00312098+0.00097085j 0.000529266+0.00421031j -0.0101437+0.0150106j -0.00546903+0.00713529j 0.000136269-0.000681125j 0.00664203+0.00099284j 0.00427958-0.00828895j 0.00620858-0.00614362j 0.00530041-0.000450918j 0.0015422+0.00568374j 0.00822608-0.00159633j 0.00563029-0.00908042j 0.00982188+0.0107152j -0.00813367-0.00572137j 0.00457736-0.000221679j 0.0104656+0.0063906j -0.000433406-0.0186359j 0.00452661-0.0080492j 0.000702031-0.000286812j -7.84711e-05-0.00498357j 0.00427997+0.00326039j -0.00422052-0.00330021j -0.00565997-0.00304017j 8.73985e-05-0.00336114j 0.00281468+0.00209685j 0.00303349-0.00238288j 0.0137755+0.000596804j -0.0103018-0.00513296j -0.000697097-6.30552e-05j 0.00018812+0.000349114j -0.00667388-0.00604137j -0.00699427+0.011788j 0.00140608+0.00150977j -0.00155832+0.00497242j -0.0161881+0.0097737j 5.96265e-05-0.00877853j -0.00212616-0.00110305j -0.00176624-0.00813546j 0.00246813+0.0101503j 0.00610594+0.00333002j -0.00092467+0.00473148j 0.0048895+0.00659731j 0.000164036-0.00990754j 0.0066322-0.00992428j 0.00340684+0.00550775j -0.00823456+0.00748999j 0.00718894-0.00413049j 0.00217926-0.00468053j -0.00358495+0.00445935j -0.00559277-0.00657775j -0.00567714-0.00156647j 0.00636593+0.0098057j -8.74966e-05+0.00233007j 0.00962128+9.03531e-05j 0.00642586-0.00258896j -0.000374457+0.00388917j -0.00407047-0.00149499j 0.00699737-0.000469472j 0.00275663+0.00117689j -0.00128341-0.0031357j 0.00395788+0.00658138j 0.00131632+0.0021279j 0.00586925+0.0018473j 6.17649e-05+0.00518108j 0.00488641+0.00241143j -0.00513191-0.00642218j 
-0.00419999+0.00250949j -0.00128841-0.00518036j 0.000290814+0.000500069j -0.00128905-0.00110138j 0.000862622+0.00357604j -0.00073241-0.00140084j 0.000558955-0.000307489j 0.00141359-0.00473586j 0.00105708+0.000338908j 0.000551449+0.0034802j 0.00177703-0.00404453j 0.000662945+0.00522767j -0.00157614+0.00656384j 0.00328893-0.00429355j -0.00259542-0.0049494j 0.00372313+0.00379002j -0.0020495-0.000715978j 0.00236062+0.00172351j -0.00416624+9.57327e-05j 0.0043594-0.00192593j -0.00676594+0.00575331j -0.00460849-0.00637518j 0.00429966+0.00648172j -0.000113523-0.0117752j -0.00295044-0.00405256j 0.0022764-0.00344885j -0.00297108-0.00426343j 0.0113516-0.00383384j 0.00295329-0.00209394j 0.00227777+0.00452036j 0.00680557-0.0119335j 0.00561407-0.000428353j -0.00303568-0.00541146j -0.00323555-0.0054892j 0.00650511+0.00996144j -0.00594622+0.00599267j -0.000889713-0.000455367j 0.00373674+0.000690756j -0.00659681-0.00844898j -0.0048473-0.00373284j -0.00720405+0.00235608j 0.00618187-0.00667252j -0.0110681+0.00494516j 0.00710506+0.00271517j -0.00586311-0.0095852j -0.0197027+0.000681367j -0.01216+0.00110589j -0.0114031-0.0101064j 0.000361819+0.00551514j 0.00688664+0.00611199j -0.003582-0.00445086j -0.0119516+0.00351073j -0.0112302+0.00125662j 0.00222255+0.00224387j -0.000890207-0.00785997j 0.00412236-0.0181283j -4.19466e-05+0.00916258j -0.00369017-0.0045375j -0.0027836-0.00288366j 0.00171938+0.00590192j -0.00639942+0.00220827j 0.00331002+0.00102806j -0.00480466-0.000696813j -0.00581556-0.001294j 0.00405865+0.00535422j -0.000137651-0.000248594j -0.00195515-0.00447108j -0.000845521-0.00046405j -0.00582227+0.00676796j -0.00554864+0.00635083j -0.00308153-0.00110584j -0.00374511-0.000356888j 0.00172044+0.0034428j 0.0038588-0.010581j -1.70838e-05-0.00525088j -0.00138214+0.000165403j -0.00535237-0.00422j 0.00136385+0.00104279j -0.00819183-0.00744441j -0.00468615+0.00315685j 0.000330373-0.000240023j -0.00219584+0.000306079j 0.00354236+0.00909895j -0.00218133-0.00300787j -0.00101529+0.00222357j -0.000285826+0.00148981j -0.00239672-0.0049052j -0.00115419-0.00583853j 0.00511855+0.0034162j 0.00179903+0.00196062j 0.00139561-0.00489724j -0.000514847+0.00416268j -0.00452338+0.00173372j 0.00158839+0.00355491j 0.00534519+0.000680532j 
0.000108121+0.000641931j 0.00382649-0.00488204j -0.0036449+0.0018051j 0.000654539-0.00222179j -0.00617376+0.0038045j 0.00195634-0.0071959j 0.00366188-0.00360312j 0.000203086-0.000622064j 0.00243046-0.00195319j -0.00193954-0.00165604j -0.00368935-0.000554281j 0.000340445-0.00262834j 0.00880133+0.00174442j 0.00187193+0.00124648j 0.00274013+0.00122648j -0.00500108+0.00200092j -0.00470542-0.00337548j 0.0062901+0.00336004j -0.00765531+0.00185752j -0.00324589-0.00084696j 0.000364005+0.00663622j 0.0024676-0.00281664j -0.000693949+0.00798632j -0.0018711+0.000370804j -0.00290968-0.00207915j -0.00118862+0.00323543j -0.00291372-0.00985542j -0.000725952+0.0019687j -0.00772224+0.00349221j -0.00253336-0.000247401j 0.011986-0.00299374j 0.00407208+0.00199194j 0.00741709+0.00195404j -0.00129338+0.00351668j 0.00468823+0.0129921j -0.000884023-0.00492384j -0.00194975+0.00979731j -0.00859786+0.00383556j 0.00343656+0.00301499j 0.00027873+0.00073024j 0.00558081+0.00291504j 0.00265896-0.000973232j 0.0040773+0.00428384j -0.00162886-0.000608903j -0.0105472-0.00601713j 0.00115233+0.00302613j 0.00359199+0.00384192j 0.00959505-0.00534008j -0.00753576-0.0126322j 0.013036+0.0132389j -0.00106136+0.00622779j -0.00444452-0.00610248j 0.00562707-0.00230492j 0.00741964-0.00397381j -0.00106261+0.0158428j -0.00609441-0.000749002j 0.00384463+0.00308626j -0.00497842-0.00903425j 0.00220018-0.00296324j -0.00361492+0.0052036j -0.000700933+0.000870415j 0.00121252+0.0106828j -0.00200476-3.14008e-05j 0.00462197-0.011672j -0.00367746-0.00211805j -0.00661768+0.00186118j 0.00134087-0.0116007j -0.000624103-0.00206713j 0.00523306+0.00400352j 0.00350263-0.00125431j 0.00390359-0.00109571j 0.00563728+0.0012564j 0.00380164-0.00457974j 0.00334548-0.00230081j 3.00124e-06+0.00214243j 0.00533504-0.0058786j 0.00324473-0.0108597j 0.00434456+0.00398394j 0.000475991-0.00437802j 0.00416215-0.00301301j 0.00342074+0.00270807j -0.00466875+0.00371013j 0.00281961+0.00348065j 0.00208272+0.00126626j 0.00289133+0.000194848j -0.00160204-0.0049464j -0.00422924+0.00218033j 0.003088+0.0015138j -9.74174e-05-0.00577926j -0.00585379+0.00219603j -0.000329831+0.00224855j -0.00180612+0.000707223j -0.00139074+0.000626333j 0.000997479-0.000357179j 0.000211069+0.000920891j 
0.00166193+0.00294938j 0.00118421+0.000704924j -0.00157802+0.00037411j 0.00298912-0.000415036j -0.00664929-0.00210279j 0.00551261-0.00242958j 0.00292302-0.00157628j -2.5357e-06+0.00595227j 0.000219223+0.00172719j 0.00630157+0.00614322j -0.00120497+0.00341321j -0.00224979+0.000949871j -0.000158905+0.00145118j -0.00177802+0.00519084j 0.00375737-0.000340486j -0.000488498+0.00424817j -0.00789525+0.00636061j 0.00766206-0.000103099j -0.000725074+0.00993588j -0.000965826-0.00471571j -0.00116358-0.00812877j 0.00436136+0.00103695j 0.00296879+0.00463619j 0.00512354-0.000991885j -0.00586963+0.00365273j 0.00394326-0.0108808j 0.00123855+0.00424183j -0.00171403-0.00309503j -0.00673632+0.000940529j -0.0015674+0.00338899j 0.00075853-0.000622776j 0.00804248+0.0134668j -0.00548693-0.00495045j -0.00556906-0.0108011j 0.000972857+0.0033016j 0.00758864+0.00149708j -0.00868418-0.00634861j 0.00234039-0.00179735j -0.0025175+0.0183019j 0.0027838+0.00103625j -0.00350284+0.00175893j -0.00157737-0.00407963j -0.000668369+0.0048217j -0.00621414-0.00279818j 0.0222117-0.0109886j -0.010285-0.0011255j -0.00289627+0.00288895j -0.00190753-0.00677532j 0.0047791-0.00894999j -0.00470183+0.00700402j 0.00733734+0.000417406j -0.00202007-0.00317212j -0.00096247-0.0110959j 0.00488745-0.00770042j -0.0137273-0.00635609j -0.00324613+0.00608011j 0.000182566-0.00705861j 0.0104195+0.00276544j 0.00958089-0.0116131j 0.00807159-0.0020465j 0.00493388-0.00901267j 0.00716596+0.00643388j 0.00685511-0.00184088j 0.00539671-0.00185585j -0.00246877-0.00254125j 0.00110727-0.00404057j 0.00435241-0.00227986j -0.000400131+0.000169271j -0.00583049+0.00713374j 0.00299777-0.00826373j -0.0020743+0.00836141j 0.005807-0.00359196j 0.00342974+0.000785788j -0.00803947+0.00129917j 0.00929978+0.00257163j 0.00065042+0.000305045j 0.00608483-0.00692068j -0.00209877+0.00416919j 0.00982436+0.00090353j 0.000702755+0.00336682j 0.00033624-0.000556554j 0.00405129-0.0018539j -0.0078846+0.000566824j -0.000962338+0.00303401j 0.00132589+0.00193848j 0.0010523+0.000525434j -0.00480816+0.000988826j -0.00220191+0.00628987j -0.000811356+0.003772j -0.00113604+0.000829438j -0.000660092-0.00130567j -0.00264889+0.00387451j 0.000385924-0.00330987j -0.000263205+0.00013076j 0.00089325-0.00148385j 
0.00371087-0.00194246j 7.62171e-05-0.00320381j 0.00436135-0.00314542j 0.00440481+0.00140547j 0.00247176+0.000745212j 0.0024112-0.00243428j 0.00164864+0.000902908j -0.00374722-0.00706981j -0.00037752+0.000937377j -0.000176025+0.00523199j 0.00254038-0.00366164j -0.00342823+0.00547284j -0.0011459-0.000938135j 0.00272459+0.00101041j -0.00388771-0.0112559j 0.000160321+0.00247205j -0.00412389+0.00623604j 0.00220457+0.00190264j -0.00144926-0.00689907j -0.00282625-0.00254715j 0.00637751+0.00384492j 0.00148259+0.00522975j 0.00178665-0.00398191j -0.00549977-0.00784053j -0.000419983-0.00681719j 0.000487088-0.00304213j -0.00974149-0.00145544j -0.00410016+0.00118541j 0.00477792+0.0039147j -0.0012563+0.000599588j -0.002917+0.00120525j 0.00194911-0.0036262j -0.00179241-0.00416892j 0.0048098+0.00295521j -0.000741281+0.00125398j -0.0031786+0.000124063j 0.0049278-0.00313141j 0.00791862+0.00167557j -0.00178031+0.00392064j -0.00433992-0.00569294j -0.000321819+0.00156229j -0.00630741+0.000973375j -0.00884355-0.0118943j 0.01284+0.00132145j -0.0112701-0.0114211j 0.00262558-0.00039363j -0.00415158+0.00814411j -0.0142918+0.00411047j 0.00921062+0.00050255j -0.00809093+0.00860545j -0.000703491-0.00451722j -0.000767605+0.00726875j -0.0185518+0.000586871j -0.00352494+0.00653935j -0.00816846+0.00227821j -0.00205514+0.00536514j 0.000400208+0.00125079j 0.00168081-0.00104403j 0.00247492+0.00215867j 0.00813099-0.00288366j -0.00399049-0.00270321j 0.0019089-0.00905942j 0.00170915-0.00752137j -0.00835404-0.00253298j 0.00523852+0.00203876j -0.00726286+0.00488525j 0.00384168-0.00448617j -0.00303337+0.00581062j -0.00169666-0.000211443j 0.00988169-0.000698558j -0.0043319-0.00892952j -0.000212811-0.00125256j -0.00125397+0.00151329j 0.000388824-0.00366003j -0.00516203-0.00407242j -0.00578738-0.00256836j 0.00038023+0.00534726j -0.00574359-0.00189085j 0.00219529-0.00576638j -0.0013916-0.00131093j -0.00801656+0.00084454j 0.00599406-0.00222068j -0.000187828-0.00415158j -0.00262843-0.00205585j 0.00128697+0.00450958j 0.00883936-0.00188593j -0.00389885+0.00119355j -0.00135562-0.00149425j -0.00295287+0.00464752j -0.00583446-0.00121279j -0.00374411+0.00177164j -0.00273395-0.00129977j 0.00309666+0.0022868j -0.00211111-0.00402073j 0.00111893+0.00305831j 
-0.00426998+0.000140734j 0.00112757-0.00478809j -0.00592947+0.00381766j -0.00131968-0.00368626j 0.00215025+0.000790052j -0.0011528+0.00283062j 0.00436683-0.00729914j -0.00134385+0.00746812j -0.0006418+0.000573946j -0.00578785-0.00425956j -0.00133607+0.00221506j 0.00275616-0.00209667j 0.00451037+0.00196729j -0.00639466+0.00188382j 0.00200505+0.00336375j 0.00057498-0.00888158j -0.00056901-0.00305005j -0.00336957-0.00515405j -0.00397741+0.000119336j 0.000587505+0.00158109j -0.00113408-0.00276275j 0.00196123+0.00302128j -0.00862929+0.00104381j 0.00384443+0.00185548j 3.32066e-05-0.00635335j 0.00342601-0.00219741j 0.00274272+0.0101613j -0.0133404-0.00275473j -0.00239164-0.00312824j 0.00182164-0.00266245j -0.000787376+0.0046254j 0.00228821+0.00921223j 0.00623158-0.00295398j 0.00292455-0.00239252j -8.38502e-05+0.00238845j 0.00170176+0.0111326j -0.000702361+0.00689434j 0.0038003-0.00300276j -0.00801975+0.0100343j -0.00461491-0.00302007j -0.012301+0.0112991j 0.00328747-0.00291962j -0.00943635-0.00697462j 0.00222915-0.00139544j 0.00538007-0.00330753j -0.000860716+0.011357j -0.00788364-0.00275608j -0.00634427+0.00334002j -0.00278075-0.00364387j -0.00197363-0.0128059j -0.00844188-0.00832113j 0.00157799-0.00210817j 0.00176626-0.000404286j -0.0079112-0.00598577j 0.00279119-0.00326268j -0.00477868-9.53904e-05j 0.00133463-0.0086339j -0.00507293-0.00286407j 0.000373003+0.00280326j 0.000776696-0.00928382j 0.0105842+0.00267366j 0.00162201-0.000989131j -0.00262987+0.00322416j 0.00304403+0.00851612j 0.00407965-0.00423972j 0.00270461+0.00141278j -0.00943537-0.00327437j 0.0106381-0.0072762j 0.000204349+0.00260916j -0.00685589+0.006565j 0.0095824+0.000479803j -0.00957775+0.00458076j -0.00567787+0.00230799j -0.00135099+0.000873178j -0.00587342+0.00303996j 0.0067066-0.000519964j 0.00286263+0.00109944j -0.00263587+0.000844433j -0.00849805-0.00302615j -0.0022132+0.00527873j 0.00417299-0.00425221j -0.00460726+0.00418595j -0.000151366+0.00426479j -0.00200195-0.000933087j 0.000109988-0.000283713j -0.0108477+8.81014e-05j 0.00471318-0.00398588j 0.00576108-0.00198233j -0.00649028-0.00209178j -0.00211263+0.000674683j 0.0056148-0.00102432j -0.00565769-0.00190031j -0.00401867+0.000754431j -0.00519267+0.000207911j 0.000186767+0.00767026j 
-0.00225279-0.00499807j 0.0022287-0.00173897j -0.00370926-0.000533895j -0.00164076-0.00626497j 0.00446138+0.00240328j -0.000426874+0.003148j 0.00225029-0.00568529j -0.000833217-0.00158405j -7.70485e-05-0.0035843j -0.0026593-0.000422074j -4.38913e-05-0.000615334j -0.00406756+0.000932243j 0.00112164-0.00367073j -0.00438743+0.00210635j -0.0012149+0.000278538j 0.00530422-0.000539263j -0.00212406-0.00655838j 0.00204578+0.00135759j -0.00429715+0.00105477j -0.0010559-0.00274592j 0.00193114-0.00527018j -0.00632203-0.00185795j 0.00116483-0.00826546j 0.00467275-0.000899156j 0.0018178-0.00415271j 0.00228588-0.0058372j -0.00264745+0.00715816j 0.00642339+0.00172288j 0.00049704+0.0023476j 0.00375395-0.00601857j -0.00133486+0.00441261j -0.00203703-0.002451j 0.0042647-0.000584443j -0.00169375-0.00112755j 0.00287145-0.00265189j -0.00827258+0.000835876j -0.00215447+0.0013912j 0.00341014+0.000203563j -0.0124604+0.0163333j -0.00269063+0.00735046j 0.000264533-0.00218457j 0.00289303+0.00221129j 0.00487568-0.0100276j -0.0017031+0.000202254j 0.000592115+0.0043469j -0.00361418+0.00104928j 0.00460134-0.0147888j -0.00370274-0.0131772j -0.00562051-0.00449572j 0.01001+0.0167009j 0.00324426+0.0050572j 0.00181173-0.00558566j 0.000510867-0.00358859j 0.00769436-0.00218484j 0.00646154+0.00187213j -0.00646635+0.0124635j 0.00680131-0.00416388j -0.00335843-0.00013184j 0.00047198+0.00700361j 0.00570252+0.00546434j 0.00218826+0.000480575j 0.00113395-0.00708836j -0.00171722-0.00503137j 0.00631379-0.0118161j 0.00225189+0.00170237j 0.00386493+0.000594127j -0.00915771+0.0042133j -0.00604581+0.00370028j -0.00178698-0.000887657j 0.00887784-0.00800164j 0.0031685-0.00983028j -0.00513748+0.00450404j 0.00485189-0.00198487j -0.00120966+0.0052793j 0.000675176-0.000631756j 0.00813019-0.0114296j -0.00507697-0.00372075j -0.00456382+0.000916054j -0.0040801+0.00611744j 0.00226498-0.00336039j 0.00103403+0.000752902j 0.00118851+0.00137423j -0.000232936+0.0054938j -0.00412957+0.00212982j -0.00152306-0.000322711j -0.00178325+0.00684485j -0.000216026-0.0010579j 0.00358462+0.00351182j 0.002495-0.00645652j -0.00206544+0.000866819j 0.00011884-0.00473982j 0.00761001-0.0021964j 0.00452849+0.00343043j -0.00560141+0.002392j -0.00321262-0.00314449j 
-0.000712746-0.00187287j -0.00296352+0.000814438j -0.00270291-0.00182241j 0.00228342-0.00275169j 0.00456648-0.00621736j 0.00632149+0.000885385j 0.00141921-0.000705128j 0.00242283+0.00410942j 0.00510806+0.00325447j 0.00940785+0.000349992j 0.00627752-0.00408889j 0.000319649-0.0017896j -0.000530659+0.000337509j 0.0015469-0.00463891j 0.00233854-0.000362851j -0.00190922-0.00364625j -0.00107311-0.00233115j 0.00370486+0.00302841j 0.00176227+0.00560061j -0.00287267-0.00180065j 0.00404114-0.00322733j -0.00806606+0.00268437j 0.000938662+0.00623186j -0.00174899-0.0006543j 0.00020176+0.000809909j -0.0025419+0.000984789j 0.0031281+0.00453568j 0.00694109+0.00231896j -0.0142004+0.000539122j -0.00374931+0.00295574j 0.00407506+0.00157644j 0.00472703+0.00824026j 0.000127048-0.00700529j -0.00133185-0.00139408j -0.00287567-0.00543234j 0.000348871+0.00731181j 1.00681e-06+0.0110868j -0.0104897-0.00480789j -0.0044722+0.000902546j -0.00797849-0.00516361j 0.00366311-0.00150665j 0.0147646+0.00151125j -0.0027418-0.0013458j 0.00777016+0.00481061j -0.00289955-0.00052814j 0.00388052+0.00418349j -0.00341131-0.00242124j 0.000622889-0.00416991j -0.00909922-0.00696024j -0.00167334-0.00676257j -0.00327173-0.0070962j 0.00414079-0.00368679j -0.00417273-0.00826656j 0.00306607-0.0026634j -0.00594721+0.00592954j -0.00698806-0.00100018j 0.0066909-0.0110781j 0.00350319-0.000907841j 0.00788539-0.0015906j 0.00240976-0.00904387j -0.0130447-0.000335535j -1.02259e-05-0.0014157j -0.00321778+0.00235561j -0.0176437+0.00421973j -0.011122-0.00371986j -0.00490195+0.00839015j 0.0127438-0.0108896j 0.00192495-0.00499315j -0.00414058-0.00294728j -0.002065+0.0120518j -0.0089888-0.00432754j 0.00667894-0.00545654j 0.00141053-7.36124e-05j 0.00355385+0.00199778j 0.00587273-0.0053616j -0.00131093+0.00520078j 0.00780169-0.00634241j -1.72712e-05+0.00292205j -0.00203268-0.00474078j 0.00507171-0.00410949j -0.00263421+0.00823126j 3.30229e-05+0.00121224j 0.00407637+0.000715003j 0.000907289+0.000341427j -0.00351637+0.00339863j 0.0034224-0.00253844j -0.00190965+0.00286003j 0.00561906-0.00368853j -0.00403694+0.00654378j 0.00475164+0.0026482j -0.00026733-0.00646315j -0.00055961+0.00268394j 0.00623518-0.00564343j -0.00307428-0.00635821j 0.000147305+3.11735e-05j 
0.00188278+0.00136715j -0.000535336+0.00617752j -0.000103978+0.00046042j -0.00115551-0.000368822j -0.00233459+0.00189124j 0.00352651+0.00184143j -0.00270107-0.00186666j 0.00489776+0.00432646j 0.000540339+0.00225721j 0.00334835+0.00285011j 0.00205792+0.00366533j 0.00268313-0.00191715j 0.000413181+0.00225471j -0.000917071+0.00672051j -0.000272186+0.000590177j 0.0039479+0.00333455j 0.0113116-0.00706043j 0.00120065-0.00151056j -0.00585669-0.00128381j 0.000423592-0.0015499j -0.00276205-0.0049662j 0.00839274+0.00337497j -0.00306606+0.00546431j 0.00296172+0.0100351j 0.00761443-0.00756409j -0.00326281+0.00512098j -0.00748661+0.00345531j 0.00207302-0.00121522j -0.00565296-0.00414361j 0.00335388-0.00627624j 1.3846e-05+0.00350293j -0.0118471-0.000711068j 0.00302139-0.0104646j -0.00403432+0.00429733j 0.00197681+0.00450877j 0.0138802-0.00596786j 0.000348148+0.000864317j 0.00277185+0.00251134j 0.00132251-0.00742763j 0.000970095+0.0170093j 0.0185288-0.000733546j -0.0123607-0.000234687j -0.0144463-0.0109395j 0.00146713-0.0007736j 0.0178778+0.00117347j -0.00749547+0.00935077j -0.00248684+0.00071441j 0.00727306+0.00722371j 0.00765879-0.0113132j -0.0112147-0.000351406j 0.00417421+0.0118857j 0.00412189-0.00639175j 0.0084352+0.000429804j 0.00149088-0.00482241j -0.000241136+0.0016553j -0.00954372+3.10482e-05j -0.00150457+0.0088093j 0.00287441-0.000378227j -0.00627205+0.00494878j 0.000306174-0.00111053j 0.00572053-0.00147553j 0.00751553+0.00607365j -0.00177378+0.00183311j 0.00162077+0.00206583j 0.00136724+0.00145024j -0.000222218-0.00632427j -0.00586174-0.00248481j 0.00412363-0.00444698j 0.00380145-8.59978e-05j -0.000295949+0.00178727j -0.00194136-0.00313813j 0.003745+0.00865322j 0.00310441-0.00282475j -0.000587169-0.00205654j -0.00327623+0.000670272j -0.0056155+0.00193234j 9.54275e-05+0.000831354j -0.00392697+0.0015409j -0.003765+0.00251317j -0.00333036+0.00384346j -0.00160695-0.00164205j 0.00377272+0.000786348j 0.00155861+0.000375711j 0.00045967+0.000237761j 0.00332936-0.00612605j 0.00180194+0.00138269j -0.00036054+0.000682186j 0.00284282-0.00231739j 0.00120738-0.000660097j -0.00258322-0.0059281j -0.0047152+0.00550961j 0.00227236+0.000957805j 0.00127937-8.47508e-06j -0.00150317-0.00124648j -0.00142873+0.00208824j 
-0.00208755-0.00249755j 0.00348616-0.00210295j -0.00105892-0.00323103j 0.00547635-0.00108604j -0.000922806-0.00518333j 0.00045907+0.000226967j 0.00493345+0.00199205j 0.00142106-0.00240605j -0.00230268+0.000230431j -4.85741e-05+0.00104264j 0.00613861+0.000758553j -0.00263887+0.00350026j -0.000662953-0.000950734j 0.0023205-0.00319726j 0.00273142-0.00701433j 0.00560156-0.00147675j -3.28985e-05+0.000567475j -0.00278349+0.000576807j -0.00166558-0.00161405j 0.00182458-0.00276575j 0.00512772-0.000999379j 0.00417065+0.000159641j -0.000294354+0.00131455j 0.00704972-0.00613385j -0.00217511+0.00673437j 0.00502054-0.00162398j -0.00108339+0.00237145j -0.00983449+0.00132744j -0.00281085+0.00356913j -0.00506794-0.00614729j 0.0116384-0.00315021j -0.000588221-0.00525747j -0.000510381+0.00369004j -0.0105518+0.0166682j -0.00484832+0.0100154j 0.00617327+0.00856403j -0.0066905+0.00503257j -0.00291107-0.0109054j -0.000149524+0.000411917j 0.00274466-0.00777073j 0.0037964-0.00473899j -0.00282544+0.00163453j -0.00807981+0.00149101j -0.00585568+0.00891967j 0.00248198+0.0054611j 0.00793174+0.00485016j 0.00135961+0.00346365j 0.00439071-0.0068724j 0.00567204-0.00293767j 0.00255988+0.000574007j 0.00677293+0.001185j -0.00714896+0.00183096j 0.00462354+0.00482981j -0.000315265+0.00368839j 0.00708508+0.00652635j -0.00685358-0.010728j 0.00128227-0.00119515j 0.0102232+0.00519404j 0.00954231-0.0068633j -0.00797448+0.00238507j -0.00516815+0.00714411j 0.001092-0.000264454j 0.00762166-0.000551747j -0.000515802+0.000793264j 0.000274099-0.00298701j 0.000828932-0.00201112j 0.00216363+0.00155106j 0.00573503-0.00428499j -0.000440994+0.00139289j -0.00393685+0.00681467j -0.00361012-0.000324236j 0.0085218-0.00154272j -0.0031874-0.00153284j 0.00176906-0.000720476j -0.0072388-0.00601762j 0.000408374-0.0016076j 0.000839575-0.00676434j -0.00182241-0.00181398j 0.0108098+0.00238913j -0.000727859+0.00173142j 0.00145609+0.00263339j -0.000969711-0.00625478j 0.00144957-0.000522605j -0.000223372-0.00348513j -0.000431713+0.00334958j 0.000189571+0.000615801j -0.000773027+0.00112946j -0.00646744+0.00125263j 0.0013337+0.00443447j -0.0028927+0.00242456j -0.00147895-0.00478974j 4.39625e-05+0.00322121j -0.000521916+0.000851358j -0.00215395+0.000862873j 0.00284165+0.000289379j 
0.000778711-0.00243644j -0.00188753+0.000771107j -0.000290533+0.00134244j -0.00347617+0.00158001j 0.00137672+0.00309485j 0.000107114-0.00351903j 0.000204423+0.0012762j 0.00233552+0.00284039j -0.00138165-0.00164483j 0.00391281-0.00355922j -0.00123066+0.000280821j 0.00633453-0.00149844j -0.00338352+0.00388885j 0.00101199+0.00343589j -0.00145251+0.00141916j 0.00811571-0.0037289j 0.0033776+0.00155734j 0.000366229-0.00311308j 0.00302853-0.00193406j -0.00269457-0.000116681j 0.0026892-0.00102643j 0.00265944+0.00434894j -0.00248317-0.0029444j 0.000703939+0.0020185j -0.000180529-0.0015792j -0.00507071-0.00653574j -0.00331431+0.000493342j 0.00749675-0.00294836j -0.00190228-0.0119441j 0.000892018+0.00673258j -0.00105894+0.0106917j -0.000788527-0.00232848j 0.00179021-0.000765151j -0.00562114-0.00111623j 0.00290091+0.00301111j 0.00231897-0.00969006j 0.0014481+0.00215021j 0.00356519+0.00626595j -0.000556475-0.00295403j 0.00347172-0.00792443j 0.0126672+0.00973667j -0.00677921+0.00718849j -0.00773519-0.00541775j -0.00937591+0.00390848j -0.000982983-0.0105663j -0.00315851-0.0013419j 0.00779802+0.00463569j -0.00143518-0.00105349j 0.00579486+0.0071754j 0.00970607+0.00675479j -0.0051993-0.00268175j -0.00629924+0.000687698j -0.000892054-0.00336877j 0.00137413+0.0120903j 0.00651155+0.00467127j -0.00243104+0.00152489j 0.00334874+0.00190892j -0.00236037-0.00384874j 0.00461846-0.00359496j -0.000540243+0.00353767j -0.000379031+0.00130739j -0.00322466-0.00237419j -0.00510163+0.0104386j -0.00219367+0.00175542j -0.000255855-0.00205681j 0.0100552-0.00328406j -0.000771433+0.00575142j -0.00201921+6.96465e-05j -0.00125229+0.00034912j -0.00835617+0.000542301j -0.00147732+0.000350912j 0.000320405+0.00370156j 0.0021377-0.00691872j -0.00118309-0.00183143j 0.00481743-0.0019554j -0.000669522+0.0030403j -0.00246283+0.00581385j 0.00175486+8.25214e-05j -0.00271177+0.00167843j -0.00174503+0.003998j -0.00551052-0.00195351j 0.00108809-0.00303082j -0.00282936-0.00198379j 0.00914806-0.00380882j -0.000599806-0.000359546j -0.00144468-0.000577215j 0.00158273-0.000706613j -0.0019408-0.00069495j -0.000991518-0.0033525j -0.00261602-0.00378914j -0.00602021+0.000509347j 0.000136368+0.000382151j 0.0013886+0.00122428j -0.00404412-0.00111636j -0.000417674+0.000382231j 
0.0018579+0.00169443j -8.48218e-05+0.00343029j 0.003386-0.000110844j 0.00183313+0.00421729j -0.000505394+0.00298726j -0.00243514+0.000513025j -0.00529163+0.00224254j -0.00442451-0.000732212j 0.00277168-0.00532474j 0.00304355+0.00186835j -0.00484858+0.00355058j -0.0054384+0.00227388j -0.00104347-0.00402934j -0.00590918+0.00202231j 0.00691796+0.00304886j 0.0025559+0.00543177j -0.00288859+0.00183978j 0.00366108-0.00560903j 2.85204e-05+0.00136558j 0.00331644-0.00226533j -0.00688717-0.00523714j -0.00235749-0.00118686j -0.00287419+0.000387132j -0.00368877+0.0022542j 0.00367162+0.00302816j -0.00853753+0.0082471j 0.0110044+0.00560421j -0.0124365+0.00414871j -0.00143881+0.00365628j -0.00617808+0.00698618j 0.00230155+0.00852746j 0.00207901-0.00188532j 0.00640891-0.00256589j -0.0146474-0.00798809j -0.0053928+0.000839778j -0.0107907-0.00445296j -0.00216996-0.00430769j -0.00237154-0.000334095j 0.00107916+0.00719326j -0.00573813+0.0112913j 0.00517597-0.00955966j -0.00174475+0.00564003j 0.00550026+0.00129254j -0.00599689-0.00464174j 0.00503658+0.000401578j -0.00602666+0.00374858j -0.00763456+0.00213148j -0.00306182-0.00867226j 0.0111268-0.00192023j 0.00351086+0.00700219j -0.00203304-0.00579437j -0.00205832-0.0139986j 0.00542374+0.00341229j -0.00190082-0.00377113j 0.00290932-0.00328051j -0.0079784+0.00542038j -0.000901075+0.00990963j 0.00650066-0.00210754j 0.00308401-0.00277245j -0.00125302-0.00724737j -0.012279-7.18253e-05j -0.00502831-0.0081872j 0.00271469-0.00346753j 0.00935473+0.00224457j 0.000801338+0.00143381j -0.000592526-0.00234955j 0.00251247-0.00567266j 0.0003256+0.000976259j -0.00018452+0.00647296j -0.00282504-0.00728556j -0.00446814+0.00176848j -0.0013677+0.000286106j -0.00255694+0.00568202j -0.00181349+0.00330302j 0.00360703-0.00117133j 0.000180133-0.000503579j 0.0110771-0.00151424j 0.00261395-0.00483951j 0.00563849+0.000518303j -0.00360966+0.00187057j -0.00161468+0.00158144j 0.00990789+0.00132922j -0.00209075-0.00190349j -0.000726295-0.000609082j -0.00496367+0.000839414j -0.000245593-0.00229457j -0.00149469+0.00819889j -0.00440844+0.000997723j -4.15542e-05-0.000508968j -0.00292954+0.00495655j 0.00163966-0.00365389j 0.00167402+0.00249436j -0.00363352+8.36851e-05j -4.00519e-05-0.000382608j -0.00259562-0.0018447j 
0.0011697-0.00289135j -0.00271439-0.00235997j -0.00262923+0.00115013j -0.000400645-0.00253114j -0.00168325-0.00213691j 1.62016e-05-0.00438192j -0.00250312+0.00126725j -0.00368512-0.00124646j 0.000686089-0.00125236j 0.00494829+0.000397899j 0.00369745+0.000175123j 0.00668609-0.00574875j 0.00356922-0.00351992j 0.00451584-0.00579296j 0.00249317-0.00215575j 0.000194934+0.0032969j 0.0112006-0.00308823j 0.00532303+0.000945423j -0.0062945+0.00431433j 0.000271803+0.00656337j 0.0110422-0.00664705j -0.00993758+0.00282296j -0.00177695+0.00835396j 0.00198908-0.00442638j -0.00166801-0.00321739j 0.00172756+0.00393559j -0.00117159+0.00203884j -0.001001+0.00182987j 0.00114065+0.00341683j 0.00355655-0.000539603j 0.00604892-0.00712491j 0.00335231-0.000830258j -0.00792739-0.000496798j 0.00213104+0.00780288j 0.00683569-0.00371146j 0.010845+0.00956178j -0.0106752+0.0090199j -0.000537789-0.00805189j -0.00131975+0.00343603j -0.00830035-0.000952663j -0.00241274-0.00139815j -0.0046725-0.00224104j 0.0121554+0.00604267j -0.010031+0.00468138j -0.00192671-0.00462823j 0.00159234-0.00164518j 0.00719694-0.00200886j 0.00274058-0.0115394j -0.000832331-0.000120666j 0.00303351-0.0106969j -0.000255604-0.0100306j -0.00192358+0.00435685j -0.000693436-0.00136277j -0.00119845+0.00741501j 0.00682833-0.00263158j -0.00197641+0.0116481j 0.00144157-0.00911404j -0.0043898+0.0015585j -0.00212077-0.00164773j -0.00112728-0.00780242j 0.00259067-0.00313817j -0.00485306+0.00205384j 0.00521442-0.00539072j -0.00455228-0.00184473j -0.00403348+0.000237179j -0.00361594+0.00163751j 0.00309406+0.00297606j -0.000921956+0.00190729j 0.00382136-0.00166461j -0.00530715-0.000959219j 9.58939e-05+0.000973736j 0.00148065-0.00360369j -0.00289094-0.00203573j 0.00182362-0.00754006j -0.00102172-0.00272655j 0.00163802+0.00408368j 0.00113942-0.00297086j 0.00237002+0.00595j -0.00432908-0.00483161j -0.0074577+0.00329553j -0.00101257+0.0023509j -0.000676001+0.00133124j 0.0027714+0.000220799j 0.00585731-0.00113289j 6.62531e-05-0.00487678j -0.00540078+0.00233267j -0.00195439+0.000125283j -0.00446542+0.0027104j 0.000787176-0.00373752j -0.00265744+0.00593682j 0.00179114+0.00224636j -0.00105681-0.000889443j -0.00413387-0.000998902j -0.000235615+0.00108814j 0.00127235-0.00221915j 
0.00116921+0.00213271j -0.00102571+0.000954695j 0.00259045+0.00406799j -0.00181569+0.00461748j -0.00192612+0.00143779j 0.000871064-0.000306833j -0.00113423-0.00221467j 0.00292384+0.00491547j -0.00892938+0.000478069j 0.00251794-0.000135787j 0.00282602+0.00188243j 0.00192878-0.00238845j 0.00702284+0.00803403j 0.00200845+0.00579066j -0.00525504+0.006287j 0.00400768+0.00199663j -0.0045639-0.00472775j -0.00734224+0.00497065j -0.00105779-0.00188755j 0.000350402-0.000228644j -0.00328861-0.00225109j 0.000369792+0.00666104j -0.00290716-0.00366054j 0.00584481-0.00156584j -0.00266724+0.00376088j -0.00631748+0.00568654j 0.000507445+0.00787277j -0.00282618-0.00608921j -0.00343667-0.00706599j -5.16208e-05-0.00694536j 0.00330008-0.00457747j -0.00342117+0.00903429j 0.00382835-0.0174384j -0.00779375+0.00483044j -0.000515077+0.00546917j -0.014818+0.00579755j 0.0045405-0.00035475j -0.000740673-0.00871665j 0.00342085-0.00770104j 0.00123493-0.00547285j 0.00195422+0.0069724j 0.00563847+0.00428823j -0.00709851-0.0016084j -0.00403385-0.00622714j -0.00841945-0.00301536j 0.00288999-0.0141334j 0.00158033-0.00304665j 0.00806082-0.00398458j -0.00834828+0.012104j 0.006004+0.0101782j -0.00211672-0.00330934j -0.00486335+0.00539214j -0.00521662+0.000846508j 0.00696505+0.00838948j -0.00443722+0.00245079j 0.00168851+0.00231543j 0.00161389-0.000550222j -0.000631352-0.00300495j -5.46081e-05-0.00587437j -0.00284603-0.000814217j -0.00868111+0.00615158j 0.000975549-0.00043352j -0.00444728+0.00080684j 0.0118974+0.00185396j -0.000636418+0.00446858j -0.00639907+0.00377288j -0.0102822+0.00654615j 0.00173119-0.0047899j 0.00241454-0.00120252j -0.00477187-0.000163568j -0.0017016+0.000121125j -0.0012661+0.00118209j -0.000990216+0.00373059j -0.000450047-0.00222709j -0.00308282+0.00181825j -0.000523343+0.000117152j -0.000956048+0.0023351j 0.00340349+0.00183083j -0.00587444+0.00290881j 0.00397562+0.00360986j 0.00170328-0.00632572j -3.62226e-05+0.00662977j 0.00523377-0.00112868j 0.00493087+0.00027414j -0.000362849-0.00570822j 0.00235158+0.00289147j -0.0049299-0.000240315j 0.0018839-0.00071293j -0.00278652+0.000777756j 0.00328689-0.00520313j -0.000544736+0.000122182j -0.00193668-0.00472911j 0.00301629-0.00407066j -0.00130312-0.000425518j -0.0022267+0.00174736j 
-0.00610886-0.00217772j -0.000695499+0.00191781j 0.000211691-0.00592458j 0.00217856-0.00322755j -0.000499585-0.00497262j -0.00421674+0.00218072j -0.00241018+0.00174218j -0.00774741+0.00280756j -0.00201678+0.00468961j 5.49117e-06-0.0016814j 0.000201528-0.00183585j -0.00191738+0.00626933j -0.00239801+4.80542e-05j 0.00237714-0.00554754j 0.00243215+0.00480383j 0.00160388-0.00580538j 0.0064626-0.00297825j 0.00708712-0.00342928j 0.00724015+0.00800768j 0.00739481+0.00110882j -0.00501899-0.000843862j -0.0059549-0.00516522j 3.9017e-05-0.00490306j -0.00256679-0.0050164j 0.00123294+0.000922457j 0.00463694-0.0053972j 0.00291669-0.000801724j -0.00251687-0.00115217j -0.00263549-0.00100732j 0.000680294+0.000454476j 0.00669704-0.00605431j -0.00792248-0.00656653j -0.00564124+0.00550245j 0.000651488+0.00948907j -0.00159511+0.00366725j 0.0174164-0.00594836j 0.000721272+0.0196083j 0.00319595+0.00405788j 0.00180293-0.00509962j 0.00384884+0.0240828j -0.00145044+0.0139614j 0.00650667+0.00563704j 0.00759251+0.00576176j -0.00318359+0.012732j 0.00213674+0.00693256j -0.00758968+0.0134327j 0.00200759-0.00782857j 0.00135897+0.0094605j -0.00344432+0.00358891j 0.0018481+0.00330918j -0.00513174+0.00426327j 0.00174381+0.00493097j -0.00122972+0.00634422j 0.0074399-0.00508329j 0.00374326+0.00637214j 0.0116898+0.0113612j -0.00737395+0.00551118j 0.00690455-0.00564494j -0.000758282+0.00191124j 0.00643302+0.00395178j -0.000833273+0.00613069j -0.00283896+0.000274404j -0.00321988+0.0050612j -0.00111229+7.019e-05j 0.00421768-0.00033523j 0.00071218-0.000263856j -0.00296805+0.0065519j 0.00620946+0.000722442j -0.00605997-0.00645654j -0.00200339-0.00165001j -0.000520264+0.00208606j 0.00117432-0.00199269j 0.00836598+0.0022895j 0.00501304+0.00309603j -0.00319575-0.00318795j 0.00114746+0.00164894j 6.46958e-05-2.378e-05j 0.00184396+0.00138706j 0.00147872-0.00499788j 3.50876e-06-0.000174171j 0.00207926+0.00424936j 0.00630085-0.00257472j 0.00642245-0.00432251j 0.00375472-0.000231486j -0.00250976+0.00208379j -0.00108599+0.00103462j -0.00149872+0.00334133j -0.000830792-0.00116027j 0.000740013+0.000628238j 0.00345193-0.00110477j 0.0014129+0.00134169j 0.000562656+0.000673325j -0.00305256-0.000595805j 0.00251661+0.00436335j -0.00309948+0.000743142j 
0.00128922-0.00263474j -0.00143301+0.000203787j -0.00011901-4.165e-05j -0.00277013-0.00159739j 0.00226813+0.00289022j 0.000170178-0.00316132j -0.0047389-0.000419632j -0.000943196-0.00301853j 0.00543213-0.000142077j -9.28902e-06+0.00196308j -0.000156911-0.00313059j 0.0070131+0.00273345j -0.0050507+0.00710144j -0.00579974-0.00296462j 0.00490902+0.00250526j 0.00520304+0.00325598j -0.00195544-0.00298893j -0.00268198-0.00200228j -0.00109332+0.00794826j -0.00291262+0.00256384j -0.00687272+0.000122936j -0.00295989-0.00479691j 0.000501794-0.00343538j 0.00855545-0.00419694j -0.00698953+0.00592266j 0.00018203+0.00408417j 0.00429581-0.00224545j 0.00171961-0.00295598j 0.00458186-0.00480291j -0.00635001-0.00344242j -0.000970673-0.00354321j 0.00625472+0.00666714j 0.00648924+0.0122423j -0.0027669-0.00337579j -0.00464369-0.000486605j 0.0040475-0.00227151j -0.00758062+0.00526625j 0.00155647-0.0070051j 0.00288422-0.00425883j -0.00992883-0.00172751j -0.00980408+8.82279e-05j -0.00238715+0.00651639j -0.00542664-0.013197j -0.0116603+0.00244846j 0.000567281+0.000178416j -0.00374752+0.00166545j -0.00414529-0.00728237j 0.00468682+0.00205904j 0.00688104-0.00721268j 0.00490885-0.0044253j 0.00757529+2.17321e-05j -0.00373469-0.00281238j -0.00750899+0.00752582j -0.00408444+0.00087726j 0.00303184-0.0033198j -0.00269863+0.0037298j -0.00358024+0.000198581j -0.00181193-0.000700939j 0.00530518-0.000160156j -0.00257615+0.00594318j 0.00751417+9.33289e-05j -0.000854972+0.0031087j 0.00560498-0.00764671j -0.00913554+0.000497111j -0.00482197-0.00206928j 9.05975e-05-0.00184464j 6.61085e-05+0.000492891j 0.00446973-0.00582855j 0.00212727-0.0040161j -0.00460422+0.000285413j 0.000686471-0.00018792j -0.00220348-0.00458103j -0.00572363+0.00185761j -0.000423127+0.00172527j 0.00149104-0.000675988j 0.000344077+0.00366458j 0.00488291+0.00096625j -9.42899e-06+0.000128143j 0.0019922+0.00134293j -0.00510355+0.000949162j 0.00356262+0.00329414j 0.00247624-0.00662779j 0.000120756-0.000304881j 0.0015217-0.000842782j -0.00207495-0.000516428j 0.00248722+0.00247966j -0.00132293-0.00238818j -0.00433588+0.000421035j -0.00011583-0.000340456j -0.00623458+0.00242795j -0.00168864+0.00112661j 0.00173905-0.00015585j 0.00149659+0.00184358j -0.00192394-0.000790641j 0.00157384-0.000326014j 
0.000955554-0.00166749j 0.00672295-0.0031695j 0.000847345+0.000274437j -0.00128255+0.00232988j -0.00390759-0.00130876j 0.00544305-0.00468707j -0.00198405+0.00426826j -0.00217175-0.00227605j 0.00762329-0.00971394j -0.00199976+0.000116846j 0.000152906-0.0035067j 0.00755017-0.00376756j 0.000846371-0.00877597j 0.00587657+0.00134703j 0.00395309-0.0019449j -0.00335368+0.00191474j 3.48283e-05+0.00974398j -0.000622666-0.000284006j -0.00200782-0.00168442j 0.00620022-0.00183361j 0.00444017+0.00276911j -0.00355588+0.00153532j -0.00236534-0.00728921j -0.00786299-0.000296917j 0.00226109+0.00556373j -0.00555829+0.00652591j -0.00736343-0.00256492j -0.000313238+0.00687958j -0.00601814+0.00820449j -0.00357136+0.000749732j 0.00143305-0.00772858j 0.00104941-0.00368747j 0.00579368-0.00228075j -0.00715957-0.00286733j 0.00733268+0.00303356j 0.000637641+0.00936237j 0.00811896-0.0107714j 0.00145378-0.00448521j -0.00758041-0.00406888j -0.00215019-0.0115954j -0.00694837-0.0165009j 0.00182637-0.00305721j -0.00206681+0.00410418j -0.00148386-0.00360881j -0.00906849+0.00676136j -0.00698152-0.0167565j -0.00491823-0.00651489j 0.00223263-0.00819698j -0.00474329-0.00867826j 0.00301657-0.00875837j -0.0113796-0.00554972j -0.00239837+0.00641137j 0.00362814+0.00885026j 0.00223681-0.00508191j -0.00599211+0.00508023j 0.00123121-0.00331167j 0.00184118-0.00406988j -0.00967908+0.00584114j 0.000642563+0.00106795j 0.00120826+0.000949291j 0.00452663-0.00202701j -0.00142033+0.00275048j 0.000795493+6.52372e-05j -5.79286e-06-0.00223543j -0.00755624+0.00492105j 0.00102837-0.00569042j 0.00052099-0.000347939j -0.000390616+0.00800872j -0.00173924-0.00154933j -0.00342785-0.00670826j -0.00498431+0.00216196j -0.00435847+0.00138274j 0.00209214+0.00187799j 0.00550167-0.00110145j 0.00272958-0.00168012j 0.00238558+0.00725787j 0.00286773-0.00274424j -0.0042817+0.00159233j -0.00234869-0.00241985j 0.00248483-0.000876929j -0.00583762+0.00749343j -0.00133989-0.00219018j -0.00529775-0.000764413j 0.00518119-0.00195205j -0.00177648+0.00433199j 0.00116873-0.00114401j -9.31851e-05+0.00370541j 0.00230835+0.000755311j -0.00165816-0.00221255j -0.00438151+0.00178248j 0.00114568+0.00353701j -0.000707468+0.000140079j -0.00151865-0.000710432j 0.00429997+0.00377909j 0.00198582+0.00382735j 
0.000487588-0.000161719j -0.00596139-0.00100456j 0.00338166+0.00295021j 0.00303119-0.00163461j 0.00506205-0.000444565j -0.00336319+0.00877817j 0.00350563+0.000848625j 0.00242374+0.00175643j 0.00657043-0.000474845j 0.000623167+0.00239075j 0.00640258-0.00357775j -0.00292155+0.00222317j -7.46526e-05+0.00416457j 0.00115178-0.00591205j -0.00441241+0.00589115j 0.00492608+0.00409969j 0.00610197-0.00433721j 0.00144632-0.00835282j -0.0048443+0.000551573j -0.00505039+0.00506556j 0.00347928-0.00452592j -0.00971263+0.00745189j 0.0135173-0.00520329j 0.0118892-0.00416642j 0.00584224+0.000466094j -0.00494087-0.00283301j -0.00521812-0.00410246j 0.00574752+0.00186693j 0.000101699-0.00503293j 0.0128935-0.00665303j -0.00262545-0.00766782j 0.00179492+0.00257605j 0.00358413-0.00232334j -0.00614253-0.00331488j 0.00572438-0.00275268j 0.000565839-0.00335664j -0.00326553+0.00736768j -0.00218103+0.00532875j 0.00290936+0.00639854j -0.00434549-0.00917649j 0.00370938-0.000224702j -0.0145948-0.000780149j -0.00822141-0.00652062j -0.00553204+0.00560069j -3.72053e-05-0.000427313j -0.0150422+0.00179914j 0.0109772-0.00521724j 0.00146667+0.0032058j 0.00338205-0.0134094j -0.00437922-0.00228682j 0.0108397-0.000906805j -0.0103447+0.000495157j -0.000948563+0.000413158j 0.00349821-0.00332128j 0.00530527+0.00136161j 0.00385939+0.00459105j 0.00162552-0.00666418j -0.0025904-0.00349371j 0.00548172-0.00198066j -0.00285324+0.00287028j -0.00138941-0.00447308j 0.000363077-0.00369818j -0.002333+0.00218295j -0.00540993+0.00148524j -0.002102-0.00179037j -0.00449086-6.06521e-05j -0.00376125+0.00102199j -0.00863925+0.00102944j 0.00617726+0.00187241j 0.00588873-0.0049498j 0.00548117-0.00359758j -0.000202643-0.000771694j 0.00540568-0.00920098j -0.000215928-0.000795551j 0.0032234-0.0003135j -0.0030812+0.00149978j -0.0019153+0.00161899j 0.00598827+0.0066601j 8.11661e-05+0.00115091j -0.000308345+0.00199625j 0.00144403+0.00334231j 0.0015845-0.00125868j -0.00475421+0.00281378j -0.00115899-0.00357843j 0.00137353-0.0016864j -0.000950734-0.00246774j -0.00460353+0.0045963j 0.00180366-0.00389779j 0.00287748-0.000699881j -0.00165149+0.00176405j -0.000276342-0.00180681j 0.00265362-0.00100661j 0.00335229-0.00416081j -0.00199764-0.002014j 0.00261393-0.00287966j 
-0.00505684-0.00242765j -0.000263678-0.00237568j 0.00577826-0.00186323j 0.00366305+0.0028157j -0.00980808-0.00411317j -0.00148542-0.00407889j -0.00741627+0.00012944j -0.00517486+0.00583784j -0.00309798-0.00414575j 0.0060645+0.00218871j 0.00637173-0.000623369j -0.00794975+0.00100856j -0.00675737+0.00444383j 0.00110359-0.000723313j -0.0042602+0.00172066j 0.00243996-0.00405803j 0.00268975-0.00185767j -0.00372317-0.0067194j 0.00253871+0.00370595j 0.0104117+0.000393894j 0.00398275+0.0157559j 0.00167424+0.00359961j 0.0126871+0.000676172j 0.00310724-0.00451212j 0.00171301-0.0123556j 0.00931788+0.00055865j -0.00140816-0.00904983j -0.0107782+0.00462309j 0.00271836+0.00964686j 0.00300287-0.00124665j 0.00771131-0.00267002j -0.00702791+0.0118016j -0.00135521-0.00691108j -0.0172658+0.00531998j 0.0110125-0.00748537j -0.00809397+0.0130588j 0.00660404+9.80187e-05j 0.00105022-0.0023267j -0.00618559-8.44368e-05j 0.0126447+0.0127567j 0.00606351+0.0139153j -0.00715256+0.000312371j 5.96885e-05+0.0143322j -0.00136119-0.00963454j 0.00305392-0.00571167j -0.0105349+0.00807256j 0.00230423-0.00364881j 0.00738031+0.00423281j 0.00199886-0.00481503j -0.012901+0.00568173j 0.00340356+0.00484353j -0.00417714-0.00660399j 0.0114176-0.0133173j -0.00468232-0.00682619j 0.00121461+0.00418287j 0.00245062-0.00361678j -0.00651808-0.00040668j -0.00239361+0.00638848j -0.0013295+0.00486697j 0.00757189+0.00830165j 0.00644983-0.00357493j -0.00490047+0.00191436j -0.000314722-0.00410405j 0.00139921+0.000552499j 0.00160122+0.00463734j -0.000500318-0.00393133j -0.00171777+0.000861958j -0.00226371-0.000590628j 0.00186811+0.00504851j -0.00152484+0.00165909j 0.000751712-0.00268373j -0.00259244+2.29534e-05j 0.00716566+0.00103019j 0.00395834-0.00723289j -0.00134722-0.00124703j -0.000470623-0.00126166j -0.0030397+0.001227j 0.00374+0.00509084j 0.00132706+0.000809088j 0.00131772-0.000960176j 0.00286029-0.00476435j -0.00425466+0.00997303j -0.00368963-0.00187626j 0.00370409+8.18313e-05j -0.00105393+0.00142334j 0.000933684-0.00590727j 0.00029066+0.00162241j 0.00092963-0.00120432j 0.00232726+0.00114854j 0.00198273-0.000475198j 0.00572171-0.00165807j 0.000996547-0.000565586j 0.00125428-0.00338828j 0.00237192-0.00167843j 0.00295326-0.00320432j 
-0.00153398+0.00552567j 0.000871872+0.000712666j -0.00135873-0.00282988j -0.00128961+0.00165994j -0.00292673+0.00168095j -0.00213341+0.00570489j 0.00203225+0.00294524j -0.00140682+0.00279357j -0.00328486+0.00209766j -0.0050296-0.000732043j 0.000857395+0.00070298j 0.00346256+0.00420689j 0.00363763-0.00118205j -0.000473534-0.00133341j 0.00509237+0.000282188j 0.00157286-0.00140266j 0.00786133-0.00510876j -0.00402682-0.00204337j -0.00423831+0.00197139j 0.00122056+0.00400257j 0.011784+0.00688555j 0.000887928+0.00317359j -0.00994221+0.000530065j 0.00423151+0.00255032j 0.00132925-0.00356264j -0.00574456+0.00485136j 0.00210397+0.00366863j -0.00850659+0.00292614j 0.00556156+0.000381049j 0.00273018-0.0060896j 0.000499005-0.00318057j -0.000813337+0.00417832j 0.00964114-0.00335425j 0.00712744-0.00218703j -0.000755306-0.00888487j -0.00193173-0.0101325j -0.00808031+0.00303286j 0.00288213+0.00109409j 0.00718073+0.00202517j -0.0140927+0.00961015j -0.00666023+0.00159908j -0.00552115-0.00623836j 0.00272286-0.00195656j -0.00205106-0.00324609j 0.00633493+0.00314656j 0.00618858+0.00336857j -0.00353289+0.00409467j 0.00386747+0.000736438j -5.9767e-05+0.00142322j 0.00480916+0.0111263j 0.00327263-0.00498472j 0.00746848+0.00943422j 0.00221762+0.00554004j -0.00141659-0.00399242j -0.00712302-0.000112069j -0.00847177+0.00266258j 0.00159917-0.00147339j 0.00728295-0.00819604j 0.00564841+0.00269089j -0.00534308+0.00269728j 0.00335619-0.000217354j 0.00736536-0.00428205j 0.00851606-0.00444666j 2.38624e-05+0.0030155j 0.00542808+0.00195621j -0.000464136-0.00464832j 0.00219946+0.00492135j 0.0143058-0.00521865j 0.000898385-0.00481765j -0.00152912-0.00114178j 0.00311122+0.000781772j 0.00340355-0.00124079j -0.00829698+0.00459438j 0.00704207-0.00560365j -0.00244676+0.00591372j -0.000249834+0.00225705j -0.000819463-0.00307624j -0.0035929-0.00267363j 0.00382913+0.00241875j 0.00209743+0.00277353j -0.00101951-0.000273902j 0.00105168+0.00213246j 0.00154386-0.00130377j -0.00298325-0.000157108j 0.00139853+0.00014582j 0.0019656+0.00177827j 0.00115591+0.00144596j 0.000311567+0.00297413j -0.000497558-0.00142228j -0.000912065-0.00195662j 0.00273013+0.00203524j 0.00127805-0.00175006j -0.00316029-0.00145738j 0.00331049+0.00395416j 0.000485698+0.00366239j 
0.00484953-0.00389268j 0.000186052+0.00131303j 0.00159839-0.00404025j 0.00234869+0.00330835j 0.00404428+0.00156877j 0.00267195-0.00106146j 0.00397128+0.0034173j -0.00732045+0.00579699j -0.00238248-0.000130595j 0.000540959+0.00707525j 0.00364131+4.63975e-06j -0.00332941-0.00431055j 0.000524896+0.00102687j -0.00344915+0.00541048j -0.0022942-0.00192149j -0.0027004+0.00752451j 0.00164085-0.00061049j 0.0101712-0.0135947j -0.000585416-0.003412j 0.00504306+0.00722543j -0.000496957-0.00138789j 0.000419339-0.000119495j 0.00212992-0.00853445j 0.00441709-0.00177663j 0.00510162-0.00402214j -0.00329332-0.00488831j -0.0134846-0.00873954j -0.00955162+0.00170908j -0.0067911+0.0103173j -0.0077406+0.00129877j -0.00805904+0.00490314j 0.0117996+0.00625077j 0.00201359+0.00533909j -0.00863644-0.00194424j 0.00165596+0.0099195j -0.00637238-0.0015732j 0.00739691-0.0176217j 0.0019976-0.0109981j -0.000221996-0.00682224j -0.00290486-0.00854905j 0.00145642-0.00114234j 0.00477116+0.0068449j -0.0138966+0.00980725j 0.0120356-0.00635495j 0.00358403-0.00546398j 0.00379245-0.000605782j -0.000701579-0.00195002j 0.00104906+0.000406247j -0.00846971-0.00190494j -0.00632791-0.00165409j 0.0203668-0.000338973j 0.0024029+0.00463513j 0.00766304-0.00379046j 0.00891388+0.00264036j 0.00644901+0.0108745j -0.00244915-0.0012645j -0.00113079-0.00146066j -0.000475316+0.00355811j -0.00447274-0.00320628j -0.00340238-0.00395072j -0.00438139-0.00721912j 0.0118303+0.00833642j 0.00537799-0.00742539j 0.00102159+0.00108912j 0.00561253-0.00402077j 0.00233948-0.00278017j 0.00137075+0.00275701j -0.000800804+0.00237118j 0.00447368-0.000791357j -0.00116026-0.00588969j -0.00823314+0.00159374j -0.00392273+0.00390057j -0.00244761+0.0011512j 0.000299759+0.00235053j -0.00983435-0.000910441j -0.00134989+0.00113389j 0.00100959-0.00113289j -0.00399689+0.00325325j 0.00200788-0.00264188j -0.00284848+0.000472715j -0.00116426-0.000797833j 0.000523556-0.00777083j 0.00438055+0.00374679j -0.000175559-0.000531828j -0.00401104+0.00398443j 0.00226003-0.00300101j 0.00109281-0.00281575j -0.003134+0.00496161j 0.00271483+0.0027763j -5.58617e-05+0.00359284j -0.00140737-0.000943073j -0.00135185+0.00406803j -0.00294338-0.000232544j -0.00226277+0.000489068j -0.000661215-0.00129328j 
0.00177775+0.00185452j 0.000302879+0.00296831j -0.00334072-0.00519997j 0.00214635-0.00214055j 5.41144e-05-0.00505133j 0.00304386+0.00116745j 0.00238419+0.000290115j -0.00243815+0.00258289j 0.00559334-0.000907447j -0.00141805+0.00370438j 0.000725521-0.00102584j 0.00465262+0.00489084j -0.00203299-0.000401065j 9.43923e-05+0.00218734j 0.00461427+0.00115451j 0.000284434+0.00182176j -0.0010439-0.00453368j 0.0153572-0.00123741j -0.00557386-0.00130525j 0.0015283-0.00161008j 0.00513588+0.00601849j 0.0030954+0.00860665j -0.00937401+0.000136503j -0.00281444-0.000422171j -0.00520138+0.000148216j 0.00790643-6.04819e-05j -4.08977e-05+0.00677449j 0.00161686+0.00630328j -0.00222366+0.000803265j 0.00155746-0.00248472j 0.00532949-0.0157657j 0.00328804+1.33396e-06j -0.00416676-0.00274282j 0.00888178-0.00283203j -0.00637325-0.00189343j 0.00645447-0.0153145j -0.00290409-0.000496397j 0.00784886+0.00459375j -0.00949077-0.00382428j 0.0113971+0.00870014j 0.000473694-0.000103742j 0.000433896-0.000975684j -0.00958229+0.00766621j -0.00147735+0.0113323j 0.00579123-0.00165483j -0.00102102-0.0120727j -0.00544144-0.00276345j -0.0147455-0.00998868j -0.000514213-0.0025215j -0.00406526-0.000138775j -0.00371621-0.00103981j 0.00350493-0.00742133j 0.00179147-0.00585823j -0.0020316+0.00688533j -0.00310336+0.00942307j -0.000336026+0.00110096j 0.00392725-0.000785313j -0.00518725+0.00190355j -0.00282191-0.00269318j -0.00458872+0.0107422j 0.00677942-0.00449822j -0.00747318-0.00460647j -0.00651119-0.00245728j 0.00398964+0.00111888j -0.00416115-0.00365139j -0.00489353-0.00484198j 0.00587311+0.000116038j 0.00227372+0.000980977j -0.00777276-0.00323004j -0.00194489+0.00566925j -0.00285602+0.00333825j -0.00249912+0.000637077j 0.00642264-0.00124498j 0.00271303-0.000420308j -0.000906556+0.00106682j 0.0017331+0.00774032j 0.000532982-0.00494057j -0.00337683+0.00351051j -0.001854-0.000587498j 0.000720415-0.000775619j 0.00027524+0.00111058j 0.0036461+0.00130937j 0.000677724-0.00239554j 0.00226704+0.00147042j 0.00360207-0.0015781j -0.00164607+0.000113889j 0.00166217+0.000847683j -0.00102487-0.00476627j -0.000584982-0.000253531j -0.00413762+0.00278934j 0.000293508+0.0029494j -0.00233237-0.00122025j -0.00383942+0.00165298j 0.0038185+0.000897318j -0.000483759+0.00180534j 
-0.00231869+0.00309455j -0.00538278-0.00358709j 0.000631669+0.000805373j -0.00212875-0.00407739j -0.000696163+0.00119081j -0.001107+0.0015573j 0.0018787-0.00559915j -0.00293887+0.0030485j 0.00300205+0.0023982j 0.000344547-0.000204668j 0.00445359-0.00272615j -0.00125532-0.00607535j -0.00460363-0.00373992j 0.00117302-0.00762263j -0.00837321-0.00438246j 0.00126304+0.00422249j 0.00736869-0.0054995j -0.00117256-0.000903785j -0.00267539+0.00289654j -0.00251865+0.00419234j -7.10664e-05-0.00782739j -0.00239669+0.00251391j -0.00182719-0.00287858j 0.00370596+0.00320869j -0.001715+0.00119279j -0.00282195+0.00700873j -0.00232454+0.00870918j 0.00500054+0.0139088j 0.00105078+0.00901593j 0.00430902+0.00803935j 0.00281414+0.00758305j -0.00624741-0.000116866j 0.0112448-0.0129354j -0.0158353+0.0258251j 0.00791955-0.00165502j 7.68964e-05+0.0154199j 0.0110663-0.0137799j 0.00347262-0.0209007j 0.00735225-0.00123167j -0.00206355+0.00296569j 0.00159142-0.00192135j -0.0102459+0.00152848j -0.00399129-0.00370393j -0.0090412+0.0186496j 0.00423366+0.00116757j -0.00212025-0.00203796j 0.00829306-0.00635655j 0.00364172-0.0160503j 0.00657498+0.00344068j 0.00935438-0.00447907j -0.000372776+0.00334946j -0.00602107-0.00582296j 0.00674486-0.0011019j 0.0104443-0.00321284j 0.00883653+0.00792456j -0.00722859+0.00720228j 0.00651515-0.000763381j -0.00470653+0.00318877j 0.00615935-0.00280834j -0.0112128-0.00580743j 0.00344223+0.000481062j -0.00422447+0.000405512j -0.00154132-0.00487808j -0.00134946+0.000225588j 0.00431027+0.00439599j 0.000417468+0.00231301j -0.00394539+0.000411037j 0.00317514-0.00364058j 0.00897341-0.00128267j -0.00112971+0.00123251j 0.00304351+0.0052516j 0.00523775-0.0010059j -0.00311629+0.00134397j -0.00196879-0.00173563j -0.00771577+0.0047823j -0.00130326-0.000689295j -0.00106773+0.0034531j -0.000962339+0.00209484j 0.00106078-0.00559649j -0.00112956+0.00452088j 0.00129283+0.00046052j 0.000876818-0.000329717j 0.00474454+0.00297901j 0.000470308-0.000114884j 0.00271725-7.93869e-05j -0.000892934-0.00260386j 0.000986037+0.00267982j 0.00178205+0.000442915j 0.0036009-0.000423659j 0.00316035+0.00277195j -0.00383284-0.0035775j 0.00199424+0.00561036j -0.00228877+0.00162419j 0.00112104+0.00104793j -0.000343154-0.00522892j 
-0.00296372+0.00513315j -0.00176946+0.00108329j 0.00134573+0.00223093j -0.00268558+0.00590827j 0.00716798+0.00312966j -0.00500308+0.00656976j -0.000387241+0.00284726j -0.0102459+0.00218165j -0.00708618-0.000505535j -0.00223286-0.00389047j 0.00240633+0.00790851j 0.000447001+0.00236042j -0.00374542+0.00179852j -6.64736e-05+0.00836067j -0.00822301-0.000437783j 0.00299827-0.00392486j 0.00813131-0.00453333j 0.00407595+0.00236797j 0.00182922-0.00653527j -0.000910295+0.00132978j -0.010015+0.00461045j 0.00188062+0.00103222j -0.0051674-0.0044076j 0.00732512-0.00128838j 0.00631642+0.00489326j -0.000530183-0.00617831j -0.00821432+0.00964999j -0.0105166-0.0117521j 0.00904969-0.00969562j -0.00525615-0.00459517j -0.000226412-0.00740169j 0.0011294+0.00222763j 0.00372179-0.0193459j -0.00534082-0.00951005j -0.00905447+0.0101481j 0.0171602+0.00438186j -0.0196235-0.00822723j -0.0067797+0.0012324j -0.00115872+0.00068762j -0.00279549-0.00232818j 0.000353979+0.0012554j -0.0060208-0.00247007j 0.00143565+0.00109149j -0.00790554+0.00559379j 0.0003327+0.00683699j 0.00811016-0.00443301j -0.00950958-0.016684j 0.00624003-0.00325796j 0.0107983+0.000283184j -0.00789243-0.00360487j 0.00170882-0.0018131j -0.0027807+0.00291429j -0.00377171-0.0110648j -0.00188154-0.00248001j -0.00805488+0.00170663j -0.00641883-0.0036977j -0.00688131-0.00272998j 0.0084731+0.000663506j -0.00796497-0.00428051j 0.00128547+0.00322916j -0.00638675-0.000869157j 0.00647049-0.00494162j 0.00126534+0.010882j -7.08265e-06+0.0143573j -0.000917551+0.00428799j 0.00872736-0.00213139j -0.00279097+0.00288407j 0.00088668-0.0102482j 0.00114879+0.0041861j -0.00184399-0.00214018j -0.00529641+0.000284261j -0.00690703+0.00428506j 0.00105384-0.00522347j 0.00689445-0.00569945j 0.00118401+0.00729949j 0.000580346-0.00530623j -0.00556793+0.00597095j -0.00323527+0.0039293j -0.0035529+0.0115286j 0.00197301+0.00787696j -0.00377773-0.0105074j -0.00137056-0.000503165j 0.00389014+9.83988e-05j -0.00169965+0.00459228j 0.0031527-0.00085122j 0.000658627-0.00130936j -0.000270536-0.00397066j 0.00318025-0.00267755j 0.000646668+0.000551742j 0.00886725-0.00765959j -0.00364999-0.00593294j -0.00162178-0.00418418j 0.00178582-0.000130065j -0.0030865-0.00363946j -0.00484529-0.00176031j 
0.00255012-0.000140052j 0.00187724+0.00115843j 0.00142342-0.00753452j 0.00311511-0.0104182j 0.00159608-0.00438352j 0.00781805-0.00182807j -0.0012825-0.00790838j 0.00260161+0.00238043j -0.00361654-0.00375955j 0.00361846-0.00495379j -0.00416944+0.00117954j 0.0112206+0.00327347j 0.00649751-0.00575874j 0.00728094+2.54022e-05j -0.00262157-0.00363514j 0.00215971+0.00298381j -0.00247238+0.00139399j -0.00151749-0.00643612j -0.00266976+0.00436727j 0.00660444+0.00632752j 0.00690527-0.00639989j 0.00175298-0.00482661j 0.00805018-0.0107904j 0.00901701+0.000208943j -0.00662649+0.002017j -0.0116788-0.000976115j 0.00341792+0.0041649j 0.00499828+7.05172e-05j 0.0026685+0.00506844j -0.00390489-0.00579349j 0.0165638-0.00352972j -0.00172667+0.00248032j -0.0055783+0.00193254j 0.00612732-0.00920403j -0.00295961+0.00499888j -0.00319945-0.000737401j -0.0122399-0.0048229j 0.000656574-0.00125268j -0.00618484+0.00155066j -0.00132332+0.000695334j 0.000852894+0.00218708j -0.00275313+0.00587975j -0.000268734+0.00611706j -0.00206849-0.00198594j -0.00854739+0.00286226j -0.0074775+0.0030262j 2.20317e-05-0.00550921j 0.00462811-0.00125199j 0.00579743+0.00580604j 0.00805434-0.00165205j -0.00690885-0.00447112j -0.00115873-0.00421553j -0.0092462+0.0033834j -0.00769673+0.014159j -0.000399935+0.0133084j -0.00222816+0.00941423j -0.0115192-0.00431894j -0.00301281+0.00534855j -0.000974782-0.00424791j 0.0120715+0.00919392j 0.00714329+0.00453569j 0.00311932+0.00466236j 0.00534652+0.0013758j -0.00375882-0.000634313j 0.000810017+0.00438864j 0.00271453+0.0033145j 0.00212359-0.00621469j 0.00352745-0.0032482j 0.00557434-0.00637191j -0.00185973-0.000558569j -0.00164695-0.00514139j 0.00305403+0.00253291j -0.000227363-0.00973896j -0.00528843-0.000766154j 0.00486667-0.00191472j 0.00109964+0.000900101j 0.0024509+0.00141855j -0.00062883+0.00432279j -0.000220913-0.000682411j -0.00542967-0.00357245j 0.00037293-0.000674308j -0.000941597-0.00718883j 0.00156524+0.000884203j 0.00489994+0.00435991j 0.00292789-0.00124886j -0.00510507-0.00155406j -0.00411947+0.00444054j -0.00246458+0.00624344j 0.00273404-0.00089247j -0.0049956+0.00274153j -0.00445791-0.00448068j -0.00413223+0.00117655j 0.000390891-0.00232242j -5.77003e-05-0.00248257j 0.00244455-0.0038562j 
-0.000110028+0.00153074j -0.00364999-0.000440178j -0.00640301-0.00332933j -0.000824291-0.00328328j -0.000307722-0.00102288j -0.00105697+0.00179755j 0.00139578+0.00460846j 0.00377465+0.00825647j -0.0027367-0.00140907j 0.00234914-0.00451581j -0.00684945-0.00303975j 0.0014567-0.00373919j 0.00257348+0.00573281j -0.00404712+0.0073522j 0.0027391+0.00727496j 0.00204429+0.00555557j 0.00198413-0.00184877j 0.0057143-0.00090737j -0.000952965+0.00268853j -0.00412854-0.00532151j 0.00756117+0.000534006j -0.00286144+0.00542073j -0.0055684+0.000778796j -0.00753762+0.0112961j -0.0062758-0.00255812j 0.000890762-0.00460777j -0.00166889+0.00419813j -0.00762664-0.00223372j -0.00297783-0.00414217j -0.00344301+0.0033914j -0.0041851-0.000924432j 0.0121401-0.0027126j 0.00885719+0.00505793j -0.018439-0.0114325j -0.00958667-0.00619639j -0.00981916-0.0132811j 0.00508863+0.0114733j 0.0135525+0.0123053j 0.00311793+0.00767978j 0.0046977+0.00219602j 0.00236932+0.00301528j -0.00317635+0.00112618j 0.00541014-0.00318408j -0.00555687-0.0146198j 0.00760068-0.00651904j 0.000875096+0.00402162j -0.00555899+0.00515018j 0.00265037+0.0136041j 0.00614617+0.00557824j 0.00556105+0.00825848j 0.00543586+0.0021045j -0.000358504-0.00488742j -0.00451294+0.000841169j -0.00927294+0.00347518j -0.00123504+0.00242903j -0.00850457-0.00344746j 0.00234197-0.00465628j 0.00277772+0.000929071j 0.00874311+0.00183656j -0.000412193-0.00260921j 0.00077876-0.00484853j 0.00499772-0.00199876j -0.00963799+0.0161944j 0.00263056+0.00153286j 0.00826526+0.00125326j -0.00312651+0.000124494j 0.00592825-0.00433609j 0.0021775+0.00131085j 0.00431172+0.00252002j 0.00615127-0.00446007j 0.000509778+0.00113427j -0.000416769+0.00338678j 0.000921764-0.00509289j -0.000110054+0.000379423j -0.00621009-0.000646402j 0.000968486-0.00223605j 0.00317412-0.0010036j -0.000720438-0.00219353j -0.00407262+0.00120512j -0.00308409-0.00427361j 0.00109505-0.00198208j -0.00190543+0.000748547j 0.00278857+0.000889721j -0.00215419+0.00118056j 0.000710578-0.00258798j 0.00119462-0.000112086j -0.00261322-0.000571665j -0.0010631+0.00116795j -0.000727287-0.00175335j -0.000392549-0.000962852j -0.00243175-0.00295293j 0.000147938-0.00134864j -0.000719128+0.00265676j 0.00200798-0.00198085j -0.0011138-0.000917897j 
-0.00264939-0.000461403j -0.00130052-0.00328061j 0.0021203+0.0012205j -0.00455663-0.0057807j 0.000338614+0.0016161j 0.00348775-0.00168343j -0.00120485+0.00186153j -0.00397753-0.00531388j 0.00115177-0.000363911j 0.00193935+0.00333066j 2.85198e-05-0.000796975j -0.00156312+0.001766j -0.00344428+0.00478162j -0.00121743+0.00617836j 0.00252636-0.00120399j 0.00825239-0.0021598j 0.000423275+0.000169016j 0.00341454+0.00104988j 0.00854956-0.000241195j -0.00416565-0.00276551j -0.00182704-0.00465991j 0.00277829-0.00370839j 0.0019202+0.00231428j 0.00188007+3.29325e-07j 0.00388057-0.00281714j 0.00222805+0.0137224j 0.00816282+0.000431743j 0.00796365-0.000612402j 0.000373006+0.000502565j 0.0104089-0.00084361j -0.00603325+0.00528251j 0.00200558-0.000520907j 0.00775663+0.00686505j 0.00151703-0.00691522j 0.00461919-0.00182927j -0.000682052-0.000376923j -0.00397591-0.00155535j 0.00139554+0.0119144j -0.00210475+0.00355906j 0.0008767-0.00240038j 0.00161091-0.00669062j -0.00338076-0.0100556j -0.00261372-0.0102781j 0.00363829-0.00376029j -0.00422531-0.00284332j -0.0001026-0.0145101j 0.00268306-0.00481781j -0.00296779-0.00250996j 0.00292723+0.00155345j 0.00101799-0.0045625j -0.00346543-0.00669463j -0.000501284-0.0124032j 0.00499154-0.00182849j 0.0067688+0.00935359j 0.00301755-0.00464578j 0.00391812+0.00756333j 0.00668147-0.00677249j 0.00816646-0.00405538j -0.00867211-0.00481047j 0.00283638+0.00832266j 0.0072317+0.00281627j 0.00100857-0.00997615j -0.00494232-0.00544398j 0.00194316+0.00519195j 0.000998854+0.00461242j -0.00465209-0.00316174j 0.00148887+0.00205597j -0.00517093+0.00198741j -0.00350064-0.00436113j -0.00221098+0.00694075j 0.00195421-0.00481384j -0.000885518+0.00215622j -0.00503555+0.00319321j -0.00267663+0.00299055j 0.0017968-0.00145819j -0.000507338+0.00536077j -0.00810501-0.00527763j -0.00179733-0.0078861j 6.77182e-05+0.00167326j -0.00278327-0.00211748j 0.00728318+0.000911345j -0.00369911+0.00204022j 0.0016615+0.00858852j 0.00191638+0.00136572j -0.000966501+0.00365054j 0.00584892-0.000655423j -0.00258676-0.00388885j 0.00209673+0.000149224j 0.00112653-0.00232143j 0.00250265-0.00237842j 0.00294805-0.00077247j 0.00161978-0.00474361j 0.000897867-0.00331433j 0.000692396+0.00108421j 0.0011899-0.000723709j 
-0.00368799-0.00041293j 0.00723888-0.00270409j -0.00149125+0.00041941j 0.00510199-0.00181641j -0.00331876-0.00122866j 0.00201548+0.00392828j -0.0040584+0.00161559j -0.00176903-0.00166873j -0.00091529+0.00162923j -2.33349e-05-0.000248867j -0.000749953+0.00108918j -0.00663195+0.00178244j 0.00376825-0.0068568j 0.00302576-0.00755694j -0.0030487-0.00573787j -0.00984415+0.005462j -0.00358216+0.00322118j -0.00707969+0.00130429j -0.00335489-0.0018815j 0.000289089+0.00501435j 0.012339-0.0111619j 0.00254258+0.00225559j -0.00201125-0.00320479j -0.00585796-0.00311783j 0.0013063-0.00262141j 0.00697998+0.00314046j 0.00744641-0.013173j 0.00314714+0.00212949j -0.000995142+0.00911913j 0.00331273+0.00539796j 0.0087124-0.00408281j -0.00499355+0.0124655j 0.000270294+0.0036682j -0.000542133-0.00727437j 0.0168581-0.0134639j -0.00617712-0.00568564j -0.00362757-0.0134954j -0.00675945+0.00764334j 0.00454572-0.0010164j -0.00599999-0.00181742j 0.00219386-0.00741116j 0.00468839+0.00740543j -0.00347069-0.00598211j 0.000262418+0.00549012j 0.00380031-0.00463773j -0.00376265-0.00800902j 0.00261116-0.00724266j 0.00299924-0.0130582j -0.00754678-0.000107594j 0.000112574-0.00126807j 0.0053405+0.00362133j -0.00429507-0.0150748j 0.0151777-0.000506599j 0.00277557+0.000148423j 9.12939e-05-0.00207908j 0.00847552-0.00845953j -0.00546978+0.00513641j 0.00161423-0.0016348j -0.00183647-0.00446684j -0.00931693-0.0104345j 0.00512446-0.0110002j -0.0059559-0.00284772j -0.00639373-0.00768435j 0.000692619-0.00360857j 0.00489109-0.00718501j -0.000771132+0.00314782j 0.00499443-0.00445862j 0.00173894+0.00217058j 0.000669095-0.0125601j 0.00449676-0.00226218j 0.000603261-0.00291687j 0.00741525+0.0062581j 0.00957158+0.0100889j 0.00324517+0.00510017j -0.00880565-0.00138095j 0.00289155-0.000813001j -0.0072337+0.00264992j -0.00645283-0.000737446j 0.00466243-0.00510793j 0.00618964-0.00532098j 0.00156917+0.00811671j -0.000172447-0.00591637j 0.00914027-0.00113495j -0.00428103+0.000858262j -0.00024784+0.00455187j -0.00128289-0.00540543j 0.00138027+0.00206886j 0.0024822+7.62169e-06j 0.00170054+0.000573211j 0.00451081+0.00505057j 0.00405869-0.00110479j 0.00427568+0.00278137j -0.00437443+0.000756598j 0.0039521+0.00291688j 0.00551501-0.00177843j 
0.00245142+0.000971298j -0.0051822+0.00367222j 0.00258776-0.00326494j 0.000156541+0.00276178j 0.00518708-0.00594351j 0.00353583+0.00239884j 0.0145156-0.0029845j -0.00134438+0.00751905j -0.00413346+0.00107591j -0.00210228-3.20666e-05j 0.00846736-0.00468904j -0.00294374-0.00466974j -0.00290955-0.00358289j 0.00344332+0.000596435j 0.00020477+0.00516604j 0.00652269-0.00218759j 0.000895146+0.0013632j 0.00773075+0.00537755j 0.00558802-0.00636761j 0.000181711-0.00819097j 1.26199e-05+0.00243257j -0.00208338+0.00261646j -0.00150465+0.000906364j 0.00918932+0.00775621j -0.00484911+0.000103825j 0.00154755-0.00881311j -0.0109448+0.0144705j -0.00105357-0.000643902j -0.00348219+0.000100796j 0.00722291-0.00180924j 0.00673876+0.00779573j -0.0011737-0.00817884j 0.0147884-0.0113975j 0.00300377+0.0026991j -0.00175876-0.00039439j -6.07168e-05-0.00736772j 0.00742562-0.00594954j 0.00402855-0.00542908j 0.00376911-0.00431112j 0.0083148-0.00150525j 0.00293972-0.00596781j -0.00337139+0.00491779j -0.0105944+0.00208798j -0.00113634-0.00246517j -0.0104496+0.00168052j 0.0044597+0.00723567j 0.00452316+0.00168782j 0.0150418-0.00506408j 0.000822241-0.00345742j 0.01772-0.00333319j -0.00314012+0.000692629j 0.000361354-0.00199026j 0.0080123+0.00526394j 0.00235766-0.00788429j 0.000274522-0.000227695j 0.0127695-0.00807202j 0.00495515+0.0014442j -0.00931555+0.0018078j 0.0114885-0.00244988j 0.00495146-0.0184462j 0.00370075-0.00695674j 0.000261538-0.000783769j 0.00476377-0.00192716j -0.000799111-0.00348043j 0.00489952-0.00668607j -0.0069579+0.00501395j -0.000381286+9.7993e-05j 0.00756119+0.000186354j 0.0055356-0.00742965j -0.0049576-0.0026566j 0.0051636+0.00521844j 0.00421308+0.00424686j 0.00194225+0.00289114j 0.000764668+0.00559334j 0.00149513-0.00250219j 0.000620049+0.00431006j -0.000655207-0.000581033j 0.00152368+0.00162717j -0.00473568-0.0019017j 0.00719833-0.00307134j -0.000619422+0.00478918j -0.00409113+0.000520787j 0.00170664+0.000855473j 0.00264499+0.00200912j 0.0024198-0.00659932j 0.0010046+0.00330806j 0.00161427-0.000439021j 0.00219851-0.000336711j -0.000776136+0.000938084j -0.00261829-0.00235136j -0.00160496+0.00358533j 0.00305533-0.000744474j -0.000983086-0.00126077j 0.00241609+0.00178108j 0.00452089+0.000398362j 
-0.00204691-0.00112733j 0.00514523-0.00325422j -0.00550522-0.00138411j 0.00207168-0.00278938j -0.00720083+0.00118708j 0.000634912-0.00343855j -0.0017742+0.000343893j 0.0019549-0.00491249j 0.0034415+0.00281753j 0.00575043-0.00110436j -0.0018363-0.00692952j -0.00153534+0.00571928j 0.000300115+0.00355262j -0.00275674-0.00551801j 0.0105202+0.00404418j -0.00167897+1.47353e-05j 0.00490953+0.00641786j -0.0086232+0.00278048j 0.00194523-0.00584834j -0.00266158+0.00404586j 0.0117059-0.0108216j 0.00557685-0.00110888j -0.00187419+0.000585918j 0.00520449-0.00819644j 0.000854501+0.00363762j 0.000541901-0.00972167j 0.0123835-0.0069545j -0.00563055-9.77147e-05j 0.0038706+0.00632744j 0.00278231-0.00428079j 0.00463549-0.00773479j -0.00158503+0.00338501j 0.000206567+0.00640602j 0.0120975+0.00526623j 0.00600484-0.0172341j -0.0065315-0.0117325j -0.00647334+0.00778096j -0.00509918-0.000885283j -0.00281368-0.002413j 0.00349321+0.00451227j 0.00132287+0.000204623j 0.0035382-0.000255244j 0.00218909+0.00570923j 0.00365984+0.0128863j 0.0031659+0.0047551j 0.00193651+0.00367684j -0.00339425+0.000899352j 0.00966792-0.00978952j 0.00685858-0.00266655j 0.00111072-0.00210266j 0.00342257+0.00432073j -0.000790195+0.0181222j 0.00953471-0.00750885j -0.0065662+0.00876543j 0.00717533-0.00360209j 0.000680909+0.00298864j 0.00545867+0.00260807j 0.00816559+0.00782013j 0.000728937+0.000596493j -0.0097736+0.00762688j 0.00887138-0.00539502j -0.000316648+0.0134288j 0.0032019-0.00121666j -0.00646016-0.00927938j -0.00308882-0.00623123j -0.000576119+0.000125375j 0.00302776+0.00067949j 0.00380032+0.00871336j -0.00478236-0.0102982j 0.0052805+0.00653464j 0.00534452-0.00328207j 0.00492214-0.00729944j -0.002011-0.00301614j 0.0128234+0.00415755j 0.00119804-0.00842702j 0.00496399+0.000799535j 0.00329111+0.00121327j 0.00148201+0.00710262j 0.00173627-0.00462351j 0.00541281+0.00146955j 0.00609101+0.00334195j 0.00265335-0.00322884j -0.0025399-0.00429726j 0.00212588-0.0057137j -0.00405444+0.00291107j -0.00244414-0.00238182j 0.00473183-0.00459143j 0.00291898+0.00253861j -0.00298106-0.000169881j 0.000433832+0.00355074j 0.00828557+0.00118534j -0.000283283-0.00172062j -0.00581169-0.00230958j 0.00643442+0.00135005j 0.0014767-0.00234886j 
0.00265941-0.00473276j 0.00330973-0.00254783j -0.00156948+0.00374757j -0.00281211-0.00034041j -0.00445983+3.66111e-05j 0.000349898-0.00207062j 0.00268013-0.00629224j -0.00111343-0.000384994j -0.00266982+0.00570305j 0.00363339-0.0108359j -0.00077465-0.0047597j 0.000753912-0.00272313j -0.00343778-0.00216243j -0.000121115-0.00468131j 0.00176455-0.000429452j -0.000344593-0.00525232j -0.00334489-0.00329499j 0.0034717-0.00671925j 0.007309+0.0109638j -0.00480454+0.00108791j 0.0087506-0.000961146j 0.00670173+0.0062842j 0.00648185+0.00348561j 0.00336799+0.00375817j -0.0062663-0.00102478j -0.0028891+0.00109308j 0.00350294+0.00161483j 0.00473274+0.00695352j 0.00128625+0.00573746j 0.00173983+0.00716843j -0.00179843+0.00650379j 0.00219392+0.000500474j 0.005115+0.00618892j -0.00379661+0.0121303j 0.00336919-0.00978846j -0.00275318-0.00385607j 0.00262218+0.000736881j 0.00496295-0.00998862j -0.00265339+0.000270644j 0.0141865+0.0166976j 0.00888643+0.00896061j -0.00267408+0.00223293j -0.00171692-0.000548557j -0.0104644-0.0030966j -0.00522836-0.00125987j 0.00754329+0.0112325j 0.00574718-0.00106319j 0.0150418+0.00428248j 0.00511479+0.00675618j 0.00036877-0.00301914j 0.0020945-0.0050334j -0.0099374-0.00599715j 0.00101327+0.00246361j 0.00393716-0.00317835j 0.00367878+0.000501663j 0.00306341+0.00673208j 0.00400979+0.00145525j 0.00282744-2.34861e-05j 0.0044051+0.00398374j 0.000811528+0.0019028j 0.00114736+0.00116907j -0.00248548-0.00663105j -0.00428416-0.00584712j 0.00366688+0.00186083j -0.00683935+0.00369931j -0.00269642+0.00146419j 0.00408505-0.00129687j -0.00108355+0.00279539j -0.00141948-0.00360553j 0.00191513+5.72005e-05j -0.00632226+0.00726583j 0.000131078+0.000231742j 0.00208799-0.0052538j -0.000920916+0.0042887j 0.00890404+0.0059084j 0.00541596+0.0034472j -0.00218318+0.00271849j 0.00412049-0.00117913j 0.0036635+0.000338005j 0.00251671-0.00480552j 0.000460276+0.000657101j 0.00413974-9.51199e-05j -0.0072214+0.00459602j -0.00114597+0.000136739j 0.000617761+0.00269208j -0.00611555-0.00538658j 0.0023586-0.000262248j 0.000360686+0.000774831j -0.00332487-0.000619238j -0.000237643+0.00396499j 0.00196283-0.000917423j -0.000809299+0.000431339j 4.62285e-05-0.00368795j -0.0013752+0.00320353j -0.000959397+0.000694808j 
-0.00403096+0.000829938j 0.00329556-0.0013164j -0.00562839+0.00324138j 0.00107722-0.00325805j -0.00213602+0.00428809j 0.00188866-0.00248826j 0.000223171+0.00436084j 0.00604188-0.00070215j 0.00121481-0.00807001j -0.0016437+0.00293461j 0.00142184+0.00128375j -0.00695998+0.000448786j 0.00234707+0.000198224j 0.00256786-0.00395501j 0.00146528+0.00615427j 0.00529293+0.00589947j -0.00198276-0.0013041j 0.000342296+0.00213998j 0.00774771-0.00649336j 0.00588202-0.00540368j 0.00280566-0.0132417j 0.000435038-0.00794969j 0.00666187-0.00480196j 0.00916085-0.000957492j -0.00987186+0.00162965j 0.00239052-0.00589594j -0.00318728+0.00647554j 0.00449216-0.00189181j -0.00781162+0.00383621j 0.00288323+0.00531715j 0.0109121-0.0182719j 0.000165748-0.00291775j -0.00676286+0.00990726j -0.0124053-0.0104585j -0.000456462+0.00258492j 0.00906995-0.00553234j 0.00268505-0.00372907j 0.00636544+0.00336124j 0.00973111-0.00400457j 0.0141082-0.00661727j 0.00210514-0.0119808j 0.00160925+0.00328836j 0.00264768-0.00136126j -0.0114705-0.0109586j -6.32936e-05+0.00347677j -0.000591517-0.0119087j 0.00375982-0.00779586j 0.00717569-0.00772009j -0.000850858-0.00608194j 0.00363251+0.0152539j -0.000455871-0.0044726j -0.0173907+0.00825834j -0.00238277-0.00311138j 0.00455418+0.00033239j 0.00352643-0.0079353j 0.000523472+0.00163795j -0.000975175+0.00844904j 0.00178247+0.00439625j 0.0041611+0.00268051j 0.0030578+0.0029693j 0.0058419+0.00929718j 0.00550011-0.00432313j 8.33287e-05-0.00027638j -0.00278894+0.00184279j 0.00341899+0.000541795j -0.00529722+0.00340602j -0.0035871-0.00190829j -0.0129941-0.000257055j 0.00172389+0.00507588j 0.00267867-0.00737751j 0.000164917-0.00303864j 0.00563115-0.00991645j -0.00913416-0.00311448j -0.00346553-0.00429037j 0.00306624+0.00541287j 0.000772995-0.00174403j 0.000330034-0.00116302j 0.00729895+0.00164588j 0.005518-0.00232231j 0.000144001-0.000653163j -0.00246912+0.000536141j 0.00546559-0.00091024j -0.00107369-0.000701169j -0.00284239+0.00058891j -0.00561065-0.000432459j -0.00137069+0.00141476j 0.00121278-0.00280456j -0.004198-0.00188208j 0.00337948-0.000693486j 0.00158555+0.0013079j -0.00276294-0.00167624j -0.000545899-0.00142633j -0.00226946-0.00111532j -0.00324436+0.000266033j -0.00672968+0.000583855j 
0.00600762+0.000493925j 0.00691671-0.000975168j 0.00294789-0.00102923j 0.00015538+0.00448637j 0.000101262-0.00137612j 0.00303854-0.00270164j -0.00266581-0.00140016j -0.00187114-0.00403721j 0.00377016+0.00314374j -0.0037054+0.0020556j -0.00291891-0.00612252j -0.000466872-0.00290256j 0.00513906-0.0128666j -0.000306168-0.00532016j -0.00795888+0.00395321j -0.00509363-0.00746036j -0.0121599-0.00150508j 0.000139745+0.00836622j -0.00108373+0.0043414j -0.00712443+0.00587085j 0.00847771+0.00227584j -0.00564356+0.000533638j 0.00563056+0.00090413j -0.00295436-0.00111677j -0.00395062-0.00551309j 0.00509671+0.00725029j -0.00547918+0.00256475j 0.00186093-0.00425866j -0.000962427-0.00414475j -0.00185267+0.00540368j -0.0103347-0.000153582j -0.00299675+0.0101565j 0.00228638+0.00793693j 0.00672383+0.00227688j 0.00145156-0.00370374j 0.00926846+0.00482981j 0.00197387+0.011388j -0.00414409+0.00273023j 0.008851+0.0101978j 0.00227503+0.00201449j -0.00257792-0.00640301j -0.018755-0.0170502j 0.00886835-0.000205537j 0.00363131+0.0150052j -0.000364053-0.00450526j 0.00575404+0.0141104j -0.00267728-0.00526587j -0.00966495+0.00526072j 0.00669223+0.0145018j 0.0121646-0.0149712j 0.00286158-0.0116782j -0.00524261-0.00145824j 0.00194287+0.00514505j -0.00397066-0.000361196j -0.00737992+0.00560922j 0.00170103+0.00202147j -0.00320729-0.00801049j 0.000143543-0.00137347j 0.00613703-0.00117855j 0.0128326-0.00668306j 0.0119804+0.0115887j -0.000420601-0.00243577j 0.00370605+0.00357554j -0.000790308+0.00832911j 0.0125225+0.00203364j -0.00480715-0.00117196j -0.00713054+0.0036916j -0.0116914-0.00635489j -0.00682047+0.00609948j 0.00926133+0.0031122j -0.00481695-0.00207629j 0.000827603+0.00330673j -0.00663532-0.000728959j -0.00626838+0.00237985j 0.00363267-0.00687314j -0.00512279+0.00110219j -0.00202131+9.7867e-05j 0.00357205-0.00127448j -0.00335702-0.000505533j -0.00167775+0.00364811j -0.000777171+0.00256467j 0.00333024+0.00257629j 0.00299877+0.00547066j 0.00240456+0.000991538j -0.000780674-0.0042626j 0.0035275+0.00189035j -0.00756233-0.00264299j -0.00153735-0.000414736j -0.00385454+0.00418784j -0.00320817-0.000319407j -0.00616986+0.00264937j -0.00770702-0.00586695j -0.000546279-0.00778159j -0.0018493+0.00300612j -0.00437391+0.00786649j 
0.00178515+0.00402836j 0.00119116+0.000696442j 0.000656114-0.0014315j 0.00278884+0.000179629j -0.00900989-0.000274245j 0.0014405-0.00638668j 0.0071631-0.000191364j -0.00598049+0.0032419j -0.00596662-0.00428116j 0.0063432-0.00040857j 0.00168255+0.00527804j 0.00182631+0.000766645j 0.010249+0.00111554j 0.0086551-0.00334086j -0.00509224-0.00311528j -0.00847395+0.00570711j 2.94742e-05+0.00659962j 0.00465833-0.00286136j -0.000400565+0.000497159j -0.00536619+0.00941986j -0.000833934-0.00979128j -0.00974046+0.00723937j 0.000235658-0.000456652j -0.00978662-0.00544497j 0.00957165+0.00327974j -2.85364e-06+0.0151994j -0.00480023-0.00363448j -0.00242668-0.0132793j -0.0031741+0.00134379j 0.00232147+0.00829647j -0.000268749+0.00834834j -0.0156424+0.00283622j -0.00942232-0.0122388j -0.00760887+0.00450553j 0.00961881-0.00637924j 0.00327258+0.0111483j 0.000722298-0.0102022j 0.00336817+0.000714839j 0.00157651+0.00423857j -0.00026828-0.00159213j 0.0030114-0.0200695j 0.00323863+0.000553564j 0.00610615-0.00321209j 0.0135519+0.0010239j -0.00286083+0.0052047j -0.00318727-0.0147453j 0.00413047-0.00433149j 0.000372758-0.00747406j -0.0128881-0.00631928j -0.00839366-0.00580379j -0.0073378-0.00129937j -0.000609333-0.000598488j 0.000946317-0.00490454j -0.00468413-0.00116424j 0.000711212-0.0131959j 0.00784314-0.00682114j 0.000947169-0.00068095j 0.0028338+0.0039923j -0.00584746-0.00751342j 0.00413319+0.00369349j -0.00392712-0.000596065j 0.00198736-0.00375995j -0.00626546-0.000114738j 0.00260428+0.00502872j -0.00115721-0.00160618j -0.00196411-0.00480915j 0.000450836-0.00297785j 0.00149003+0.00514708j 0.00166442-0.0025581j 0.00130774-0.00623106j -0.00336292+0.00377783j -0.00352499+0.0016j 0.00684814-0.000769221j -0.000700809-0.00198626j -0.00767919-0.00636252j 0.00231502-0.00276587j -0.000483353+0.00345809j 0.00178382+0.00478201j 0.00229345-0.00192172j 0.00580238+0.00238964j -0.00307334-0.00391727j -0.0053351-0.00320603j 0.00400163+0.000854507j -0.00423138-0.00653051j 0.00287809-0.00296675j -0.00134279+0.00295986j -0.00388379-0.000293195j 0.00452539+0.00515164j 0.00322068+0.00108731j -0.00222863+0.000166434j 0.000287151+0.00137369j 0.00119831+0.00349j -0.000746441+7.33144e-05j 0.000959504-0.00121262j -0.00152009-0.00209966j 
0.00268821-0.0011502j 0.00432868+0.00116924j 0.00198211+0.00116277j -0.000388787+0.00590325j 0.00101755-0.00506382j 0.00193565+0.00273554j 0.00348218-0.00547985j 0.00146145+0.00494984j -0.00889255+0.0082876j -0.0034632+0.00494983j 0.000157654-0.000850058j -0.00215502+0.00631953j 0.00305135+0.00478188j 0.0083544-0.00367886j 0.00197491+0.00303613j 0.00481829-0.00254419j 0.00301468-0.0070136j 0.00455974-0.0134479j -0.00754432-0.00156067j 8.95062e-05+0.00151229j 0.00299094-0.0143217j -0.00157213-0.00202094j -0.00607163+0.00964665j 0.00637259+0.00644084j 0.00141642+0.00216753j -0.00642953-0.00405345j 0.0040935+0.0139027j 0.00885268-0.0017721j -0.00120669+0.00499691j 0.000794177-0.0056284j -0.00580577-0.0060741j -0.00210138+0.00845769j -0.00230362-0.0111967j -0.00955626-0.00124806j 0.00171918+0.000452512j 0.00769423-0.0104323j -0.000469765-0.000580048j 0.00189732-0.00840954j -0.000996877-0.00104274j 0.00235343+8.96102e-05j -0.00332162-0.00521563j -0.00383299+0.00725059j 0.000931408+0.00211525j -0.00937282-0.000173697j 0.00911701+0.00361159j -0.00237948-0.00310125j -0.00659099-0.00722567j -0.00404576-0.00388712j -0.00590548+0.00532339j -1.71243e-06-0.00492419j 0.00893137-0.00569904j -0.00211513+0.00324727j -0.0035409-0.00518417j 0.00221675-0.0103328j 2.74723e-05-0.00214266j -0.000743603+0.00481884j -0.00578739-0.00052131j 0.000689446-0.00488437j -0.000876019-0.00448904j -0.000724381+0.000531883j -0.0013925+0.0102628j -0.00513147-0.00423747j 0.00346862+0.00198803j 0.0061053+0.00384318j -0.00353018+0.00246465j -0.00871691+0.00764533j -0.0019455+0.0109707j -0.00221475-0.00397854j -0.000318417+0.0030539j -0.00147418+0.00415667j -0.00132547-0.00106843j -0.00103743+0.00245693j -0.00552244+0.000384319j -0.00378836-0.00196193j -0.0022632+0.0087726j 0.00262179-0.00112353j -0.00446334+0.00935289j 0.000446844-0.00423447j -0.000713089-0.00451685j 0.00267474+0.000357814j -0.00286911+0.00177197j 0.000341006+0.00472009j 0.00140772-0.00197126j 0.00107491+0.00314477j 6.53172e-05+0.000867467j 0.00283339+0.00104098j -0.00451683+0.000988414j 0.00197135-0.00316751j -0.000275769-0.00396666j -0.000752967-0.00382928j -0.0051088+0.00119679j -0.00347812-0.00318045j -0.00051807-2.97774e-05j -0.00130809+0.000570658j -0.00148253+0.00502044j 
0.00343309+0.00361839j -0.00132891+0.000814621j -0.000128098+0.00179661j -0.00519911-0.000833657j 0.00653824+0.000508959j 0.00767682+0.00420055j 0.00163874+0.00146293j -0.00225541+0.00239392j -0.00543282-0.00326852j 0.00524704-0.00158174j -0.00310946-0.00204618j -0.000565307-0.00406407j 0.0100269+0.0051694j -0.00101893+0.00736066j 0.00711919+0.00201928j 0.00487488-0.00522237j 0.00744936+0.00859988j 0.00134228+0.0011354j -0.00871934+0.00171223j -0.00237855-0.000254724j -0.00743756+0.0084354j 0.00944945-0.00432696j -0.00512703-0.00353129j 0.00389894+0.00761168j 0.00211879-0.0015477j -0.00945753-0.00347783j -0.00479172-0.0047146j 0.00466257+0.00594196j 0.0058385-0.0069465j 0.00674297-0.00695064j -0.00772315+0.00335199j 0.0064334+0.00901145j 0.00194343-0.00751186j -0.00266571-0.0107337j -0.00571162-0.00188691j -0.00749631-0.00555177j 0.00155884+0.00166472j 6.27503e-05+0.00131482j -0.000370776+0.0129801j -0.00175471-0.00174066j -0.0135288+0.002184j -0.0167327+0.00406449j -0.0103115+0.00297151j 0.00205676+0.00431092j 0.0025147-0.00301564j -0.00493572+0.0116514j -0.00288316+0.00795966j 0.0109513-0.00673426j -0.00443615-0.0149958j 0.00475242+0.00631483j -0.00612411+0.00741816j 0.0100997-0.01551j 0.0110543+0.000750718j -0.001286+0.00068587j 0.00467117-0.000612782j 0.0041353+0.00310822j 0.00750264-0.0003871j -0.00570086+0.00515863j -0.00168336-0.000548063j 0.00559559-0.00396061j -0.00946431-0.00719716j 0.00119856+0.0100207j 0.0104098-0.00128786j 0.00379408+0.000167217j 0.00263574-0.0023629j 0.0020897-0.00240542j -0.005816-0.00466944j -0.00382546-0.000853001j 0.00294889+0.000929822j -0.00227943-0.00560279j 0.00194806+0.00220379j 0.00809056+0.00668174j -0.00400917-0.00227843j -0.00388498+5.9563e-05j 0.00142325-0.00417099j 0.00316848+0.00176963j 0.00178304-0.00525581j -0.00278496+0.00554338j -0.00587958-0.00114555j 0.00081683-0.0024027j 0.00671261-0.0030494j -0.00275732-0.00110024j -0.00188448-0.000109242j 0.0017516-0.00181853j -0.00081983-0.00219717j 0.00527521+0.000226685j -0.00398997-0.00403403j 0.00221017+0.00202269j 8.25122e-05-0.000781362j 0.00164328-0.0017031j 0.00331327-0.00153232j 0.00382086-0.00307366j 0.000408741-0.0028712j 0.00440492-0.000850164j 0.00545818-0.00281609j 
-0.00499663+0.00586016j 0.000317103-0.00191311j -0.00315811+0.00217018j 0.000989171-0.00303718j 0.00713925+0.00295985j -0.00511067+0.00512908j -0.00388103+0.00262317j -0.00469059+0.0021662j 0.00394909-0.00200639j -0.00056264-0.000984997j -0.00654584+0.00847038j 0.0123538+0.00877585j 0.00199006+0.000323122j -0.00265501-0.00381266j -0.00683946-0.00849084j -0.00654026-0.00104702j 0.00321901-0.0018639j -0.00214419-0.00609925j 0.0118388-0.00715859j -0.00299419+0.00838392j -0.00926078-0.00287089j -0.00289667-0.00210424j -0.00361386+0.00650969j 0.00135225+0.00725045j -0.00518882-0.00538072j -0.00438604+0.0076224j -0.00216703+0.00406254j 0.00595865+0.00818755j -0.00785317-0.0120235j 0.00685202-0.00206962j 0.00765784+0.00250247j -0.0078968-0.00539441j 0.0144018-0.0216101j -0.0117819-0.00292062j -0.00894929-0.00101397j -0.000124283+0.000782506j 0.0136854-0.00745104j 0.0124336-0.00372098j 0.00481543-0.00052026j 0.0206591-0.00532527j 0.00745751-0.00394765j -0.00645154-0.00480434j -0.00586432-0.012287j -0.0040483+0.00158004j -0.00452261+0.00311281j 0.0118394+0.00642988j 0.00721016+0.00441573j 0.0097714-0.00318319j 0.00587398-0.00407588j 0.00840894-0.00102402j -0.0047356+0.000397866j 0.00208165+0.00945576j 0.0024958-0.00385935j -0.00532758+0.00387331j -0.003077-0.00743412j 0.00296254-0.00545077j 0.00253075-0.00535469j 0.00369332-0.00500075j 0.00155894-0.007541j 0.0010053-0.00514263j -0.00181485-0.00686304j 0.000857352-0.00510598j -0.00580669+0.00298947j -0.00398074+0.00325673j -0.00247558-0.00151583j -0.000608325+0.00122922j -0.00407866-0.000584755j -0.00290543-0.010134j -0.00199791+0.000528209j -0.0057753-0.00571585j 0.000676798-0.00702035j -0.00130426+0.000289321j -0.00108847+0.00116976j 0.000923937-0.00419605j -0.00356653-0.00499211j 0.000728213-0.00123366j -0.00398548-0.00295397j -0.00301987+0.00465284j -0.00531695-0.0018006j 0.00196204+0.0030517j -0.00260705-0.00243019j -0.00775435-0.00450927j 0.00491264-0.00245082j -0.000359297+0.00271185j 0.00189451+5.39621e-05j -0.00131594+0.00141514j 0.00204143-0.00342228j 0.00396897-0.0034516j -0.00236191-8.81131e-07j 0.00546219-0.00354483j 0.00109791-0.00413999j -0.000689742-0.00124605j -0.000919211+0.00269764j 0.000831127-0.000855799j -0.0010112-0.00225096j 
0.0014566+0.000295252j -0.00234602+0.00169181j -0.00218495+0.00420898j -0.00239395-0.000503057j 0.00238254+0.00123068j 0.00308217+0.000409796j 0.00117038+9.15542e-05j 0.00231552+0.00207711j 0.00175913-0.00111311j -0.00253431-0.00557913j -0.00361642+0.000355799j -0.00177457-0.00559865j 4.87595e-05-0.00211607j 0.00661329+0.00473062j 0.000705023+0.0028584j -0.00223464+0.000540835j 0.00359681+0.00374978j 0.00390749+0.00361861j 0.00357811-0.00428462j 0.005498-0.0101348j 0.00458332-0.00131773j -0.00210305+0.000627292j -0.000857896-0.011337j 0.000934315+0.00182705j 0.00343619+0.00469807j 0.000296584-0.000300555j 0.0145157-0.00066317j 0.00730021+0.00281296j -0.00903314-0.00506192j 0.00271702+0.00340261j -0.00438066+0.00469679j -0.00204576-0.00937936j -0.00302134-0.013468j 0.00668225-0.00121391j -0.00200711-0.00505867j 0.0110865+0.0062204j 0.00237736-0.00754959j -0.00285183-0.00516567j 7.01466e-06-0.00313782j -5.70135e-05-0.00364267j -0.000233481-0.00157576j -0.0111518+0.00360374j 0.00514876+0.00114726j 0.00411864-0.00597199j 0.0134507+0.0125002j -0.00505993+0.00174749j 0.00268534-0.00184798j -0.00418636-0.00715274j 0.0104022+0.00892421j -9.4826e-06-0.000281362j 0.00635791-0.00301625j 0.00239425-0.00730524j 0.00387408+0.00426835j 0.00697013+0.00503346j 0.00873393+0.00678917j -0.00935161+0.00225961j -0.0100945+0.00858857j 0.00603943+0.00595996j -0.00711386-0.00258012j 0.0105589-0.00644183j 0.00744464-0.00251095j -0.0120574-0.00572511j 0.0129148+0.00459041j 0.00223989+0.00691123j -0.000664604-0.000268509j -0.00909312-0.00353145j 0.00472689-0.00496786j -0.00615028+0.00233064j 0.00423618-0.0018272j 0.0046909-0.00276442j -0.000919295+0.00314808j 0.00510049+0.00750965j -0.00516911-0.00276679j -0.00918942-7.09034e-05j -0.00329289-0.00816012j -0.00164826+0.00134354j -0.0021242+0.00043229j 0.00409557-0.00309946j 0.00209568-0.00290431j -0.00102629-0.00250953j -0.00106501+0.00402579j 0.00235925+0.00052753j -0.00147996+0.00332469j 0.000209266+0.00534527j -0.00182301+0.000634862j 0.00292306-9.4143e-05j -0.00708281+0.000285627j 0.00116894-2.23904e-05j 0.000622368+0.00164454j -0.00173879-0.0026866j -0.00083495+0.00431708j -0.00581254-0.00250867j 0.00068266-0.00206506j -0.000338325-0.00250341j -0.00130584+0.00292626j 
0.00287526-0.00227191j -0.000722667+0.00390959j 0.000184604+0.00503348j -0.000752152+0.00275657j -0.000628138-0.00421577j 0.0127891-0.000133768j -0.00293765-0.000578463j 0.00641646-0.00989033j 0.00179408-0.00159564j -0.000759286-0.00157409j 0.000659013+0.00438339j 0.00124353-0.00444809j 0.00405397-0.00753686j 0.00131243+8.15261e-05j 0.000584649+0.000664585j -0.00545913+0.00249403j -0.00520139+0.00684283j 0.00301922+0.00413331j -0.00231016+0.00656667j 0.00310974+0.00417222j -0.00233466+0.0094586j 0.00825142-0.0033287j 0.00762386+0.00732915j 0.00421067+0.00420757j -0.000476875+0.00266067j -0.0034384+0.00297773j 0.00449821+0.014821j 0.000146474+0.0087456j -0.00592411+0.0171363j -0.00326073+0.0108626j -0.00325315-0.00252781j 0.00723507+0.0108784j -0.00698208+0.00891427j 0.00090172+0.00664919j 0.000160756+0.000784773j -0.00344475-0.00505796j 0.00109345+0.00500734j 0.00400191-0.00401492j 0.00151118+0.00380428j -0.00151086-0.00114646j -0.000340361-0.0021849j -0.00249879-0.0112904j 0.00578384+0.00425615j 0.00227043-0.000318727j 0.00341783+0.00396043j -0.00375596+0.00374155j 0.0070343+0.0107079j 0.00697134-0.00281949j 0.00499719+0.0113944j -0.00123623-0.0050243j -0.0010364+0.0127648j 0.0107306+0.0014875j 0.00543128+0.016655j 0.00807277+0.000830534j 0.00102578+0.00667566j -0.0012638+0.00461438j -0.00332353-0.00129468j -0.00717278+0.00187588j -0.00834994-0.00383222j 0.00336789-0.00311986j 0.00414618+0.00142369j -0.00247723-0.00711816j 0.0106268-0.0092364j 0.00485817+0.00207686j -0.000271573-0.00726907j -0.00280555-0.0118191j 0.00604912-0.00151009j -0.00757535+0.00322455j -0.000377551-0.00118291j 0.00361842+0.00279181j 0.000657074-0.00599785j 0.00145876-0.00126384j -0.000536231+0.00357587j -0.00161356-0.00273626j 0.00184818-0.013723j -0.00328746+0.00288839j 0.00264512-0.00670394j -0.000239133-0.00145628j 0.0103901+0.00468135j 0.00146918+0.000692841j -0.00147247+0.00439521j 0.00239689+0.00133004j -0.00181215+0.00240664j 0.00132703+0.00105331j 0.000403185-0.00176183j 0.000355526-0.000754969j -0.00517978+0.00380485j 0.000659688+0.00420837j -0.00373105+0.00376185j -0.00189729-0.00276908j 0.00259226+0.00559212j -0.00797465+0.00255899j -0.000462999-0.0048756j -0.00204903+0.00218504j 0.00120879+0.00202019j 
0.00480014+0.000800397j -0.00410101+0.00379411j 0.00131354-0.000358923j -0.00386823-0.000902575j 0.00356756-0.00481393j 0.000866217+0.00207876j 0.00993167-0.000183644j 0.000681557-0.00340402j 0.000593264-0.00128114j 0.00108382-0.0109112j 0.00291453-0.00184694j 0.00315809-0.0018854j 0.0102654+0.00280668j 0.00876595+0.00285296j -0.00482451-0.00237927j 0.00141237-0.00631772j 0.0074673-0.00606186j -0.00110293+0.00662136j 0.00277622+0.000204374j -0.00623161-0.000305724j -0.00485606-0.00321879j -0.00852677+0.00967367j 0.00441886+0.0103554j 0.00558062+0.00667859j -0.00349859+0.00230162j 0.000184826+0.00273817j -0.00846379-0.00441913j 0.000868688+0.000829302j 0.00616077-0.00421337j 0.0054344-0.00748383j 0.00635112+0.00692077j 0.000225736-0.0149477j -0.000798675-0.00664418j -0.00475038-0.00142294j 0.00324887+0.00757326j -0.00361455-0.00572758j -0.0081377+0.000739806j 0.00509138-0.00335549j -0.00104379-0.00555414j -0.00475403+0.0167699j -0.00307909-0.00399019j 0.000967677+0.00270135j -0.0168662+0.00656077j -0.0108781+0.00387395j -0.00546934+0.00676997j -0.00362501-0.0107178j 0.00256419-0.00230513j 0.00323936+0.0120435j 0.000522912-0.00210891j -0.00095741-0.00535726j -0.00046422+0.0086459j -0.00679665+0.00196126j 0.00198514-0.00288671j -0.00239532+0.00229143j 0.000596462-0.00596629j 0.00638954+0.00129463j 0.00211143-0.00738748j 0.000807194+0.00486082j -0.001052+0.00123502j -4.08386e-05+0.0112097j -0.00641413+0.00260501j 0.00393573+0.00220272j -0.0101753+0.00393594j -0.00224854-0.00166122j 0.00353721-0.00368856j 0.00264741-0.00449566j -0.00724681-0.00105837j 0.00366307+0.00746555j -0.00684899-0.00471264j -0.0036062+0.00469613j -0.00320996+0.00179118j 0.00858585-0.00804068j 0.00229672-0.00291455j -0.00255954-0.0010746j -0.00233694+0.00588015j 0.00385344+0.00058003j 0.00357173-0.00637345j -0.00102121+0.0108597j -0.00226005-0.000555197j 0.0010103-0.0014103j 0.0039429-0.00248597j -0.00665283+0.00303959j 0.00216837+0.00180446j 0.00115335-0.00185383j 0.00151452+0.00345811j -0.00741745+0.000102321j -0.00106685-0.00526946j 0.00418306+3.26804e-05j -0.000923314-0.00107598j -0.000570061+0.00378671j -0.00159631-0.000796113j -0.0036619+0.000163288j -0.00267109+0.00102743j 0.000157104+0.000407568j -0.00237332-0.00248216j 
0.00147215+0.00132571j -0.00568422+0.00366422j -0.00370354+0.000935241j -0.00363924+0.000166194j 0.000809215+0.00260532j -0.00563472+0.001057j -0.000499343-0.00164758j 0.00153278-0.00138149j 0.00448674-0.00483557j 0.00162158+0.00178174j 0.00207153-0.00320379j -0.000354981-0.00134869j 0.0027592+0.00381515j 0.00454053-0.00126179j 0.00968732+0.00922209j -0.00394955+0.00471329j 0.00476161-0.000683892j -0.00126937+0.0052496j 0.000906998-0.0102191j -0.00663211-0.00581779j -0.00309106+0.00502052j -0.0119919+0.0120899j -0.00685542-0.00913349j 0.00798704-0.00518887j 0.00177383+0.00541315j -0.00252434+0.00585838j 0.0122286+0.00896985j -0.00112559+0.00123616j 0.00170972-0.0014547j 0.00735066+0.00662843j -0.00572468-0.00135479j -0.00764296-0.00435069j 0.00638134-0.0118337j -0.00404635+0.0131316j -0.00130096-0.00624246j -0.00106725+0.00471107j 0.00585879-0.0149558j 0.00312483-0.00520516j 0.00010128-0.0077604j -0.0067266+0.00244124j -0.00686614+0.00115518j 0.00229565-0.00698114j 0.00101797-0.0073874j -0.00711484+0.00425865j 0.00356309+0.00859694j -0.00836019+0.00288917j -0.000758492-0.0120545j -0.000316991-0.00512542j 0.00134637+0.00068963j 0.00390214-0.00728424j 0.00144168-0.00238043j 0.00885835+0.00145307j 0.00522634+0.00110136j 0.00304385-0.00205565j -0.00320053+0.00653531j -0.00707773+0.00687286j -0.00501668+0.00431061j 0.00143456+0.00689711j -0.00291994-0.00291843j 0.00313174-0.00454881j 0.00227693-0.0067816j -0.0038973-0.00748338j 0.00556367+0.00106326j -0.000609858+0.00359972j 0.00237687-0.00388825j 0.003146-0.000914386j 0.00613604-0.00333315j -0.000688375+0.000504277j 0.000494743-0.00201379j -0.000608118-0.00104283j 0.00413718-0.000247038j -0.0030069+0.00266341j 8.2944e-05-0.00244888j 0.000682939+0.00357839j 0.000138292-0.00305239j 0.000427558+0.00364509j -0.000820167-0.00107973j 0.00111941-0.00451712j 0.00196736+0.00202027j -0.000431395+0.00190103j -0.0065552+0.0072447j 0.00162856+0.0028576j 0.00147003-0.000562212j -0.00056739-0.00210294j -0.00265976-0.00529898j 0.00357088+0.00308482j -0.00188013+0.000977782j -0.00229078+0.000809031j 0.00273154-0.0010089j -0.000725054+0.00141633j -0.000807232+0.00509597j 0.00284051-0.00105753j 0.000448961-0.00121069j -0.000586373+0.00153906j -0.00131903+0.00352164j 
0.00702052+0.000896226j 0.00840228-0.00271383j -0.0068701-0.00201185j -0.00164401-0.00381667j -0.0070608+0.000415662j 0.00750296+0.00307803j 0.00532721-0.00518346j -0.00333389-0.0029663j 0.00457753+0.00396364j -0.000141682+0.00105966j -0.00501763-0.000549742j 0.0068509+0.00691261j 0.00224163+0.00458399j 0.00252325-0.00317142j 0.00996564+0.00401291j 0.00626765-0.00290238j -0.0063341-0.0107149j 0.00691423+0.00730552j 0.00878193-0.00495121j 0.0105112+0.00388063j 0.0053096-0.00834715j 0.00653978+0.00113964j -0.00427499+0.00307852j -0.00462313-0.0132235j -0.0022371-0.00538588j 0.00647888-0.00267592j 0.0121336-0.00441309j -0.00511453-0.00501674j -0.00155129-0.0107781j -0.004569-0.00504274j 0.0091314-0.00435592j 0.00194865-0.000296474j 0.0010467-0.000809452j 0.00123331-0.00148599j 0.00356795+0.0101646j -0.00751023-0.000562565j -0.0109333-0.00101362j -0.00372837-0.00188042j -0.0017472-0.00667173j 0.00137968-0.00840696j -0.00345284+0.0039408j -0.0186338+0.00324485j 0.00492578+0.0149247j 0.00417339+0.00897723j -0.000431634+0.00403441j -0.0109663+0.00149343j -0.0136322-0.0117167j -0.0109554+0.00255996j 0.0149371-0.00257197j 0.0044704-0.00554025j -0.00954064-0.00559328j -0.006888+0.0120038j 0.0153585-0.0129102j -0.0152102+0.00926881j -0.00200704-0.00943428j -0.00121638-0.000435168j -0.0059295+0.00373168j 0.00449362+0.00067825j 0.00632551+0.00247236j -0.00855691+0.00965177j 0.00728144+0.0038308j 0.0087575+0.00624813j -0.00344065+0.000934137j -0.000129207+8.1598e-05j 0.00118172+0.00730902j 0.000232638+0.00351035j 0.00591489+0.00160885j 0.00572273-0.00960875j -0.00715103+0.00550852j 0.00151897+0.00418585j -0.00436275-0.00395966j 0.0051299-0.00220755j -0.00545093-0.00362762j 0.00200652+0.00101479j 0.0110161-0.00151786j 0.0110069-0.00439505j 0.000501861-0.00190787j -0.0061918+0.000572671j -0.00282158+0.00458268j 0.0023934+0.00269032j 0.0047814-0.00396135j 0.000608811-0.000861504j -8.48113e-05-0.00754386j 0.00189799-0.00337244j -0.00272071-0.00101064j 0.00706801+0.00443006j 0.00315905-0.00471306j 0.00438518+0.00166047j -0.00548781+0.00315903j 0.00195583+8.36566e-06j 0.00735734-0.000175176j -0.00280161-0.00489128j -0.00507585+0.00160548j 0.00745014-0.00261396j 0.00412103+6.48431e-05j 
0.00126517+0.00262238j -0.000195028+0.00243106j 0.0013089+0.0029258j -0.00159427-0.00673715j -0.00535571+0.00174471j -0.00348037+0.00584387j 0.0114523-0.00531071j -0.00459309-0.00750866j -0.000898936+0.00397559j -0.00887979-0.00430093j 0.00138617+0.00406306j -0.00292109-0.00431498j 0.0055817+0.00717597j -0.000114899-0.00735023j 0.00833715+0.000249524j -0.00429788-0.00731295j 0.0114476-0.000852639j -0.000987455-0.00323652j 0.00342319-0.00326549j 0.00345753+0.0015338j 0.00352277+0.00175252j 0.00671487+0.00213071j 0.00505885-0.00573604j -0.0112998-0.00657496j -0.0045444+0.00459647j 0.00496127+0.00994937j -0.0056023+0.00570969j -0.0052208-0.0130304j 0.00385912-0.00042244j -0.00263736-0.0163221j 0.00186196+0.00214275j -0.00923181-0.00596225j 0.00236676+0.00278122j -0.00391644+0.0130665j -0.00551421-0.0120221j 0.00226579+0.00930894j 0.0194553-0.00584158j 0.0112781-0.00904548j 0.0110485-0.000586241j -0.00211401-0.0170203j 0.00426306-0.000713369j -0.00768527+0.00318661j -0.000419313+0.0051388j 0.00298341+0.00902513j 0.0155794+0.00760391j 0.00178946-0.0123189j 0.00250698-0.00713073j -0.00265664-0.00712184j 0.00294975+0.00366808j -0.000350539-0.00436179j -0.00361164-0.00967617j 0.00148412-0.0026244j -0.00317137+0.00434468j 0.00163909-0.000677736j 0.00628613-0.00465863j -0.00985684-0.00517661j -0.00393923-0.00569148j 0.00483403+0.0109314j -0.00580886+0.00879505j -0.000174287+0.00315583j 0.00129617+0.00357096j 0.00055771-0.000750695j -0.00102556+0.00494545j -0.00531579+0.000244309j 0.00421037+0.00865548j -0.000603736+0.00139418j -0.00430272-0.00100235j 0.00647637+0.00661508j -0.00294006-0.000536558j 0.00293581+0.0119959j -0.000755947+0.00862271j 0.00726243-0.00282808j 0.000547952+0.00117895j -0.00195849-0.000294641j -0.00678325+0.00324881j 0.00151249-0.00300988j -0.00421124-0.000663491j -0.00109633-0.00652724j -0.00135193+0.00345382j -0.00336567-0.00091944j 0.00251215+0.00567966j 0.00458858+0.0060333j 0.00283208-0.0020803j -0.00332698-0.00323942j 0.0017207-0.00233884j -0.00309962+0.00568287j -0.00205957+0.0018493j -0.00266744-0.000636572j 0.00827222-0.00326342j 0.000463549+0.00214455j 0.000167647+0.00304614j 0.0067055+0.00149227j -0.000315368+0.00402963j 0.000333988-0.00141048j -0.000245617+0.00314486j 
-0.00465507+0.00108685j 0.00134587-0.00400075j -0.0102318+0.00398539j -0.00497429+0.000978263j -0.00142723+0.00296746j -0.00490774+0.00247424j 0.00721329-0.00091671j -0.0035802+0.000129619j 0.00448383-0.00984022j -0.00297661+0.000158774j -0.00848948+0.00238042j 0.00170971+0.00314503j 0.00160607+0.00941903j -0.00183525-0.00335452j -0.00491407-0.00135628j 0.00822471+0.00717007j 0.00643944-0.0144241j 0.00529733+0.00235817j 0.00147126-0.00559617j 0.00159872-0.00636588j -0.000310858-0.00384302j -0.00806173+0.000435631j 0.000609354-0.00164606j -0.0109458+0.00674837j 0.00921698+0.00936725j 0.00317863+0.00637372j 0.00396307+0.0043787j 0.0062876-0.00290893j 0.00318913-0.0197641j -0.00246682-0.00317013j -0.00777548+0.00272015j -0.00662395-0.01681j 0.000763718-0.00239807j 0.0123393-0.014744j -0.0005695-0.0111422j -0.00800805+0.00373344j -0.00861713-0.014023j -0.000614838-0.0124403j -0.000300197+0.000604075j -0.002008-0.0051408j -0.00590059+0.00499435j -0.00186409-0.00425141j 0.0054934-0.00447327j 0.0181295-0.00712359j 0.00643935+0.00548499j -0.00257038+0.00577542j 0.00626958-0.000717911j -0.00512376-0.0109309j 0.000962808+0.0139783j 0.00284729+0.00634082j -0.000254419-0.00787931j 0.00130144+0.000297406j 0.00350622+0.0117274j -0.00404054+9.40349e-07j -0.00158457-0.000637749j 0.00294001-0.00342264j 0.00444843-0.00614918j -0.00386306+0.00784815j -0.00305341+0.00413022j -8.6568e-06+0.000971696j -0.0147223-0.00246404j 0.00222885+0.000456244j -0.022414+0.00281733j -0.00498401-0.000299616j -0.0100752-0.000799656j 0.00020471-0.00456001j -0.00950923-0.000735838j 0.00729057-0.00296729j -0.0148051+0.00350673j -0.00266589+0.00598904j 0.00257937+0.00212434j -0.00628362-0.0114678j 0.00163941-0.00608483j 0.0027657-0.00387088j -0.00775418+0.00706119j 0.00475472-0.000496058j 0.00100094-0.00191963j 0.00390924+0.00182225j -0.00813093-0.00375617j -0.00139809-0.000971685j 0.00893917-0.00788102j -0.00922581-0.0016851j -0.00329523+0.00577216j 0.000737019+0.00501932j -0.00147199+0.00112409j -0.0043531+0.004076j 0.00389659-0.00189435j 0.00498468+8.0554e-05j -0.0028604-0.010392j 0.00244958-0.00196503j 0.00751197-0.00809318j 0.0056367-0.00239091j -0.00276383+0.0021024j 0.00401033+5.1754e-05j -0.00240651-0.00108854j 
0.00390166-0.00599628j 0.00246562+0.00595982j 0.00162585+0.00118664j 0.000532774+0.000855375j 0.00103788-0.00298764j 0.00020111-0.00573262j 0.00171692-0.00225732j 0.000242936-0.0127675j -0.00526882-0.0024137j 5.62035e-05-0.0020547j -0.00488786-7.15796e-05j -0.0077608-0.00420369j -0.00803425+0.00330145j -0.00240918-0.0006985j 0.00321095+0.0133976j 0.00106009-0.0109063j -0.00285843+0.0156143j -0.00165034+0.000927966j -0.00333104+0.000423669j 0.00053945+0.003387j 0.00942536+0.00134641j -0.00254369+0.0044538j -0.00922447+0.00644945j -0.00868832-0.0134859j -0.00721988+0.00764077j 0.000436026+0.00066729j -0.00504199-0.00254942j 0.00902988-0.00506903j -0.000504805+0.00675864j 0.0147402+0.00456049j 0.00541666-0.00335855j -0.012662+0.00086574j -0.00141639+0.000666852j 0.00751259-0.0164593j -0.00128918+0.00270595j -0.00711518+0.00430601j 0.000446659+0.0118902j 0.00381159+0.00366359j 0.00534106+0.00737691j -0.00629721+0.00392468j 0.00999743+0.00944825j -0.00237387-0.00140426j 0.00328897+0.00825972j 0.00794238-0.00472487j -0.000671391+0.00510043j 0.0201022+0.0121175j 0.00929083+0.00339998j 0.000340575+0.00128913j 0.00299301+0.00250092j -0.000139562-0.0132365j 0.000245617-0.00485151j 0.00295341+0.0111433j 0.00955044+0.00464488j -0.000581315-0.00238365j -0.00186416+0.00238111j 0.00549362+0.00140202j 0.00113541-0.00185473j -0.00983399-6.6455e-05j -0.00391243-0.0115297j -0.00813355-0.00635129j -0.0124196-0.000564385j -0.00613758-0.00586006j -0.0141749-0.00666604j 0.00237782-0.00467905j -0.00919997-0.00109059j -0.00520952-0.00199717j -0.00587507-0.0029783j -0.00165036-0.00114984j -0.000103108-0.00190861j -0.00413347-0.00237071j -0.0052181-0.00224338j -0.00217417+0.00130512j -0.00309357+0.00631894j 0.0016398+0.00522993j -0.0173843-0.00959784j 0.00457945-0.00292648j 0.000569213-0.00200123j -0.000596079-0.00324687j -0.0023117-0.00170341j 0.00379887+0.00388294j -0.0036982+0.00449536j -0.00648426+0.00148982j 0.00326607+0.00230078j -0.00378912-0.00222451j -0.00333355-0.000626576j 0.00224891-0.000603763j 0.00473729+0.00444315j 0.00590993+0.00338894j 0.001163+0.00281129j 0.0044016+0.00631187j 0.000390303+0.00130409j 0.00348348+0.00323143j -0.00328242+0.000538939j 0.00228545+0.000999531j -0.00188512-2.22793e-05j 
0.00162396-0.00195334j 0.00365635+0.00156314j -0.000958567-0.00149858j 0.00182312-0.000698412j -0.00239113-0.00118049j 0.0010037-0.00160398j 0.00284921-0.00435052j -0.000106731+0.00275663j -0.00242662+0.0101067j 0.00384519-0.000944715j -0.000832355-0.00585876j -0.00131713-0.00486578j 0.00534207-0.000811164j 0.00538341-0.00177381j 0.0180364+0.002014j -0.000580858+0.000936775j 0.00239659+0.000458767j 0.0016677-0.00250402j 0.000754098+0.0074528j -0.00487283-0.00267733j 0.00598246+0.00222664j 0.000631215-0.00201561j -0.0074856-0.00436612j 0.00291893+0.00240555j 0.00255429+0.00222023j -0.0165916-0.00689666j 0.00898329-0.00108867j -0.00164703-0.00499299j 0.00131979+0.00941682j 0.0194328-0.000322765j -0.00770946+0.00208764j -0.00652214+0.0115909j 0.00178916+0.0167937j -0.00603664-0.0107666j 0.00251716+0.000154271j -0.00895361-0.0112642j -0.00326321-0.00155296j 0.0102013-0.0113596j 0.00241069+0.000865017j 0.00348663-0.0160669j 0.000190626-0.00901394j -0.00417325-0.00161535j 0.00234947+0.0079559j -0.0114117-0.0112719j 0.00500934+0.00627546j -0.00385467-0.00848414j -0.0049752+0.000285155j 0.00269527+0.00478295j 0.000673001+0.00446141j 0.00606161+0.00825622j -0.00324363+0.00505096j 0.00368621+0.00837476j 0.00533811+0.00748977j 0.000583624-0.00921597j 0.00217655+0.00194556j -0.0035191-0.00812588j 0.00655793-0.0014396j -0.00044688+0.00656811j -0.00735172+0.00481231j -0.00246-0.00437729j 0.000324372+0.000280124j -0.00239016-0.00415191j 0.00374824+0.00108986j 0.00183266+0.000134466j 0.00127089-0.0022451j -0.0095186+0.00525754j 0.00288857+0.000756906j 0.00179763+0.00510163j -0.000698025-0.00319377j -0.00117712-0.00197741j 0.0056607-0.0007845j 0.00492558+0.00176054j -0.00847697-0.00287291j 0.00331868+0.00115761j 0.00257666+0.00691316j 0.00370627+0.00490226j 0.00457013-0.00533808j 0.000625883-0.00443152j 0.000327895+0.00350008j 0.00194984-0.0045322j -0.000798503+0.00532079j 0.00689253-0.000438153j -0.00110678-0.00279803j 0.00517244+0.000863246j -0.00423602+0.00308697j 0.00174338+7.60183e-05j 0.0024099-0.000911946j -0.00602092-0.00179873j -0.00183334+0.00211915j -0.00149657-0.000799015j 0.00274569+0.00176361j -0.00194306+0.00115605j -0.000307709-0.00129465j -0.000766956+0.00118238j -0.000351477+0.00303268j 
0.000261632+0.00166232j -0.000184279-0.00362062j 0.00457546-0.00471977j 0.0067731-0.00407519j 0.00115818+0.00759376j -0.00560787-0.00419626j -0.00249423+0.00444788j 0.00412698-0.00267207j -0.003198-0.00689115j -0.000210171+0.00294512j -0.0066553-0.000631292j -0.00950404+0.00212147j -0.00535963-0.00766632j -0.00169777-0.00331983j -0.00116074+0.00176908j 0.00662218+0.000258873j 0.00441254+0.00614385j -0.00945256+0.0083347j 0.00687245-0.00678737j 0.00164838+0.00935124j 0.0109675+0.00778269j -0.00178839-0.00147871j -0.00250865+0.00626141j 0.00361152+0.00189221j -0.00974161+0.00452836j -0.00545918-0.00652286j 0.00325341-0.00467202j 0.0113333+0.00108033j 0.00837831-0.00930213j -0.00431625-0.00595452j -0.0066271-0.00873749j -0.00199625+0.00534121j 0.00793836+0.00627654j 0.00752772-0.00544807j -0.00243652-0.0111624j 0.00247842+0.00786195j 0.00838266-0.00320645j -0.0112375+0.00151041j -0.00690874+9.91163e-06j 0.00553372+0.00337478j 0.0034263+0.000820812j -0.00332333-0.0120706j -0.0118588+0.00180854j -4.5178e-05-0.00430906j -0.000701344+0.00724551j -0.00709026+0.00231722j -0.0108571+0.00308465j 0.0134532+0.00536148j 0.0071562+0.00354724j 0.00519459-0.00632857j 0.00216376-0.00283044j 0.000579635+0.00824673j -0.00678796-0.00610755j 0.00128201+0.00189416j 0.00668883+0.00238223j -0.000431274-0.0060898j -0.00249328-0.00868132j 0.0078054-0.0030274j 0.00685554+0.00529891j 0.0116842+0.00940554j 0.00425019+0.000410866j 0.0128135+0.00336121j -0.00450454-0.000295187j -0.00436309+0.00841695j 0.00507406-0.00021593j 0.00530679-0.00450586j -0.000974248-0.000717819j 0.0040707-0.00589631j -0.00387472+0.00408993j -0.00138826+0.00397124j -0.0039322-0.00456468j -0.00726434-0.0109619j 0.000524607-0.000579981j -0.00219365+0.000110178j 0.00654656+0.00443564j 0.00139493-0.00118355j -0.0034005-0.00636063j -0.00195079+0.000493257j 0.00292118-0.00289624j -0.000381443+0.00151814j -0.00540537-0.000983074j 0.000368027+0.000390314j 0.000949926-0.00613353j 0.000923253+0.00304324j 0.000703558+0.00470617j -0.00233027+0.00284892j -0.000565538-0.000458445j -0.00171697-0.00393452j 0.00256078+0.00540402j -0.000735835-0.00192148j 0.000150905-0.0016069j 0.000562243+0.00508625j 0.0028305+0.00253552j -0.00156534-0.00112513j -0.00300304+0.0035275j 
-0.00732051+0.000609371j 0.00434834-0.0100515j -0.00114305-0.00439384j 0.00108929-0.00838716j -0.00381248+0.00579367j 0.000624092-0.010485j 0.00521792-0.000948059j -0.00127494+0.00697902j -0.00168948-0.00316711j -0.00215104-0.0028382j 0.00181205-0.00713001j -0.00139281+0.0027486j 0.00605523-0.00219505j 0.00455091+0.00511453j 0.00395676-0.0143854j 0.00614451+0.00215275j 0.00375473-0.00194436j 0.00317688-0.0077809j 0.00242317+0.0010901j 0.00465597+0.00758041j 0.00943233+0.00164313j -0.00312115-0.0109483j 0.00823238+0.00814555j -0.00660436+0.00417737j 0.00845095+0.00665403j -0.00576825-0.00286967j 0.013467+0.0144143j 0.00606477+0.0176204j -0.000933729+0.00812423j 0.00628851+0.0104231j 0.00283547-0.0178054j -0.00305656+0.00535166j -0.00447321+0.00514925j -0.000460275+0.0200013j 0.00553353+0.00849767j -0.00733959+0.00613438j -0.00800862+0.000566512j -0.00168945-0.00940429j 0.00602481+0.00503349j -0.00969025-0.00317316j 0.00296419-0.0100481j -0.00214776-0.00322935j 0.0116109+0.00426153j 0.00208918-0.000826266j 0.00764898-0.00227618j 0.00793146-0.000639916j 0.0140373+0.00330753j -0.00705361-0.013581j -0.000749074+0.00725241j 0.00266826-0.000947664j 0.0066171+0.0146009j 0.0035617-0.00461467j -0.00303158-0.00270805j 0.00280347+0.0140292j 0.00178215-0.00511214j -0.00510888-0.00584809j 0.00236273-0.00425328j 0.000453578-0.00189708j -0.00705594+0.00173675j 0.00539015+0.0144552j -0.00407505+0.00708421j 0.000160001-0.00470291j -0.0160238+0.00818264j 0.0015032-0.000658205j -0.00757512+0.00471417j -0.00972189-0.00394055j -0.00228987-0.00168622j -0.000440993-0.00396152j 0.000914326+0.000149379j 0.00178429-0.00451237j 0.0053175-0.00478426j -0.00257678-0.00213272j 0.00251329-0.00711851j 0.00135073-0.00938058j -0.00451351+0.00668225j -0.00136137-0.00597792j -0.00343828-0.00034363j 0.00425597+0.0107906j 0.00432663-0.00196998j 0.00248154-0.0053099j -0.00120644-0.0112183j 0.000718301-0.00113914j 0.000679792-0.000705203j -0.000472482-0.000399472j -0.00289511+0.00452672j -0.0011407-0.00409756j 0.00234268-0.00286148j 0.00167089-0.00425509j 0.00508088-0.00347208j -0.00174077-0.00201989j 0.00321325-0.0095647j 0.00315944-0.00346229j -0.00112614+0.00173298j 0.00260914-0.00401281j -0.0026463-0.00516002j 
0.000474142-0.00290691j 0.00276555-0.00559491j -0.00555668+0.00564292j -0.00285622+0.00192493j 0.00306395+0.00679968j 0.00175374-0.00394056j 2.8406e-05+0.000494828j -0.00260022-0.00733217j 0.00275275-0.002797j 0.00179936-0.000279696j -0.00193665+0.000423114j -0.00480055-0.00107142j -0.00607334-0.00324516j -0.0104286+0.000630633j 0.0014148-0.00383299j -0.00256631-0.000797309j -0.00126782+0.00416629j -0.000641488-0.00526186j 0.00539888-5.13615e-05j 0.00345787+0.00145382j -0.0108155-0.00327194j 0.00126373+0.0053542j 0.00366965+0.00573862j 0.00938445+0.00691872j -0.0139306+0.00336682j 0.000135282-0.00251544j -0.00810681+0.000893063j -0.00745406+0.00477338j 0.00394821+0.003165j -0.0121335-0.000603772j 0.010863+0.00188708j -0.00294854-0.00136369j 0.00248393+0.00425186j 0.00451014-0.0138593j -0.00271433-0.00442695j 0.00804073+0.013243j 0.000932786+0.00169876j 0.00900242-0.00685203j -0.00390922-0.000965446j 0.00929399+0.00311934j -0.0135021+0.000991395j -0.000624478+0.00365036j -0.0136675-0.0106082j -0.00268711+0.00472899j -0.00717214+0.000822258j -0.0156386+0.00168572j -0.00385177-0.00865807j 0.0122549+0.00213845j -0.0156302+0.00259085j 0.00695425-0.00134728j -0.00522776+0.00364858j -0.00345943-0.00867827j -0.00510881-0.00221004j -0.00630962-0.00376902j -0.00250207+0.00695992j 0.00215725+0.00240162j -0.00362216-0.00360947j 0.00116606-0.0018432j 0.00647033+0.00570293j -0.00454829-0.0014214j 0.00291346+0.00114475j 0.00725448+0.00160278j 0.00127405+0.000750213j -0.00453314-0.00406589j 0.00310142-0.00337087j 0.0097366+0.00429333j 0.000677345+0.00603922j 0.00215047+0.00433895j -0.00360858+0.0029196j -0.00522844-0.000310271j 0.00327307+0.00483818j -0.000812648-0.000685585j 0.00280301+2.86313e-05j 0.000424493-0.00307126j 0.0113896-0.00465598j 0.002427-0.000447326j -0.00342408+0.00232482j 0.00233973-0.00215295j 0.0035034+0.00121698j -0.00942172-0.00166002j 0.00249875-0.00192454j 0.00431904-0.00510463j 0.00296957+0.0100668j 0.00657766+0.00396694j -0.00319886+0.00244207j -0.00661995-0.00299434j 2.62361e-05-0.00288687j -0.00386587-0.000618716j -0.0022215-0.00116206j -0.000835973-0.00222264j 0.00582524-0.00178242j 0.00234583+0.00318264j -0.00118356-0.00103081j -0.00141988+0.00117112j -0.00175566-0.000583805j 
0.00756705-0.00396533j 0.00392218+0.00105249j 0.000723779-0.0035376j 0.00493286+0.00388945j -0.000107821-0.00191586j 0.00682944-0.0002788j -0.0119466+0.00448668j -0.000874673+0.00379393j 0.00384337-0.000968735j 0.00622904-0.00610923j -0.00550633-0.00370527j 0.00775052-0.00784117j -0.00627992-0.0109817j -0.00489366-0.00247098j -0.0054177-0.000370581j -0.00370784+0.00760841j -0.00378316+0.018441j 0.00481732+0.00473182j -0.00134272+0.00267309j -0.00829353+0.00537594j -0.00655613+0.0041171j 0.00455332+0.00120409j -0.00180269+0.00162718j -7.44291e-05-0.0010727j -0.00311941-0.00308655j 0.00712004-0.0130545j -0.000788631+0.00266239j 0.0148846-0.0106307j -0.00733606+0.00894264j -0.000877235-0.00728216j 0.00558701+0.0010091j -0.00420879+0.00173295j 0.00295098+0.0044421j -0.0104234+0.0104608j -0.00801726+0.00648019j -0.021395+0.0136862j -0.00537376+0.00444956j 0.00533645-0.000318838j 0.00513634-0.00212336j -0.00860582+0.00368202j 0.00422991-0.00807089j -0.00149708-0.010087j 0.00222234+0.00050013j 0.00501634+0.00459804j 0.0028152+0.00283125j 0.0121406-0.0182136j 0.0109769-0.0111915j -0.00707523+0.00732173j 0.00171323-0.000143065j -0.00257689-0.00944719j -0.00399213+0.000261298j 0.00111372-0.00303179j 0.0181019-0.0026943j -0.00838299+0.00169257j -0.00199641+0.00618108j 0.00852529-0.00178939j 0.00313449-0.00407379j 0.00074978+0.00602591j -0.00648018+0.00215589j -0.00682465-0.00588568j -0.0108918-0.00389099j -0.00568315+0.0124057j -0.0118901+0.00198466j -0.00279042-0.00197831j -0.00331681-0.00288243j -0.00124973+0.0045152j -0.0119628+0.00590291j 0.00106156+0.0111266j -0.0103147-0.00912509j -0.00298633+0.00333257j -5.22508e-05+0.00515639j 0.00297989+0.0068421j 0.00278562+0.000937441j 0.00269322+0.00552009j -0.00845159+0.00354877j 0.00364943+0.00483541j -0.000100863+3.71731e-05j -0.0045637+0.00183218j -0.00739005+0.00237858j -0.00264892-0.000323373j 0.00642324+0.00240724j -0.00218364-0.00273981j 0.00203715-0.00280604j 9.5406e-05+0.00257188j -0.00642461+0.00325199j 0.0012835-0.000421052j -0.0011653-0.0031893j 0.00525584-0.00292485j -0.00186341-0.00255458j 0.00198739-0.000216391j 0.00837239+0.0048348j -0.00326003+0.00177774j -0.00587857+0.000930295j 0.00407914+0.00231551j 0.00479759+0.00226429j 
-0.00889485+0.00376127j -0.00372048-0.00369629j 0.00036067+0.00576398j -0.00474692+0.0024559j 0.00171015+0.0055097j -0.00795167+0.0026219j -0.00543282+0.00160553j -0.00537546-0.00224847j 0.00462393-0.00434022j -0.000176762+0.00362848j -0.000788945+0.00351486j 0.00123444+0.00251142j 0.0013912-0.000247419j -0.00517747-0.00278212j -0.000476728-0.00160911j -0.00192438-0.002952j -0.0042189-0.00212218j -0.003691+0.00749794j 0.00232753+0.0027223j -0.00491129-0.00641587j -0.00275924-3.21926e-05j -0.00537371-0.0178596j -0.00382995+0.00576955j -0.00593125+0.00365053j -0.00075115+0.0128674j 0.00293447-0.00243074j 0.00252898-0.00463578j -0.00203528-0.00424473j 0.0100758-0.00733004j 0.0186692+0.00200243j -0.0167503-0.00829625j 0.00614533-0.00522825j 0.000671417+0.00604388j 0.00849363+0.00369174j 0.00329204+0.000775072j 0.00850202+0.00180614j 0.00459951+0.000783923j -0.0038366-0.000397472j 0.00642907+0.00034756j 0.00228427-0.0115022j -0.00778338+0.0041717j -0.00415547-0.00905376j 0.0110814-0.00303122j -0.00875803+0.00503012j 0.00347593+0.00128652j -3.08252e-05-0.00573173j -0.00812914+0.0137271j -0.00724647+0.00132508j 0.0181804+0.00241262j 0.000956267+0.00226971j 0.00884892-0.00725763j 0.00652409+0.0138622j -0.00325029+0.01438j 0.0116113-0.0037695j -0.00197423-0.00274876j -0.0110479-0.000282251j 0.00518521+0.00210815j 0.00240248-0.00389875j -0.00600198-0.000458396j 0.00250613+0.00307602j 0.00542189+0.00395724j -0.0150384-0.000932921j 0.00173444+0.00746189j 0.0039792+0.00028185j 0.000490488+0.00386216j -0.0124746-0.00268104j 0.000567022-0.000333552j -0.00528068+0.00137972j 0.00284208+0.0107356j 0.00212828+0.00509688j -0.00558108-0.00542346j -0.00311562+0.00171224j -0.00806866+0.00514385j -0.00193806-0.00203771j -0.00468485+0.000354002j -0.00761582+0.00309518j -0.0037007-0.000614524j -1.25079e-05-0.00637968j -0.00255488+0.00286977j 0.0045569+0.00288927j -0.00286654+0.00231521j 0.00530017-0.000113392j -0.00227613-0.00194333j -0.000301539-0.0034434j 0.00331497+0.00607892j 0.00159009+0.00135187j 0.00333035-0.00196825j -0.00336968+0.00133663j -0.00431744-0.00114477j 0.0040457-0.00234801j -0.00682006-0.00420756j -0.00308027-0.00140312j 0.00301107+0.00373759j -0.00306411-0.00161161j 0.000330987+0.00269719j 
0.0011905+0.00308009j 0.00150021-0.00595483j 0.00200942-0.00329839j 0.0015882+0.000415042j 0.000420061+0.00334508j -0.00920046+0.00329917j -0.00607832+0.0019373j -0.0100732+0.0049879j 0.00172264+8.66921e-05j 0.00569801+0.000583272j -0.000538632-0.0016702j 0.0137114-0.00465649j 0.00522352-0.0114508j -0.00945301+0.00134305j -0.00271655-0.00113707j -0.00342929+0.00419805j 0.00460385+0.000636667j -0.00883639+0.00836853j 0.00139794-0.00628656j 0.00302235-0.00401264j 0.000541425-3.80218e-05j -0.00693192+0.000539379j 0.00422607-0.0145449j 0.00738259+0.0121468j 0.00543496-0.00490366j -0.0114704-0.00352038j 0.00375819-0.00336239j 0.017778+0.00309056j 0.00364682-0.012806j 0.00727262-0.00274541j -0.00190219+0.00467658j 0.0030705-0.00100415j 0.0112344-0.00414966j -0.0147345-0.00753307j -0.00100311-0.0129173j -0.0159201+0.0100227j 0.00209426-0.00338048j -0.00964786+0.0108419j 0.0101729+0.00568801j -0.0136494+0.00768803j -0.00693751+0.00681288j 0.00687496-0.00324344j -0.000526123-0.00686135j -0.0138545+0.00683857j 0.00289746+0.00324091j 0.0130386+0.0110426j 0.00925713+0.000464989j -0.00176551-0.00637558j 0.000784192-0.0015597j 0.0140601+0.00592503j 0.00306082+6.98208e-06j 0.00694295-0.000767062j 0.00417816-0.00185195j 0.00278781-0.00174418j 0.00409322+0.00347094j -0.00623791-0.00140588j 0.00143625-0.00288028j -0.000434841-0.00244905j -0.00221082-0.00256609j -0.00483701-0.00399524j -0.00178796-0.00170242j -0.00692981-0.00125804j -0.0141842+0.00727241j -0.00228587+0.00274939j -0.00422438+0.000453211j -0.00719805+0.000254995j -0.0085556-0.00023196j -0.00135389-0.00906577j -0.00121872-0.00363926j -0.00431962-0.00484045j -0.00091919+0.0039833j -0.00515451+0.00243115j -0.00301864-0.00931078j 0.000137423-0.00364184j -0.00762619+0.00296845j -0.0030534+0.00148663j -0.00324665+0.00305514j 0.00229686+0.00136837j -0.00308291-0.0059217j -0.004927+0.00795334j -0.0011997+0.00212327j 0.00145945-0.000442114j 0.00344723+0.00232302j -0.000252525+0.00644416j 0.000618359-0.00311964j -0.00294033+1.73944e-05j 0.00342283-0.000445344j 0.00372554-0.00375532j 0.00426578-0.00405567j 0.000628562+0.00284462j -0.00477276-0.00012629j 0.00381425-0.00396193j -0.00177073-0.00155931j 0.000935094+0.000370011j -0.00369079+0.00258769j 
0.00068471+0.00462836j -0.0049893-0.000556527j 0.00448829-0.000833141j -0.000931149+0.00571774j 0.00658274-0.00154776j -0.00147559-0.000777136j -0.00927736+0.00364698j -0.00196898+0.00433536j 0.00118109+4.23929e-05j 0.00361595+0.00880795j -0.00119871-0.00645122j 0.00543863+0.00284379j -0.00334901+0.00855348j -0.00978997+0.0036223j -0.0023695-0.00252584j 0.00115222-0.00578112j -0.00746025+0.00188873j -0.00148459-0.000793377j 0.00120166+0.00179249j 0.000186385-0.00232645j -0.0115068+0.00256702j -0.00221744-0.000774694j 0.000425733+0.00791122j 0.00595382-0.00850597j -0.00607166+0.0147869j 0.00107071-0.00159953j -0.0162468-0.00598453j -0.00374651-0.00148784j 0.000945217-0.00498059j -0.00482077-0.00277206j -0.00195746-0.0100477j 0.0112001+0.00520596j 0.00519593-0.00650169j -0.00030338+0.00160834j -0.00204142-0.00732667j -0.00285652-0.00860192j 0.00241238-0.00140244j -0.00713021-0.0018966j -0.00191775-0.000203196j 0.00179993+0.00361221j 0.0022343-0.00581682j 0.0135369-0.0138818j -0.00443379-0.000265838j -0.00325279+0.0148601j -0.0083844+0.0066741j 0.00604752-0.019046j -0.00837952+0.0143291j 0.00798464+0.00251765j -0.0047674-0.00549909j -0.000998393-0.00436539j 0.00144415-0.00318508j -0.00334736+0.0097194j -0.00619742+0.00236125j -0.00173971-0.00282667j -0.002863-0.00234473j 0.00491358+0.00124851j 0.0053327+0.00160033j -0.000930409+0.00327717j 0.00943262-0.0115089j 0.00242183+0.0133391j 0.00341871-0.00599923j 0.00692978+0.00206999j 0.0012784-0.00109284j -0.00359928+0.00820648j 0.0133312-0.0080824j 0.00159701-0.0139588j -0.00628915+0.00401234j -0.00349827+0.00258055j -0.00303234-0.00315742j -0.00734692+0.0140085j 0.00323064+0.00295296j -0.0016094+0.00434441j 0.00391548+0.00989954j -0.00084273-0.00462009j -0.00103129+0.00156033j -0.00341949+0.00530561j 0.000119317+0.00177605j 0.00221213-0.000108527j -0.00531664+0.000203123j 0.00108113-0.00139955j -0.00129232-0.00155241j -0.000387666-0.00530844j -0.00371059-0.00153787j -0.00144762-0.00244044j 0.0020246+0.00714587j -0.00273276-4.37437e-05j -0.00325191-0.00939681j 0.00219816+0.00332243j -0.000307444-0.000441387j 0.00260849-0.00469614j -0.00537997+0.00556585j -0.00190808+0.00300078j 0.00120728+0.00179626j -0.000612999+0.00083414j 0.000359907+0.00346425j 
0.0040576+0.000649569j 0.00464062-0.00220454j -0.00290649-0.00159948j 0.00219963-0.00304804j 0.00171559+0.00196501j -0.00349471+0.00747315j -0.00141032-0.00257836j 0.000457759+0.00110968j -0.00228997+0.00251014j -0.000604974-0.00992995j 0.00128017+0.000211626j 0.00249608-0.00809945j 0.00200258+0.00224861j -0.0012391-0.0033514j -0.0196168+0.000736087j 3.44744e-05+0.00381468j 0.000147202+0.000747771j 0.00245874-0.000568731j -0.000154499-0.00212522j -0.00571424+0.00520049j -0.00811905+0.00430761j 0.00449319-0.016579j 0.00354739-0.00865818j -0.00504567-0.00842949j -0.00321537+0.00277212j 0.00233019+0.00502505j -0.0100368+0.00990779j -0.00564404+0.0104265j 0.00175916-0.007233j -0.00975577+0.00696609j 0.00789322-0.00608597j -0.0138471-0.00721466j 0.000695901-0.00403924j -0.00721744+0.00882833j 0.0106068-8.36519e-05j -0.00116514-0.0113557j 0.00537978-0.00750488j 0.00852629-0.00303404j -0.00113373+0.00665525j -0.000273184-0.0121499j -0.00208382+0.00446851j 0.00118825+0.00320545j 0.00361047+0.00915324j 0.00194493+0.00867053j 0.0046253+0.00680188j -0.00543165+0.0051994j -0.00511981+0.009269j 0.00600748-0.0101268j -0.00476808-0.0010247j 0.00819865+0.00504752j -0.00157891+0.0031894j -0.00257644-0.00176895j -0.00703333+0.00586756j 0.00344955+0.00574597j -0.00982491-0.00405434j 0.00260846-0.00317978j 0.00151678+0.00192371j -0.000930864-0.00234806j 0.0028178-0.00842423j 0.0125936+0.00341348j 0.0034705-0.00745307j 0.00827498-0.0116418j 0.00158246-0.00939358j -0.000147377+0.00198353j 0.00334279-0.00441593j 0.00160922-0.00911383j 0.00635349-0.0089004j 0.000401491-0.00979921j -0.00151539-0.000393285j 0.000518288+0.0046608j 0.000778266-0.00384518j -0.00346024-0.00330494j 0.00427651+0.000315568j -0.00152656-0.00244266j 0.00425559-0.00376915j 0.0032196-0.00191234j 0.000291617+0.000876466j 0.00387676+0.00298408j -0.00223199-0.00602955j -0.00145408-0.00231713j -0.00166846+0.00125374j 0.00108017+0.000860874j -0.000111924+0.00528271j -0.00389282-0.00330533j -0.000438636-0.00120596j -0.000970248+0.000602174j -0.00297939+0.000888176j -0.000610799+0.00620117j 0.00510091-0.00100256j 0.00308597+0.00712155j -0.0030697-0.00137898j 0.00346344-0.00252374j -0.000574713-0.00387329j 0.000564312+0.0021453j -0.00470761-0.00124859j 
0.00132998+0.00360008j 0.00244487+0.00228274j -0.00261403-0.00573454j 0.00727746-0.00155331j 0.00296319-0.00130448j 0.00237333+0.00100217j 0.000833656+0.00177642j -0.00203067-0.000995772j -0.00291161+0.010026j 0.00655911+0.00591633j 0.00992851-0.00360012j -0.000186128-0.000431535j 0.00664758-0.00424847j 0.00926548+0.00384954j 0.00570618-0.00344513j -0.00144539+0.00531118j -0.00216931+0.000129329j 0.00633654+0.0114842j -0.00611644+0.00362902j 0.00747198-0.00358829j -0.00467405+0.000771809j -0.0116032+0.00689075j 0.00254271+0.00297467j 0.0098438-0.00546815j 0.00288329-0.00657288j 0.00592646+0.00188799j 0.0116157+0.0116096j 0.00238946+0.00374775j 0.010287+0.0090014j 0.0124394-0.00835378j 0.00581797+0.00380187j 0.00175646+0.0114189j -0.00641165+0.00598315j -0.0171601+0.0227707j -0.00316826+0.0189908j -0.00088652+0.00363299j 0.00310483-0.000117145j 0.00903017-0.00183859j 0.0036345-0.0032627j 0.00579109-0.00636339j 0.00437151+0.00213354j -0.00213605-0.00718787j -0.00260892+0.00820037j -0.00113967-0.000889638j -0.00933234+0.00123623j 0.0125082-0.00995224j 0.00151934-0.00105735j -0.00850149-0.000757811j -0.0111966-0.000409412j 0.00196976-0.00510023j 0.00169748+0.00741625j -0.00159902-0.00539205j 0.0115971+0.00828747j -0.0109447-0.00358567j -0.00237969+0.00765129j 0.00755056+0.0038116j -0.00639163-9.17553e-05j -0.0107186+0.000795201j 0.00112053+0.000625542j -0.0115593-0.0004799j -0.00296226+0.00252572j -0.00376824+0.0102609j 0.00252552-0.00166442j -0.000617453-0.0033955j -0.000486235-0.0023791j 0.00409266-0.00168466j -0.000319407+0.00344326j -0.0113328+0.00143863j 0.00255921-0.00401835j -0.00846716+0.00398268j -0.00350828-0.00132476j -0.00101476+0.00504261j 0.0011566+0.00125701j -0.00266661-0.00109216j -0.000666802+0.00410716j -0.000344246+0.00398231j 0.00396747+0.00231655j -0.000877529-0.00202609j -0.00197684+0.00333532j 0.00203687-0.00124544j -0.00207265+0.00605319j 0.00596469+0.00391007j 0.00876929-0.00284162j 0.00619464+0.000143781j -0.00625135-0.0022898j 0.00272782-0.000628969j 0.000946692+0.00229879j 0.00281451+0.00206045j 0.0024416+0.00109064j 0.00217558-0.000277983j 0.00107817+0.00714699j 0.000341703-0.00133615j -0.00332361-0.0039973j 0.00161032+0.00106079j -0.00207581+0.00195498j 
-0.00301098-0.00277089j -0.00574891-0.00166331j 0.00600442+0.00334841j -0.00403674-0.000462623j 0.00427256+0.00625754j -0.00529484+0.00264283j -0.00651645+0.00351712j 0.00162477-0.00898834j 0.0067522+0.00823099j -0.00140716-0.000599515j 0.00249613+0.00366146j 0.00343211+0.00172579j 0.000678529+0.00218808j 0.00766484+0.00426926j 0.010155+0.00188921j 0.000246527-0.00376751j 0.00349294-0.00317454j -0.000977888+0.00883887j -0.012273+0.00380225j -0.00410312-0.00770127j -0.00158243-0.0135403j -0.0159876-0.00128919j -0.00670512-0.00301653j -0.000275528+0.0103829j 0.00727963+0.000484669j -0.00833334+0.00638179j -0.014182-0.00546737j -0.00368202+0.0034802j 0.000617953+0.00619316j 0.00339924+0.000712293j -0.00208727+0.00905469j 0.0149387-0.0100406j 0.00496537+0.00641506j 0.000369447+0.0144559j -0.00202198-0.00764467j -0.00605172+0.00545834j -0.00326953-0.000209166j -0.00764009-7.7309e-05j -0.00753696-0.00995909j 0.00172729-0.000786627j -0.0059995-0.00848561j 0.00468647-0.00446145j 0.0018693-0.0103452j -0.00825937-0.00782886j -0.00815935+0.00305174j 0.00491577-0.0144303j -0.00889769-0.00969212j -0.0186137+0.00105348j -0.00134114+0.00352025j 0.00790958-0.000967629j 0.00355723-0.00591352j 0.00511922+0.0052886j -0.00997324+0.00887599j -0.00138676-0.00231845j -0.0150986-0.00398636j -0.00790904+0.00572746j 0.00583272-0.00181279j -0.00111808+0.003031j 0.00411681+0.00454252j 0.00960787-0.00211553j 0.00281108+0.000850328j -0.00165572-2.51857e-05j 0.00779901+0.00285786j -0.000181038-0.000711213j 0.000340609+0.0124331j 0.00339125-0.00272514j -0.00468804-0.000425457j -0.00968998+0.00959246j 0.00347626-0.0086055j -0.00732498+0.00596605j -0.0033172+0.00401299j -0.00415679-0.00331643j -0.00628271+0.00118947j -0.00938761+0.00142794j 0.00895416+0.00365798j -0.0084148+0.000971989j -0.00158782-0.00276266j 0.00025108-0.00819733j -0.00400152+0.00336633j -0.000572075-0.00477336j -0.00029155+0.00144552j 0.000769177+0.0088635j -0.00478714-0.00187646j -0.00258332-0.00158491j 0.00135079-0.00285682j 0.00187874+0.00230738j -0.00421098+0.00329229j 0.00176699-0.000591735j -0.000508067+0.000995691j -0.00155273-0.0013824j -0.0072905-0.000763894j -0.00491351-0.00109445j 0.00319975-0.00337845j -0.0035877-0.00194994j 0.00195578+0.00312835j 
-0.00612938+0.00529276j -0.00476447+0.000674582j 0.00310975+0.00101934j -0.000535518+0.00123841j -0.00970229+0.00207117j 9.97355e-05+0.00410683j -0.000606539+0.00135747j -0.00721105-0.00114619j -0.000536284-0.00132438j 0.00315879+0.00662923j 0.00402328+0.00396215j -0.000796362+0.0140085j -0.00598574+0.00432575j -0.00899526-0.00486402j 0.00592177+0.000593154j -0.00374191-0.0043308j -0.000239782-0.000250392j 0.00191708+0.00546727j 0.00315735+0.00706677j 0.0109625-0.0053791j 0.0013871-0.00370369j 0.0114602+0.000966533j -0.00130281+0.00669912j -0.00393689+0.00136916j 0.00422583+0.00964249j -7.52018e-05-0.00629187j -0.0124028+0.00913983j -0.00679257+0.00397124j 0.000711551-0.00565658j 0.00512835+0.0118014j 0.00568466-0.0074609j 0.0162879+0.0100768j -0.00310589+0.00848072j -0.00168101-0.0121429j -0.00783184-0.0101921j 0.00212522+0.00626272j 0.00284393+0.00277041j -0.00673318+0.0128283j 0.00293352+0.000545288j 0.00765357-0.00521383j 0.00380698+0.000507584j 0.0146229-0.0049705j -0.0037213-0.00169479j 0.00969865+0.00179761j -0.00998488-8.71262e-05j 0.0130829-0.00422084j -0.0034787+0.00773397j 0.0018892+0.00555017j -0.00744692+0.00864394j -0.0123286-0.00289271j 0.000219402+0.000365671j -0.00583533+0.0204118j -0.00290632+0.00956709j -0.00703212-0.00143182j 0.00854572+0.00103468j 0.00137983+0.00123111j 0.00263714+0.00669928j 0.00142787+0.000612461j -0.00162917-0.00832186j -0.0118755+0.00330511j -0.00397141-0.00394721j -0.00592813-0.00668077j -0.00770657-0.00120838j 0.00241215+0.0051642j 0.000344098-0.00292839j 0.00242737-0.00970216j -0.0025834+0.00414586j -5.47464e-05+0.00723841j 0.00109542+0.00121844j -0.00347871+0.0036041j 0.00395121-0.00175857j -0.00355786-0.00108111j 0.00197652+0.00355777j 0.00122223-0.00120888j -0.0044819+0.00018701j -0.00804816+0.00273118j 7.0545e-05+0.0020589j -0.000660487-0.00954473j 0.00153908+0.00514285j -0.00021109+0.0111583j -0.00137138+0.00245618j -0.00132934-0.00123331j -0.00582549+0.000361264j 0.00113684-0.00324582j 0.00202836+0.000692381j -0.000115147+0.00286487j 0.00603252+0.00355181j 0.00396541+0.0054239j 0.00199804-0.00314019j -0.000539276-0.00694483j 0.000282907+0.00406718j 0.00445921-0.00118181j 0.00163254+0.000723755j 0.00315683-0.00172583j 0.00396229+0.00345364j 
-0.00120296+0.00671966j 0.00168274-0.00593947j -0.00599427-0.00137319j -0.000272602-0.00231518j 0.00113159-0.0029213j -0.001479+0.00257801j -0.00412962+0.000814146j 0.00396331-0.0098312j 0.00184031-0.0032878j -0.00112306+0.0010176j -0.00449453-0.00565212j -0.00481482+0.00551919j -0.00104064-0.00600315j -0.00814984-0.00524662j -0.00183564+0.00719307j 0.00514179+0.00142377j 0.00770259+0.000165091j 0.000434967+0.0170622j 0.0133061+0.00295489j 0.00215588-0.00214853j -0.000907448-0.0111008j -0.00835418+0.00841215j -0.0050223-0.00338768j -0.00380499+0.00442689j 0.0106486+0.00663206j -0.00130293-0.00770818j 0.00892783-0.0115814j -0.0111711+0.00274823j 0.00238708-0.00772927j 0.00365183-0.00808081j -0.0140776-0.00301972j -0.00820232+0.0133455j 0.00252058+0.00506862j -0.00569607-0.00577527j -0.00819045-0.00586852j -0.000311889-0.000476778j 0.0173764+0.00126645j 0.00304751-0.00615423j 0.00515227+0.000115531j -0.00365773+0.00170782j -0.00705201-0.00902027j -0.0148285+0.00692106j -2.41336e-05-0.00453947j -0.00118603-0.00187009j 0.00881239-0.00400454j -0.00538156-0.00263425j -0.00394356-0.0076156j -0.00164521+0.00944649j 0.0128635+0.000320008j 0.000368613-0.00562629j -0.00707671-0.00690875j 0.0020477+0.00328298j 0.0155527+0.0031842j -0.00231449-0.00128032j 0.000457014-0.00127176j 0.00106122+0.00461881j -0.000369171+0.00705715j 0.000932422-0.00396003j 0.00247617+0.00176305j 0.00132364-0.0015604j -0.000775871-0.0030918j -0.0061165-0.000355046j 0.00257006-5.60079e-05j 0.0041004-0.000574287j -0.00643068+0.00214219j 0.0022303+0.000325559j 0.00813349-0.00391922j 0.00996684+0.00729955j 0.00151643-0.00581288j -0.00116574-0.00256596j -0.00355259-0.00442289j -0.00343362-0.00412296j -0.00439344-0.00262425j -0.000639973+0.00452656j -0.00252389+0.000540103j 0.00427166+0.00223225j 0.000322918-0.00301302j -0.000502181-0.000442174j 0.00814207-0.00148767j -0.00311655+0.00272656j -0.000550438+0.00278445j 0.000578732-3.95957e-05j -0.00192237+0.00293968j -0.00210963+0.00157176j -0.00159714+0.00266709j -0.00215446+0.00181075j 0.00196116+0.00297863j 0.000439412+0.00454489j -0.0032314-0.00352693j -0.00010754-0.00312986j 0.00279564+0.00345801j -0.00233902-0.00267391j -0.00275405-0.00388307j 0.00453089+0.00215629j -0.00242604+0.00275868j 
0.00194436-0.00747036j 0.0031304-0.00126282j -0.00603402-0.00355851j 0.000572595-0.00453945j 0.000332526-0.010676j 0.00393833-0.00741158j 0.000766158+0.00387781j 0.00192443+0.00416247j 0.00733144-0.00786824j 0.00494082-0.00598884j -0.00374326-0.0018464j 0.00314363-0.00195653j 0.0026769+0.000271965j -0.00514538-0.00450794j 0.0050624+0.0126193j 0.000713997-0.00327774j 0.00431304-0.00417643j -0.00879869-0.0144426j 0.00371778+0.00515154j -0.00231305+0.0099102j 0.0103942-0.0116029j 0.00798081-0.0142141j 0.00282915+0.00653565j 0.00494666-0.00315474j -0.00515633-0.017414j -0.0081886+0.00185217j 0.00645728+0.00216303j -0.0087544+0.000722734j -0.0132424+0.00184415j -0.00493639+0.00441963j 0.00342383+0.00488802j -0.00454125-0.0116307j -0.00826806-0.00173584j 0.00158993-0.00995753j 0.00176997+0.0149331j -0.0214599+0.00257758j 2.82593e-05+0.00409302j 0.00505557+0.00846213j 0.00307394+0.00945914j 0.00353004+0.00884367j -0.00208407-0.0028496j 0.00138077+0.0074319j 0.0087306-0.0008355j 0.000545169-0.00986578j 0.00266025-0.00255611j -0.0187364+0.00174199j -0.00142683+0.00235534j 0.00894451+0.00290829j 0.00164474-0.00955655j 0.00773684+0.00157274j -0.0152604-0.00140354j 0.00716934-0.00457909j 0.0053618-0.0113424j -0.010114+0.00352525j -0.00576658-0.0080074j -0.00450012-0.000626753j 0.0100634-0.00788881j -0.00177716-0.00193796j 0.00269055-0.00420781j -0.000311448-0.00949467j -0.00063724+0.00822756j 0.00235882+0.00319484j -0.00364651-0.00722134j 0.00762232-0.00296337j -0.0103787+0.00127712j -0.00780153+0.00193687j 0.00893047-0.00244577j 0.00806293-0.0151663j -0.00665651+0.00140812j 0.00462075-0.00827755j 0.00117669-0.00333295j -0.00278611-0.000750754j -0.000203809+0.00665872j 0.000951493-0.00382422j 0.0066398-0.000642449j 0.00525447-0.00382147j 0.000332497+0.000847438j 0.00136672+0.00436397j 0.00622625-0.000522113j 0.00445987-0.000966158j 0.0079432-0.00155362j 0.002885-0.00486432j -0.0107998+0.00159883j -0.00353811+0.00413014j -0.00205154-0.000115292j 0.000353559-0.00467538j 0.00353258+0.00475945j -0.00190582-0.0015957j -0.00546962-9.59425e-05j 0.000126017+0.00680059j 0.00513057-0.0032586j -0.000449382-0.00131737j -0.00183131+0.00216133j 0.000130381+0.0014429j 0.00234132-0.00800267j 
0.00784659+0.00748028j -0.00517613+0.00371146j -0.00427937-0.00142974j -0.000760956-0.000415447j 0.00703494+0.000546407j 0.00354707+0.00963623j -0.00249215-0.00135816j 0.00424651-0.00333536j -0.00363408-0.00406259j 0.0072643+0.00684619j 0.00114854-0.00627909j 0.0079167+0.00908225j 0.0019498+0.00594619j -0.0012296+0.000566519j -0.000907934+0.00166976j -0.0165369+0.0073163j 0.000393363+1.46925e-05j -0.0107399+0.00193491j 0.0019434-0.00363249j 0.00814294+0.00415189j -0.00704617+0.0093905j -0.000845069+0.0127831j -0.00540734+0.00412175j 0.0114827+0.0110868j -0.00609353+0.0047381j -0.00784059-0.00775224j -0.00732452+0.00178885j 0.0101351-0.000866806j -0.00430629+0.00249345j 0.00187227-0.00878547j -0.00535672+0.0082587j -0.00134475-0.00180626j 0.000125199+0.00469741j -0.00586875-0.0114591j -0.0141363-0.00582476j 0.00363757+0.00362421j 0.00868872-0.00297651j 0.00935136-0.00519121j -0.00748628-0.00547806j 0.0120866-0.00328079j -0.00559003-0.00597426j 0.00391195-0.0091164j -0.0100062-0.0134413j 0.014891-0.00401357j -0.00803327-0.000915853j 0.00458563-0.0049239j -0.00207064-0.00090502j 0.00801476+0.0134972j -0.00381606-0.00336662j 0.000483574+0.00499977j -0.00382956-0.00217601j 0.00930824-0.00814799j 0.00272793+0.0117277j 0.0088892-0.00235015j -0.00469084+0.00194097j -0.000961043+0.00164859j 0.0013309-0.00290856j -0.00348469+0.0106126j -0.0118677+0.00591779j 0.00447266-0.00414393j -0.00719418-0.00149626j 0.00665338+0.00658184j 0.00745271-0.00390714j 0.00307419+0.00167406j 0.00040549+0.00138752j -0.000821712+0.00359457j 0.00445654+0.000344826j -0.00904629+0.0110328j -0.0029419-0.00267054j 0.00318902-0.0011155j 0.000259729-0.000796358j 0.00110975+0.00206261j -0.00194976-0.00413264j -0.00634821-0.000935262j 0.00337763-0.00191609j 0.00503846+0.00616434j 0.00620772-0.00803042j -0.00325017-0.00405738j -0.005458+0.00472941j 0.000526564-0.00278461j -0.00524154+0.00183804j -0.00161206-0.00338142j -0.00231249-6.32038e-05j 0.00168937+0.00509857j -0.0046643+0.000203662j 0.00480066+0.00101906j -0.00437614-0.00129898j 0.00195447-0.00183865j -0.00355769-0.000282184j -0.00135582-0.0035685j 0.00110275+0.0039825j -0.00254668-0.0012038j -0.00217836-0.0021303j -0.00110939+0.00407323j -0.0028251+0.00236312j 
0.000206924-0.000128902j 0.00570604-0.000271764j -0.00049738+0.00141273j -0.00185734+0.00333052j -0.00321614+8.84305e-05j 0.00521963-0.00205307j -0.000906696-0.00150983j 0.000640561-0.00347846j 0.00455193+0.00419916j -0.00985442-0.00325162j -0.0021763-0.000742478j 0.00138692-0.00139218j 0.00855354+0.00191762j 0.00626603-0.0095783j -0.0029178+0.00403247j 0.00439403-0.0087933j -0.0152976-0.0114657j -0.00362705-0.00429785j -0.00264278+0.00750028j 0.00944774+0.00067139j -0.00553568+0.00155256j 0.00432654-0.00625674j -0.00239334+0.00155476j -0.00558723+0.00160249j -0.00796571-0.00813765j 0.0075477-0.00278299j -0.00379242+0.00324923j 0.00552973-0.0116041j 0.000588649-0.00625723j 0.0021576-0.00520959j 0.0169596-0.0013763j -0.0053938+0.00674163j -0.00775747+0.00332309j 0.000283387-0.00638261j 0.00269399-0.00454363j -0.0114722-0.0253566j 0.00604758+0.00952648j 0.000221559-0.00421043j -0.00327663+0.00448811j 0.00392922+0.00764165j 0.00550866+0.00241226j 0.0103254+0.0132982j 0.00607262-0.00281646j 0.00509239-0.0015799j -0.00377005-0.00249393j 0.0171819+0.00305624j -7.04212e-05-0.0023419j -0.00731205-0.00794876j -0.00478408+0.00246275j 0.00552327+0.0040592j 0.00613985+0.00142483j -0.0121531+0.00511298j -0.00489427-0.00586456j 0.00471292-0.0155914j -0.00606951-0.0091893j 0.000187539-0.00634506j 0.00225212+0.00456034j -0.0057635-0.00196342j -0.00158289+0.00907206j 0.00179462-0.00459305j -0.00542093+0.00649868j 0.00237795-0.00390278j 0.000798364-0.00532077j 0.000878472-0.00271223j -0.00372333+0.00289455j 0.00380276+0.00208119j -0.00370309-0.00395921j -0.00510732-0.00317849j -0.00142941+0.0075085j -0.00603621+0.00192339j -0.00513311-0.00149744j -0.00323805-0.00287453j -0.00246928+0.00259925j 0.00533111-0.007355j -0.00604794+0.00438733j -0.000461594-0.00675983j -0.00510739-0.000994235j 0.00261095-0.00541353j -0.00824044+0.0027373j -0.00223269+0.0022394j -0.010608-7.63139e-05j 0.000594812+0.00247459j 0.00419427-0.00653165j 0.00401987-0.00213578j -0.00194429+0.00319115j -0.00250587+0.00376987j -0.000518795+0.00289232j -0.00527454+0.000987891j 0.00544813-0.00197384j 0.006378-0.00513138j -0.00151188+0.000151419j 0.0026939+0.00392368j -0.00370624+0.0062349j 0.00265164-0.00252084j -0.00507666+0.00554955j 
0.0028487-0.00741715j 0.00072465-0.00229824j -0.000605371-0.0016242j -0.000674541+0.00408296j 0.00117178+0.000845315j -0.00187214-0.00145479j -0.000482873+0.00535965j -0.0041077-0.00155893j 0.00462361-0.000768293j 0.0060196+0.0020793j 0.000905101+0.00208686j -0.00239217+0.00213164j 0.00554239+0.0142992j -0.00199222+0.0060014j 0.00010575+0.00299263j -0.0105853-0.00764117j -0.00515407+0.0123869j -0.00253438-0.00736926j 0.00552215+0.0113284j 0.00880907-0.00169646j 0.00282595-0.015202j -0.0113703+0.000724866j 0.00492054+0.00997661j -0.012628-0.000926279j -0.00171302-0.00325831j 0.00895715+0.000572024j -0.0124665+0.00253805j -0.00389467-0.000323233j -0.00984235+0.0100221j -0.00161048+0.00696466j 0.000146797-0.000499573j 0.00657702-0.010974j 0.0039381+0.00766129j 0.00609398-0.00794269j 0.0021829+0.00372192j -0.00208691+0.0102887j 0.0103948+0.0161058j -0.000540652+0.0122373j -0.000454677-0.00304107j 0.000111653+0.00279881j 0.00102518-0.0127155j -0.0134561-0.00423051j 0.00248405-0.000897329j 0.018158-0.00497773j -0.00749456+0.0018543j -0.00178114-0.01213j 0.00892804+0.0053719j -0.000321824+0.00937011j -0.000918591-0.00930593j 0.000941322-0.00540661j 0.00328918+0.00035892j 0.0149481+0.0065071j 0.00482519-0.00393725j -0.0015885+0.00436179j -0.0113831-3.86065e-05j -0.00231881-0.000449334j -0.00273835-0.00635655j -0.00690345+0.00655944j -0.00114161-0.00846888j 0.0146558+0.00465137j -0.00320826+0.004664j 0.000460945+0.00060173j -0.000677231+0.00552981j 0.00764111-0.00116685j 0.00181028-0.00406574j -0.0098668-0.00212502j 0.00168476+0.0110459j -0.00367607+0.00589021j 0.00732601-0.00118854j 0.00791397+0.00476739j -0.00534738+0.00360874j -0.00406471-0.000961979j 0.00757707+0.00580526j -0.00797878+0.000928484j -0.0023615+0.00107955j -0.00107092+0.00293996j 0.00127624+0.0040007j -0.00243757+0.000180163j 0.00481344+0.00116283j 0.00596901-0.00291849j -0.00398323-0.00401854j -0.000931446-0.00154047j -0.00395314+0.00429873j -0.00731513-0.00283065j -0.0012469+0.00111913j 0.00484867-0.0017231j -0.00331675-0.00177414j -0.00209591-0.00210712j 0.000114103+0.0025047j -0.00610025+0.000957051j 0.00191649-0.000573439j 0.00356477+0.00074031j 0.0055992-0.00220738j -0.00422242+0.00297803j 0.00259147-0.00176683j 
0.00183154+0.00642627j -0.00811933-0.0010391j 0.0037389-0.00283864j -0.0142209+0.00831147j 0.00233634+0.00726226j 0.00070456+0.00688986j -0.0110675-0.00668757j -0.00212133+0.00658679j -0.00116858+0.0029058j -0.00113249+0.00908786j -0.0035279+0.00539604j -0.0133895+0.0098475j -0.008595+0.00633398j -0.00360689+0.00647792j -0.00571231+5.45704e-05j 0.00188859+0.000338881j -0.0046155-0.00553788j 0.00353641-0.00255077j -0.00121391-0.00102875j -0.000603722+0.00242172j 0.00376185+0.000682842j -0.0057543-0.00277083j -0.00902867+0.00278557j 0.00570054+0.00130451j -0.00968147+0.0155996j 0.00627116-0.00117554j -0.00195639-0.00829905j 0.00573915+0.00445765j -0.0019086-0.0178336j -0.00984978-0.00195528j 0.00130227+0.00650364j 0.0158483-0.00401377j 0.001132-0.000925234j 0.00527989-0.00232898j 0.0102511-0.0147232j 0.00155078-0.00273285j -0.0089401-0.00899334j -0.00207039-0.00471921j 0.00275318-0.00594349j -0.0139039+0.00173913j 0.000250046+0.0102387j -0.00455714-0.0037737j -0.00399865-0.00943201j -0.00309786+0.00664642j -0.00494548+0.00986938j 0.0180859-0.0166514j -0.000647459+0.00769978j -0.0101523+0.00309389j -0.00019741+0.00642542j 0.00771086-0.00209882j 0.0150125-0.00572051j -0.0135056+0.00243172j -0.000835497+0.000865995j 0.00700384-0.0031459j -0.003471+0.00447141j 0.00110637+0.000747813j -0.00250991+0.00682474j -0.00132022-0.00444999j 0.00597873+0.00011569j -0.00111668+0.0083307j 0.00787821-0.006329j -0.000583708+0.00532467j 0.00311525+0.00903884j 0.00153298+0.00117943j 0.0122694-0.00166604j 0.00371821-0.00298585j -0.000555889-0.00651041j -0.0127011+0.00759317j 0.00577102+0.00541996j -0.00372505+0.00714351j -0.0041103+0.00187358j 0.00503846+0.00320609j -0.00578019-0.00143152j -0.00767533-0.00240318j 0.00288048+0.00609246j -0.0029159+0.00242786j -0.00209314-0.00112285j 0.00194494-0.00267523j 0.00120611+0.00636309j -0.00836344+0.00298617j -0.00114863+0.00533644j 0.00363676+0.00229224j 0.00765082-0.00511639j 0.00195399-0.00376084j -0.00214515+0.00400823j 0.00385275-0.000398181j -0.00395049-0.00525672j 0.00366402-0.000554976j -0.000730682-0.000303434j 0.00295418-0.0122294j -0.000564414+0.00417487j -0.00575616-0.00371781j 0.000570249+0.00251592j -0.0002528-0.0038563j -0.000529646+0.00359541j 
-0.00114252-0.0019056j 0.00673455-0.00484487j -0.00410732-0.00625319j 0.00763004+0.00324995j -0.00316839+0.00147362j -0.00273662+0.00073428j 0.00513513-0.0021057j 0.00616239+0.00827676j -0.00235074+0.00746611j 0.00796486-0.00480883j 0.0007695-0.00960075j -0.0094642-0.0022174j -0.00617004-0.00450166j 0.0039158-2.73292e-05j 0.00506498-0.000611235j 0.00548114+0.00841186j -0.00431296-0.0026114j -0.0112506+0.00299525j -0.00638139+0.00578729j 0.00268567-0.0128197j 0.00753933-0.00303329j -0.0020055-0.00085356j -0.00645524-0.00630418j 0.00273497-0.0126077j -0.00588128-0.0044592j 0.00099995-8.17788e-05j 0.00485546-0.00114649j -0.00081918-0.00741386j 0.0149026+0.00648971j -0.00109864+0.00351385j -0.00120948-0.0146293j 0.00719982-0.00716597j 0.00608674+0.00027232j -0.00129195+0.0113242j 0.00353086+0.00297915j -0.00359831-0.00729848j -0.0149645+0.00601785j -0.00322229+0.00208608j -0.000991187+0.00540002j 0.00324835+0.00489699j 0.00586208-0.011552j -0.0110967-0.0086775j 0.00022238+0.0134102j -0.0124389-0.00244399j 0.00061336+0.00558449j -0.000582028-0.00441492j 0.000975128-0.00537528j -0.00547588-0.00732017j -0.00169003+0.0112508j 0.0117907+0.00711237j 0.0102165-0.0104635j -0.00758002+0.00249075j -0.00180124+0.00645793j -0.00696317-0.0048021j 0.00614439-0.000100914j -0.00902711-0.00205836j -0.004487+0.0113987j 0.000876433-0.00135069j 0.00622654-0.0055957j -0.0065863+0.00594956j 0.00272079+0.00554617j -4.28818e-06-0.00216968j 0.00660308+0.0016781j 0.0011737+0.0011482j 0.000547941-0.0034421j 0.00199015-0.00475675j 0.0048313+0.00554028j 0.00541754+0.00316122j 0.00322063-0.000661376j -0.00303894+0.000169609j 0.00395193-0.00239269j 0.005381+0.00243616j -0.00399925-0.00301354j 0.00184869-0.00191497j 0.00236075+0.00460922j 0.00321003-1.08808e-05j -0.000482353+0.000792356j 0.00379859+0.000277303j 0.00360951-0.00196352j -0.00117115-0.00293261j 0.00488249+0.00519744j 0.002295-0.00076531j 0.000254409-0.0055525j 0.00297435-0.00241043j 0.00124774+0.00429338j 0.00189901-0.00182003j 0.000186609-0.0024139j -0.00383442-0.00280479j -0.00159419-0.00452773j -0.00253894+0.000318506j -0.0019607+7.8994e-05j -0.000257532-0.00621014j -0.00280191-0.00130669j 0.000718615+0.000853305j -0.000498327+0.00206953j 
-0.00186159+0.000856744j 0.00187636-0.0088577j 0.00354366+0.00881637j -0.00485098+0.00217255j 0.00637563-9.95929e-05j 0.000537458+2.5691e-06j -0.00697327+0.011489j -0.00232188-0.00665748j 0.00184301+0.00018361j -0.00181651+0.00256096j 0.000688782+0.00559737j -0.00562357-0.00727777j -0.0138568-0.01845j -0.00882799+0.00746157j 0.00230096+0.000386589j 0.0030371+0.00546107j -0.00188122-0.00899996j -0.00173804+0.0126723j -0.0071833+0.00857617j -0.00681781+0.00661733j -0.00744394-0.0002141j -0.00496568-0.0036247j -0.0139052-0.00054629j 0.00600241+0.0116564j -0.0141606+0.00649121j 0.000663192+0.00367829j 0.00830768+0.000248159j 0.00224827+0.0037815j 9.33227e-05-0.0114077j 0.00800805-0.00171054j 0.00109738-0.00352581j 0.00132125-0.0242823j 0.00369491+0.00310931j -0.000341195+0.00862216j 0.000289382-0.00891644j 0.00964338+0.00904536j 0.00662236-0.00114384j 0.013225-0.005441j -0.000844496-0.00145816j -0.0036428-0.00358141j -0.00585529+0.0117106j 0.00226581+0.00794369j -0.0119683-0.00250846j -0.009789+0.00183884j -0.00619555+0.0118659j 0.01251-0.00033563j -0.0164098-0.00105925j -0.0119366+0.000933241j 0.00351267+0.0156171j -0.00566628+0.00264848j 0.00373056-0.0106899j 0.00858985+0.00593356j 0.00293614+0.0158543j -0.00142944-0.00187947j 3.56446e-05+5.15053e-05j 0.00792538+0.00405967j -0.00272652-0.00937811j -0.00350061-0.000426439j 3.02933e-05+0.0012048j -0.00837202-0.00520932j -0.000252332+0.00879997j -0.00761711-0.00400147j 0.00387274+0.00146566j -0.000280524+0.00268044j 0.00537242+0.000905332j 0.00372696-0.00587229j 0.00027713+0.000658525j -0.00573663+0.00874202j 0.00370146+0.000658299j -0.00259323+0.0032721j -0.000683845-0.00294277j 0.000647425-0.00116531j 0.00348934+0.00114423j 0.000551159-0.00167582j -0.00254171-0.00137027j -0.00346561+0.0027836j -0.00107425+0.00151703j -0.00392331-0.00505854j -0.00247696+0.00127119j 0.00417477+0.00441975j 0.00149671+0.0010306j -8.49631e-05+0.00151788j 0.00105229-0.0058624j 0.0049727+0.00132998j 0.000343072-0.000360038j 0.00759499-0.000561561j 0.00747765+0.00649661j -0.000660143+0.00111022j -0.00191102+0.00127192j -0.00156719-0.00605677j -0.000692866-0.00218899j -0.000434686-0.00494695j 0.00139966-0.00193863j -0.00294815-0.000195365j 0.00341244-0.00126828j 
0.00352696+0.00357914j 0.00165487+0.00144229j 0.00710575+0.00194343j -0.00706846+0.00505876j -0.0103226+0.000291617j -0.00540733+0.000834853j -0.000352699+0.00219621j -0.00882836+0.00166211j 0.00748365+0.00315766j -0.00238608-0.00236396j 0.00752587-0.00124135j -0.00366917+0.00433582j -0.00436018+0.000213653j -0.00321799+0.00419874j 0.00533775+0.00348117j 0.0110617-0.0141347j 0.00889146+0.011861j 0.00121743-5.37498e-05j -0.00633789-0.00363581j -0.00164485-0.00293921j 0.00511448-0.00262337j -0.00504846-0.0131957j -0.00232865+0.00210025j 0.00339344+0.0171585j 0.00237196-0.00265841j 0.0073223-0.00653456j 0.00261544+0.00689173j -0.0064326+0.0149104j 0.0104301+0.00487698j 0.00106885+0.00281568j 0.00549139+0.0028589j 0.00173824-0.00174952j 0.00825003-0.00260082j -0.00253926+0.00109686j 0.00515343-0.00255716j 0.00794741-0.0127029j 0.000834557-0.00299267j -0.0093707-0.0048614j 0.00962255+0.00580349j -0.0110962-0.00175689j -0.004394-0.00506664j -0.0034894-0.00305195j -0.00278865-0.00571591j -0.0124688-0.00554656j 0.00277411+0.000736395j -0.00569399+0.00396732j -0.000284807+0.00534192j -0.00122728-0.00465023j 0.0013292+0.00597284j -0.00606223+0.0128104j 0.00339007-0.00136632j -0.00117952+0.00528491j 0.00969593+0.0108683j -0.0145596-0.00917464j -6.9498e-05+0.00119659j 0.00300954-0.00274388j 0.000322343-0.0083117j 0.00594749+0.000598315j 0.0120708-0.000951678j -0.00652955-0.00431773j 0.00496496+0.00467907j -0.00263053-0.000848048j -0.00617184-0.00225558j -0.00649077-0.00115942j 0.00794368-0.000375133j 0.00803717+0.000476139j -0.00460265+0.000681395j 0.00594376-0.00544361j -0.00119798-0.000949374j -0.00136836-0.00519159j -0.00498722-0.00155806j -0.00460539+0.00458596j 0.00321467-0.00255273j 0.00748861-0.00265185j -0.00821306-0.00350562j -0.0016223+0.0010444j -0.00678704+0.00390625j -0.0103582-0.00155438j 0.00365314-0.00351544j -0.000390157+0.00403539j 0.000277199+0.00256672j 0.00319578+0.00211511j 0.00553353+0.00326001j -0.00255667-0.00412523j 0.00250656-0.00444473j 7.93757e-05+0.000369162j 0.00599988-0.0028615j -0.00169771-0.00261733j 0.00166156-0.00352472j 0.000606762+0.00572373j -0.00327357+0.00275145j 0.00238107-0.00550155j -0.005688-0.00217406j 0.000798719+0.000606232j -0.00246871+0.00565382j 
0.00130817-0.000100985j 0.00101948-0.000361249j 0.00286416-0.00260911j -0.00128349-0.000213706j -0.00178031-0.00220177j 0.00165025+0.00914438j 0.00870467-0.00735547j -0.00126091-0.005018j -0.01042+0.00913275j 0.00237426+0.00352861j -0.00533825-0.007202j 0.00193104+0.00025645j 0.00131622+0.011105j 0.00249106-0.0100173j 0.005487+0.0114761j -0.000664054+0.00564209j 0.00858418-0.0110189j 0.00925219-0.00500351j 0.0024016+0.00470718j 0.00525551-0.0047607j -0.000535602-0.00570822j 0.00580151-0.00298497j 0.00461015+0.00118276j 0.00950521+0.00142484j 0.0111771-0.00333086j -0.0103989-0.00246588j -0.00470977-0.00069376j 0.00334799-0.0108613j 0.00134547-0.00396045j 0.00469709-0.0014394j -0.00867046+0.00507254j 6.63635e-05+0.00468942j -0.00375806-0.0013902j -0.011364+0.00761658j -0.00617179-0.00618921j 0.00362735-0.0141864j 0.00539556+0.00034511j 0.00265235-0.00554469j -0.00163782-0.000576956j -0.00443745+0.0034909j -0.00776971-0.00382829j -0.0065871+0.0117821j -0.00350709+0.00863903j 0.00352223-0.00833781j 0.000385956+0.00219304j 0.0074831+0.00343335j -0.000581326-0.00927998j 0.0137146-0.00149814j -0.00352682+0.00436167j 0.00199956+0.00788215j 0.00172536-0.00797552j 0.00361576+0.00872421j 0.00657722+0.000806884j 0.0136409-0.0102111j -0.00298758-0.013304j -0.00446097+0.00801349j -0.0050697+0.0117071j 0.00132939-0.00127622j -0.00666943+0.00170422j 0.00290274-0.00665934j -0.00610889+0.0104898j 0.00561806-4.68124e-05j -0.00123013-0.00768865j 0.00408868-0.00356836j -0.00249468+0.00388715j 0.00414036+0.00154445j 0.00396297+0.00275579j -0.00146362-0.00156162j 0.000855879-0.00689624j 0.000498693+0.013813j -0.00344352-0.00476713j -0.00211257-0.00803756j -0.00593838-0.00384767j 0.00320122+0.00583582j -0.000612541+0.00332269j 0.00438439-0.00267528j 0.00289787-0.00516016j 0.00362606-0.000809481j 0.00585553+0.00183447j -0.00402135-0.000758015j -0.00393106+0.00130096j -0.000834637+0.00358032j 0.00471879-0.00569589j -0.000519919+0.00130787j -0.00440593-1.96826e-05j -0.0040518+0.000901202j -0.00792386+0.0061912j -0.0011665+0.00116965j 0.00416003-0.00547089j 0.00360381-0.00189701j -0.000671352+0.00060773j -0.00120761-0.00400553j -0.00538008-0.00183394j 0.00446002+0.00151656j -0.000623131+0.000587608j 
-0.00452873+0.0036244j 0.00169008-0.00418861j -0.00444255-0.00892092j 0.00350835-0.00763009j -0.00588708+0.00476809j -0.00673192-0.00158336j -0.00110508+0.00453356j 0.000958767+0.0010983j -0.000597475+0.012444j 0.00813769+0.00117392j -0.000373276-0.0070993j 0.00566272+0.0155023j -0.00528933-0.00190336j -0.0102403-0.00136555j 0.0059945+0.000273631j -0.00345221+0.00921764j -0.00801085-0.00442884j -0.0127694+0.00738008j 0.00400438+0.000845636j 0.00936438-0.00911999j -0.0053661-0.00689834j 0.00182585-0.00961365j 0.000458076+0.00280088j -0.00124888+0.0059272j -0.0138532+0.00375837j -0.0172068-0.00379997j -0.0105451-0.00598585j -0.00834231+0.00381143j 0.0130831+0.00469942j 0.0038484-0.000237597j -0.0121345-0.01226j 0.00498762+0.00476905j 0.00562221+0.00290952j 0.00595096+0.0127866j -0.00695035-0.00469326j -0.00700708-0.00417515j 0.00594513-0.00639851j 0.0035394-0.00630959j -0.00060243+0.00336049j 0.0166529+0.00747377j -0.00428015-0.008759j 0.00271206-0.00604994j 0.000319265-0.00458187j 0.00350944+0.00198993j -0.00477613+0.0015945j -0.00689688+0.00223008j -0.00223892-0.0112233j 0.00846015-0.0061554j 0.000950166+0.00804922j -0.00366145+0.00919947j -0.00359617-0.0049536j 0.0142101+0.0064504j -0.00341615-0.00581792j 0.00148359-0.00531773j -0.00353363-0.00225542j -0.00123695+0.00139056j 0.00488524+0.00927049j -0.00480249-0.011539j -0.00403239+0.00711897j 0.0011824+0.00516218j 0.00216267+0.00527112j 0.00418326+0.00411223j -0.00431615-0.0056924j 0.0011416+0.00128527j 0.00265849+0.000607865j 0.000858255-0.000658072j 0.00911559-0.000207159j 0.00153388-0.00517759j -0.00726307-0.00502304j 0.00212915-0.00534285j -0.00632334-0.00161834j -0.000619343+0.000872273j -0.00187781-0.00340962j 0.00328606-0.00245094j 0.00284715+0.0125529j 0.00317269+5.62557e-05j 0.00528476-0.00087741j 0.000712275-0.00249002j -0.00234775-0.00494128j -0.00253497+0.00479256j -0.00109223-0.00134399j -0.00232146-0.00060127j -0.00521375-0.00679858j -0.00375821-0.00357015j 0.00107696+0.00240724j 0.00106205+0.00013068j -0.000126937+0.00312832j -0.00196812-0.00273759j -0.00109467-0.0029592j 0.00165259+0.00297492j -0.00152176-0.000974736j 0.00159383-0.00100601j -0.00206287+0.00125971j -0.000119026-0.00184958j -0.00227325+0.00645197j 
-0.00604932+0.00129635j 0.00128656-9.53685e-05j -0.00263499+0.0107296j -0.0046155-0.00107147j -0.00336418-0.00322809j 4.72823e-06-0.00246672j 0.00226501-0.00145527j -0.00109563-0.0123468j 0.00849818-0.0011705j 0.000941769+0.0063056j 0.000141807+0.00106576j -0.00680193-0.00238232j -0.00237314-0.00543076j -0.00273086+0.000359977j -0.00825182-0.0148641j -0.025642-0.00504962j -0.0141419-0.0108955j 0.00343994+0.00489335j 0.0106462-0.00900461j -0.00760581-0.0213112j -0.00128754+0.000254899j 0.00588234+0.0134091j 0.0021697+0.000455987j -0.0146468-0.00247929j -0.00345348-0.0031801j 0.0142491+0.00310519j -0.00434196-0.0108912j 0.00580643+0.00314406j -0.00762398-0.002525j 0.00770615-0.0111714j -0.00290223+0.00333686j -0.0101744-0.0058548j -0.000872943-0.0023748j 0.00558973-0.0052511j 0.000909347+0.0138554j 0.0119769+0.00650878j 0.017636+0.00273063j 0.013179+0.00221321j -0.00406509-0.00565292j -0.00116511-0.00222589j 0.0117482+0.0091159j 0.0100676+0.00351441j 0.00239232+0.000521887j 0.0228029+0.00383006j -0.0125442-0.00896251j 0.0129763+0.00344429j -0.00046486+0.00543347j -0.00165764-0.00243365j 0.000710197-0.000323867j -0.0175891-0.00364036j -0.00515877+0.00829664j 0.0055651+0.0006926j 0.00378965-0.00969577j 0.00547069+0.0027659j 0.00159959+0.00412529j 0.00591109-0.00153347j -0.00231356+0.00586547j -0.00176146+0.00197504j -0.0142457+0.00272051j -0.00755975+0.00502185j -0.00101361+0.000387109j -0.00926832-0.000418581j -0.00552744-0.00476286j -0.00322768+0.00304573j -0.000900798+0.00538922j -0.00225172-0.00594125j 0.00179393+0.00498103j -0.00187927+0.000360714j 0.000612778+0.0119146j 0.0158076+0.00314406j 0.000488727+0.000583453j -0.00102298-0.00931382j 0.00778239+0.00659595j 0.00149027-0.00130125j -0.00748106-0.00246j -0.00472292-0.0046067j 0.00456638-0.002196j -1.29894e-05+0.00143237j -0.00163962+0.00552675j -0.000444849-0.00106135j -0.000451261-0.00704948j 0.00263863+0.00168937j -9.15674e-05+0.00590401j 0.00303223-0.00459626j -0.00147374+0.00372201j 0.00135668-0.000275815j 0.00196574+0.000485009j 0.00209551-0.000995654j 0.00262701+0.00267322j -0.00409956-0.00442098j 0.00168305-0.00594806j 0.00185288-0.00124554j 0.0014671+0.00102508j 0.000304741-0.00189128j -0.000481664+0.00112572j 
0.00192617-0.00222645j -0.00549954+0.0112571j 0.000808134-0.000212205j -0.00415444+0.0099089j 0.00370515-3.53272e-05j 0.000201111-0.00186272j -0.00254976-0.00296328j -0.00663553-0.00579231j -0.000966752-0.00602562j 0.00312533+0.00179989j -0.00380215+0.000332076j 0.000558196+0.00680912j 0.00575321+0.0147366j 0.00863227+0.00432697j -0.0125+0.0124457j -0.0081325+0.0141361j -0.00371154+0.00686919j -0.0096262+0.000196364j -0.00877425-0.00293514j -0.000556097+0.0111959j 0.0072124-0.00480772j 0.0110622+0.00483397j 0.000180272+0.00624449j -0.00277929+0.0138666j -0.00265228+0.00690552j 0.00320367-0.00702889j -0.0107219+0.0145778j 0.00610301-0.0130512j 0.00538856+0.00119429j -0.00466217-0.00155991j 0.00286275+0.0107999j 0.00576859-0.00871051j -0.00617748-0.00686911j -0.00420061-0.0191811j 0.0116973+0.00240758j 0.0029672-0.00102588j -0.00383238-0.0092182j -0.00229207-0.00369715j -0.00836435-0.000374632j 0.000884862+0.00153311j 0.00242807-0.00591561j -0.00770858-0.000472722j 0.00212824+0.00134366j 0.0113359-0.026613j -0.0110983+0.0180071j -0.00202877-0.00858684j 0.00380015-1.5334e-05j 0.00282649+0.00570391j -0.00346557-0.00490711j -0.00229989+0.00439647j 0.00802276+0.00890393j -0.00163178-0.00678314j -0.00968433-0.00624346j 0.0109696+0.00141245j -0.00639677-0.00208396j -0.000680604-0.00217602j 0.00457497-0.00916087j -0.00238319+0.00968606j 0.00520614+0.00745902j 0.0165165-0.00493346j -0.00433385+0.00385129j 0.00758184-0.00104818j -0.00379387+0.00521027j 0.00759829-0.000413522j 0.00711299+3.89537e-05j -0.00291727+0.00469761j 0.00633564-0.00389943j -0.00469718+0.00148639j 0.0097643-0.00385408j 0.000563383-0.00527467j -0.00190568+0.00324985j -0.00726679+0.00176662j 0.00551778-0.00686251j -0.000671465+0.0105228j 0.00394269-0.000897565j -0.000825407+0.00278192j -0.00173735-0.00484094j 6.80601e-05-0.00160793j 0.00757473+0.00451712j -0.000426696+0.00355841j -0.0119094-0.000773504j -0.00402582+0.00322945j 0.00486205+0.00480301j -0.00267865+0.00432576j 0.00221206-0.00432353j -0.000316097-0.00319592j -0.00415356+0.0018809j -0.00134677-0.00378813j 0.00484539+0.00532549j -3.01431e-05+0.00389504j -0.00466695+0.00259599j 0.00417231+0.00199147j 0.000654366-0.00385485j -0.00127295+0.0030109j -0.0038817-0.00212075j 
0.00260932-0.0056454j 0.00443204-0.00795939j -0.0017349-0.00748473j 0.00690937-0.00685184j -0.00427627-0.000241646j -0.00263046-0.0071932j 0.00538998+0.017595j -0.00584472-1.6672e-05j 0.000450004-0.00583111j 0.0116764+0.00243186j -0.00113497-0.00604348j -0.00411122+0.0040114j -0.00706746+0.00936826j 0.0034567+0.00290514j -0.0188984+0.00608269j 0.00261419+0.0110849j 0.00140357-0.000821512j -0.000368689-0.0157571j 0.00196384-0.0034634j 0.0191434+0.00679685j 0.00448756-0.00919879j -0.00539474-0.0171279j -0.00383625-0.00959112j -0.00842217+0.00703356j -0.00440827-0.0133445j 0.000876751-0.00684054j -0.0125067-0.0071875j 0.0128478+0.00605953j 0.0261252+0.00604703j 0.010103-0.00314849j -0.00233759-0.00929047j 0.0111515+0.003532j 0.00638947+0.00542266j 0.00129491+0.000265352j 0.00609069+0.00291933j 0.00895713-0.000649157j 0.00723128-0.0142577j -0.00113343-0.00330889j -0.00362746+0.00354275j 0.00083899-0.00147688j 0.00397736-0.00828455j -0.00648557-0.00909625j 0.0109454-0.00353112j 0.011624-0.00470101j -0.0116606+0.0033782j -0.00212064+0.00079201j 0.00448257+0.00221128j -0.00236591+0.0080929j -0.00805793-0.00443894j -0.00499611+0.0125918j 0.00549741+0.00865453j -0.00317606-0.0109638j 0.00222123-0.0196545j 0.0144683+0.018119j 0.000356129-0.00635584j -0.000768882-0.0120746j 8.12811e-06-0.000597084j -0.0024135-0.00261297j 0.00163219+0.00705658j 0.0054505+0.0073166j -0.00327869+0.00180803j 0.00280855+0.00865753j -0.00708302-0.00290045j 0.00149247+0.00601872j -0.0059951-0.00149281j -0.00697851+0.00845685j 0.00202381-0.00154471j 0.00425363-0.00980616j -0.00162368+0.007672j -0.00164633-0.0163567j -0.00754937-0.00766263j -0.00270063+0.000213128j 0.00563519-0.00726224j 0.000638696-0.00142385j -0.00752831-0.00185183j -0.00112467-0.00120006j 0.000174009-0.00459534j 0.00500914+0.0130823j 0.000186467-0.000930941j -0.00378255-1.06356e-05j -0.00425647-0.00345848j -0.00357313-0.00870525j 0.00411502+0.00244127j 0.00140897+0.00645033j 0.00276454+0.00337994j -0.0043696-0.0064032j -0.00152122-0.000417051j 0.00273421-0.00470347j 0.00863973+0.000715036j 0.00221248+0.00724266j -0.00455439-0.00706764j 0.003851+0.000119087j -0.0024121-0.000104662j 0.00295714-0.000739393j -0.00680923-0.00405582j 
0.00915471-0.00742502j 0.00184483+0.00550568j 0.00331431-0.00131324j 0.000382715+0.0145446j 0.00446844-0.00211064j 0.00382241+0.00125122j -0.0047537+0.00124573j -0.00645665-0.0090366j 0.00249517+0.00086795j -0.00774313+0.00478268j 0.00388835+0.00469215j 0.000611473-0.00530885j -0.0101635+0.00975378j -0.00316669+0.00761615j 0.00523507-0.00624023j -0.0197338+0.00535865j 0.0141965-0.0103545j 0.00974628+0.000173841j 0.00706034+0.00180298j 0.0054021+0.0232907j 0.0134606+0.0120104j 0.00283755+0.00537006j 0.00829307+0.00836402j -0.00256957-0.0073755j 0.00561579+0.00158838j 0.00303562+0.0107898j 0.00978111-0.00432406j 0.00289176-0.0118799j -0.0123291+0.00511625j 0.000348167+0.00273527j 0.00354509+0.0014352j 0.00123464+0.00618528j 0.000854453-0.0100915j 0.00771255-0.00553464j -0.00281417+0.00581486j 0.0104042-0.00627786j 0.0148819+0.000616672j 0.00680491-0.00464542j -0.000183163-0.00401612j -0.00659004+0.0122746j 0.00415935+0.0125704j -0.000948763+0.00185263j -0.00932604+0.0108374j 0.0111589+0.0116471j -0.00648612-0.00816317j 0.00534366+0.00282847j -0.00101129+0.00787702j 0.00163405+0.00123919j 0.00701848-0.00102459j -0.00983237-0.00462943j -0.00857758-0.00159528j 0.00794023-5.47094e-06j 0.0179038-0.00770357j -0.00919664+0.00481032j 0.00389188-0.00225086j 0.00806711-0.00546916j -0.00585175-0.000203932j -0.00228234-0.00756383j -0.0106315+0.0028126j -0.00909823+0.00231724j 0.00294103+0.00372559j -0.00605604+0.000221246j 0.000984844-0.00662477j 0.00146259+0.00473058j 0.0047272-0.00430717j -0.00322501-0.00950831j 0.00572619+0.00836475j 0.0112016+0.00211143j -0.00725637+0.00790779j 0.00805092+0.00238826j -0.00702692-0.00010062j 0.00691406-0.00405449j 0.00547751+0.00396196j 0.00136346+0.00036167j -0.00773227-0.00172585j 0.00251511-0.00419652j 0.00225887+0.000894554j -0.00915371+0.00591821j -0.00296811+0.00624516j -0.00501406+0.00336472j 0.00361128-0.00633555j 0.00562531+0.000391572j 0.000856982+0.000972132j -0.00613718-0.00183279j -0.00324128+0.00150076j 0.00694113-0.00334949j 0.00168187-0.000631188j -0.000976971-0.00345709j 0.0021696+0.00814628j -0.00509119+0.00283225j 0.0051423-0.00101334j 0.00111146+0.00672044j -0.00399109-0.00254329j -6.44478e-05+0.00297339j 0.000122675+0.00125396j 
0.00495251+0.00342656j 0.00498301-0.0003332j 0.00249422+0.00123501j 0.000133832+0.00280345j 0.0045878-0.011512j 0.0093367+0.00693062j -0.00187377-0.00768963j -0.00573566-0.0016525j -0.00854948-0.0112833j -0.0160187+0.00396342j 0.0125934+0.00438123j 0.00376642-0.00575725j -0.0012588+0.00229114j -0.00682951+0.00119088j -0.00795028+0.0257403j -0.00658583+0.0128866j 0.00652357+0.0108608j 0.0156513+0.00271488j 0.00554338-0.00787029j 0.0109776-0.00313865j 0.00890519+0.00575718j 0.00706329-0.00558091j 0.00285006-0.00209232j 0.00861402+0.0159245j 0.00475973+0.00143118j 0.00221377-0.00175976j 0.00846854+0.0109601j -0.00628235-0.0164075j -0.0209561+0.0163697j -0.0103095+0.00537074j 0.0118404+0.00674551j -0.00862772+0.000722588j -0.0139706-0.00538717j -0.0096239-0.0129414j 0.00537833-0.00534252j 0.0100929-0.0118899j 0.00387365-0.0100287j -0.00358901+0.000196336j -0.00830237+0.0130981j 0.000947582-0.00240448j 0.0107068-0.0040681j 0.00576016-0.00134752j -0.00720602+0.00436681j 0.0122181-0.016023j -0.000741565+0.0105385j 0.00123052-0.00215833j 0.00140945+0.00619151j 0.00409548+0.00777414j 0.0025863-0.00589638j -0.00539694-0.000717553j -0.00405438-0.000127877j -0.00100115-0.0068023j -0.00120273+0.0104373j 0.0028626-0.00740466j 0.00044065+0.00111327j -0.00225618+0.00359624j -0.0051561-0.000919223j -0.000266256+0.00567683j 0.00252394+0.0043893j -0.0049348-0.0106283j -0.00161464-0.000696649j 0.000730244-0.00274653j -0.00268196+0.00457763j 0.00790589-0.00538695j 0.000207342-0.00142529j 0.000491508+0.00677448j 0.00576388-0.00362197j -0.00584771+0.00948348j 0.00436524-0.00551478j 0.000563528-0.0041488j -0.000583374+0.00241026j 0.00237705+0.00616948j -0.000744827-0.00494707j -0.000852191+0.00424736j -0.00115681+0.000639761j 0.00540732+0.00340135j 0.000144234-0.00418603j 0.00336034+0.00373492j 0.00240324+0.0058159j -0.000870883-0.0042672j 0.00109022+0.00559434j 1.37168e-05+0.00281861j 0.00411728+0.000285746j 0.000315687+0.000459856j 4.12199e-05-0.00242349j -0.000149304-0.00266055j -0.0027668+0.00026003j 0.00209379+0.00198732j -0.00239696-0.00269357j -0.000863297+0.00131991j 0.00131493+0.00351827j -0.00430164-0.00322626j -0.00610226-0.00395614j 0.00214798+0.0040909j -0.00159393+0.000551125j 
0.00470332-0.000784982j 0.00404305+0.01037j 0.00813338+0.00364286j 0.00262906+0.0100918j 0.0014242-0.00678299j -0.000266287+4.75598e-05j 0.000665623+0.00501447j -9.34411e-05-0.00246803j -0.00570793-0.00120491j -0.000240764-0.00852116j 0.00270177+0.00397322j 0.011424+0.00197852j 0.00805888-0.00510396j 0.00377424+0.00193644j -0.00307805-0.00852908j 0.00581758+0.0122972j -0.01076-0.0094397j -0.00517387+0.0157797j -0.0110582+0.0023157j 0.00905407+0.0119401j 0.00335908+0.00431702j 0.0120406+0.0172599j 0.0173197+0.0123284j -0.00841232-0.00399266j 0.0119567+0.0108635j -0.00867827+0.00192669j -0.00104243+0.00564991j -0.00796887-0.0111976j -0.00194114-0.00916964j 0.00212798-0.00476901j -0.00420273+0.00698826j 0.00922645-0.00581784j -0.00163074-0.011104j -0.00602528-0.00693326j 0.0091489+0.00430918j -0.0135541-0.00335928j -0.00585241-0.0073124j -0.00184848-0.00686995j -0.00595788-0.015255j 0.00692086+0.0112206j 0.00864011+0.016803j -0.000463381+0.0166305j 0.0130487+0.0173905j -0.00150083+0.0130906j -0.00171294+0.000802794j -0.00394063-0.0012861j 0.0011676-0.00705797j 0.000712636+0.00230117j 0.000986695+0.00693674j 0.00681743-0.00735683j 0.00459545-0.00170042j 0.00694154-0.00603491j -0.0116857-0.0194269j 0.00558326+0.00921291j -0.0106252-0.002463j -0.00372394-0.00716132j 0.00860318+0.00285934j -0.00701009+0.00133119j 0.00370304-0.000459394j 0.0136725+0.00802797j -0.00144391+0.000845722j 0.00159402+0.00267854j 0.00562845-0.00356465j 0.00604673+0.00601103j 0.000502159-0.000876908j -0.00842779+0.00106885j 0.00394526+0.00545672j -0.0021803-0.000566443j 0.00341353+0.00589308j 0.00672399+0.00310824j -0.00293205+0.00424813j -0.00766926-0.0117643j 0.00216445+0.00504568j 0.00152362+0.0116501j 0.0102068-7.71699e-05j -0.00472629-0.00404369j 0.00306126-0.00015933j -0.00189103-0.00187519j 0.00402262+0.00544234j 0.00782335+0.00486537j -0.00764934-0.00691183j -0.000190672+0.00072411j -0.00862144-0.000130005j -0.00247993+0.003024j 0.00585119+0.000799473j -0.00315015-0.00585655j -0.000971187+0.00170448j -0.00228923-0.00196396j 0.00112843+0.00787941j -0.00135796+0.00413557j -0.00611689-0.000443539j 0.00263955+0.00548689j 0.00424347-0.00182417j -0.00402382+0.00233002j -0.00298831-0.00300429j 
0.00554076+0.00297204j -0.00486648+0.00271084j 0.00439339+0.00315339j -0.00204349+0.00647686j 0.00168117+0.00343655j -0.000226044+0.00183132j 0.000631711-0.00243582j -0.0031672-0.0016427j 0.0033222-0.00702943j -0.000400958+0.00527768j 0.00155199+0.0013049j -0.00401823+0.0177374j 0.00821315+0.00769786j 0.0113665-0.00405592j 0.00398987-0.0046999j -0.0204341+0.0100868j 0.00766633-0.00827411j -0.000484218+0.00325896j -0.0080259-0.00802657j -0.0180018+0.00176136j -0.00732675+0.00339109j -0.00127858+0.0135907j -0.000622562+0.0101506j 0.011347+0.000118384j -4.00598e-05+0.00480889j -0.00109221-0.0106922j -0.00128112-0.00217467j 0.00511018-0.00629267j 0.000286093-0.0149507j 0.00151042-0.00659439j 0.00880563-0.0104472j -0.00696797+0.0037117j -0.00036177-0.00400043j -0.0154721-0.0106219j 0.0104253+0.00377742j 0.000617346-0.0163342j 0.00918821-0.0113045j 0.00643669+0.000580009j 0.012514-0.00713836j -0.0118778+0.00425713j -0.00866914+0.00751334j -0.000615192+0.00236891j -0.00315002+0.0117702j -0.0146116-0.00165781j 0.00361236+0.00268096j -9.92743e-05+0.00213043j 0.0190493-0.00320096j -0.000590241+0.00608571j -0.011563+0.00457916j -0.00256633+0.00741792j 0.0103875+0.00142898j 0.000582852+0.00927291j 0.0131404-0.0141232j -0.00498874+0.00952376j -0.00262515-0.0125403j 0.00448586+0.000187696j -0.00725696+0.00833712j 0.00241443-0.0047539j 0.00219746+0.00172984j -0.0070306+0.0135835j -0.000881902+0.000167667j -0.00672586+0.00324909j 0.00642511+0.000446316j -0.00262515+0.00629972j -0.00211067-0.00911432j -0.00222237-0.00655581j -0.0016911+0.00737352j -0.00151125-0.00415227j 0.0025323+0.000191405j -0.00446301+0.005129j 0.00384323+0.000206323j 0.00505788-0.00957153j 0.00125909+0.000356886j -0.00121336-0.00184705j -0.00491232+0.010416j -0.000989342-0.00176182j 0.000487193+0.000701275j 0.00177227+0.00163018j 0.00253255+0.000512292j -0.000616496+0.00455341j -0.0019765-0.00858258j 0.00285-0.00340063j 0.00248925-0.00650316j -0.00577049+0.000415279j -0.00255904+0.00180259j 0.00392593-0.000357468j -0.00432872-0.000765075j 0.00220453-0.000164102j 0.000779865+0.00216106j -0.00181712-0.0011861j -0.00154824-0.00127851j 8.53543e-06+0.00175355j -0.000809713-0.000472614j -0.00109544-0.00151993j -0.00189795-0.000488688j 
-0.00989383-0.00181262j -0.0022442-0.0112606j -0.00314298+0.00354374j -0.00349699+0.000743749j -0.00330803+0.00622251j -0.00162378-0.00868718j -0.00720708-0.00233652j 0.000519022+0.00905751j -0.010707-0.00761627j 0.000969428+0.000728827j 0.00894325+0.00768921j 0.00164914-0.00666451j 0.0141292-0.020574j -0.00777744-0.00840667j -0.00104013-0.0118975j 0.00934616+0.00553093j 0.00032738+0.00332901j -0.00999522-0.00124413j -0.00826958-0.00502152j 0.00649938-0.012581j 0.00745778+0.00289723j -0.00794693+0.00951387j -0.0110408+0.00787805j -0.00742048-0.00178647j 0.00395657-0.00731978j 0.00076549+0.00170284j -0.00961772-0.0116844j -0.00800828-0.00792634j -0.010187-0.00161036j -0.000308879-0.00156221j -0.00212075-0.00684238j -0.00199428-0.00195684j -0.000942501-0.000160132j -0.00827506+0.0126953j 0.0033574-0.00473952j 0.0019437-0.00106495j -0.00902832-0.00442848j -0.00783177-0.00487513j 0.00340972+0.0015244j -0.00207092+0.000525469j 0.00967106+0.0164836j 0.00762215+0.00995785j 0.00186536-0.00995282j 7.78837e-05+0.00230363j 0.0075587-0.00242073j -0.00246835-0.0130845j 0.00969021+0.00283205j 0.00596935+0.0037587j -0.0022193+0.0113058j 0.00475337-0.00798026j 0.00561742-0.00138749j -0.000500788+0.00831146j -0.0180872-0.023256j 0.0140066+0.00297249j -0.00393988+0.0136479j -0.0110134-0.00901325j 0.00650727+0.00666272j 0.00134445-0.0092411j 0.00311975-0.000439724j 0.00743697+0.00724051j 7.86451e-05-0.00339405j -0.00198242-0.000238728j -0.00227955-0.00320199j 0.00402428-0.00266102j 0.00117623+0.00331238j -0.0044146-0.00166218j -0.000398094+0.000414155j -0.0110283+0.00637051j 0.010911+0.00929387j 0.00152209+0.00272622j -0.00119443+0.00427985j -0.0128016-0.00577543j 0.00315812+0.00747839j -0.00190549-0.00829598j -0.00045627+0.00327399j -0.00585542-0.00509365j 0.000656025+0.00683491j 0.0126285-0.00477176j 0.00435178-0.00212769j 0.0073163-0.000401538j -0.0106087-0.00224141j -0.00263842-0.00315903j -0.000948872+0.000297081j -0.00327306-0.00689042j 0.00568918+0.00690076j -0.00710408-0.00194713j -0.000100939-0.00414096j -0.000358642-0.000601538j 0.00206832+0.000619924j -0.00169015-0.00572103j -0.00895771-0.00560152j 0.00607944+0.00359475j 0.0013748+0.00989789j -0.00199334-0.00494979j -0.00672442+0.00383307j 
-0.00364346-0.00995276j 0.00961421+0.00331874j -0.000585862+0.000979669j 0.00516665-2.00389e-06j -0.00908827-0.010235j 0.0105456-0.0136195j -0.000784404+0.00114857j -0.00518131+0.00190876j -0.00947692-0.0184394j 0.000931958+0.00893081j 0.00419071-0.000161045j -0.000980652-0.00184592j 0.00858014-0.00347764j 0.0099138-0.00856543j 0.0138031+0.0124026j -0.000572296+0.00380254j 0.0158531-0.012869j 0.0039878-0.015552j 0.00373914+6.38152e-05j 0.00881637+0.00886417j 0.00202664-0.0049775j -0.0100617+0.00351488j -0.0053404+0.0021967j 0.0129957-0.0112009j 0.0017758+0.00380228j -0.00354166+0.00307734j 0.00762472-0.00203097j -0.00312847-0.0178708j 0.0163284+0.00766816j 0.00600207+0.0104981j -0.00152265-0.00440616j 0.0039502+0.00121678j -0.000882895+0.00396311j -0.0151991-0.00730639j -0.00130294-0.00481249j 0.00805392-0.00318372j -0.000920033-0.00327528j 0.00878544-0.000433486j 0.00618702+0.00664137j -0.00312839+0.0106383j -0.0153403+0.000749344j -0.00722144+0.0122386j 0.00398562+0.00898735j -0.0128421-0.00466487j 0.000399193+0.00681005j -0.00102937+4.1455e-05j 0.0158228+0.00193132j 0.00715129+0.00915308j -0.0150279-0.00323919j 0.000606309-0.00464692j 0.00812731+0.00231028j -0.0071144+0.00504284j 0.0173701-0.0143516j 0.00234882+0.0163529j -0.0037593-0.000152141j 0.00344126-0.01078j -0.0124767-0.00041834j 0.0109439+0.00260449j -0.00110794-0.00377289j -0.00858067-0.000823106j -0.000257982+0.00534579j 0.00136337-0.00502635j 0.000539816-0.00349991j -0.00364819-0.00411887j -0.00139786+0.00224533j 0.00357389-0.000611067j -0.00593436+0.000248939j 0.0025597-0.00381342j -0.0066659+0.00390291j -0.00560249+0.00426018j 0.000406864-0.000635419j 0.00621114-0.0123088j -0.00284949+0.0068474j 0.00631387+0.00347j -0.00694327-0.000446943j 0.00416169-0.00728443j -0.00086481+0.00260828j 0.00254666+0.00749155j 0.00318529+0.00551946j 0.00142279+0.00208795j 0.00281347-0.0092853j -0.00213633-0.00167897j -0.000268453-0.00289151j 0.00231227+0.00102957j -0.00797018+0.00339048j 0.00217027-0.00622772j -0.00220263+0.00868455j 0.00306002+0.00376163j 0.00127252+0.00308088j 0.00291711+0.00155214j 0.00810683-0.00798461j -0.0029308+0.00796677j -0.00158388+0.00637356j 0.00297212-0.00318205j 0.00125766-0.00571502j 
-0.00537909+0.00416925j -0.0016388-0.00759481j -0.00458913-0.00024513j 0.00146309-0.0091047j 0.00179197+0.00855841j -0.017796-0.00209041j 0.0026281+0.00996743j -0.011083+0.00237386j -0.0180313-0.00529538j 0.00792989-0.0108779j -0.0192369-0.00445508j -0.00338845-0.00199049j -0.0179287+0.00593741j 0.00302318+0.00671208j -0.00169391-0.00838656j -0.0104649-0.0110406j 0.00755627-0.00467427j 0.00585962+0.0139898j -0.01059+0.0034897j 0.014435-0.0187787j -0.00407082-0.00418317j 0.0108855+0.00444942j -0.00172017+0.00325246j -0.00350554+0.00342025j 0.00838951-0.00229092j -0.00639264+0.00746032j -0.0172194-0.000242802j 0.0220117+0.00339612j 0.015709-0.00960216j 0.00438103-0.00349652j -0.0142891+0.00159236j -0.00604934-0.0140845j 0.00967191+0.000582689j -0.00401621+0.0040102j -0.00719657+0.000302115j 0.0279032+0.00183598j 0.0007107+0.00868729j -0.00151815+0.0019804j -0.00324381+0.000443239j 0.00434459-0.00344588j -0.0127984-0.00627116j -0.00857061+0.00514399j -0.0093555-0.0050379j 0.00982467-0.00232998j -0.00653562+0.00220853j 0.00501737+0.00729236j -0.000297764-0.00457728j 0.00524175-0.00581121j 5.89243e-05+0.00404362j -0.0020704+0.000758181j -0.00331973-0.00588156j -0.00204034+0.00129899j 0.00165952+0.00621983j 0.0234085+0.00462237j -0.000486836-0.00192694j -0.00848326+0.00380445j -0.00949366-0.00222081j 0.00251805-0.00416064j -0.00708031-0.00534779j 0.0054189-0.00674946j 0.00180004+0.00272932j 0.0010279-0.000334857j -4.03765e-05+0.00872715j -0.00228476-0.00745911j 0.00196283+0.00105307j 0.00665813+0.00331529j -0.00647895-0.00321939j -0.00443139-0.000841049j -0.00480702+0.000600374j -0.0119053+0.00120514j -0.00948854-0.000985661j -0.0023477+0.00335852j -0.00752688-0.000737808j 0.00396199-0.00630724j -0.00830311+0.00155636j -0.000629898-0.00186955j 0.000674118-0.00116321j 0.00247802+0.000703211j -0.00825395-0.00625605j -0.00362587-0.00810569j -0.00483913-0.00153279j -0.00342343+0.00106299j 0.00708389-0.0010437j 0.00322521-0.00252043j -0.00529784-0.000518671j 0.000563664+0.00375911j -0.00228732-0.0052404j 0.000582538+0.00144844j 0.00303003-0.00168067j 0.00628137-0.00320107j 0.000382123-0.000971523j 0.0017649-0.00280156j -0.00415568+0.00240311j 0.00341099-0.00234472j -0.00670806+0.00615472j 
-0.00356515-0.00779231j 0.00264945-0.00481266j 0.00235521-0.00227299j -0.0037165+0.00105799j 0.00486942+0.000283398j -0.00480367-0.00387711j 0.0143009+0.00379743j -0.00930635+0.00236166j -0.00924208-0.00632496j 0.00807236-0.00652603j 0.00339835+0.00580901j -0.00226393-0.00384869j -0.000179749-0.00220483j -0.00231466-0.00331938j 0.00319526+0.0247065j -0.00377095+0.00196463j 0.0134951-0.00262677j -0.00342336+0.00162639j 0.00210661+0.00531305j 0.00256518+0.000850905j -0.00300019+0.00628008j 0.011401-0.00405834j 0.0102384+0.00040614j -0.00663742-0.00385087j 0.00212983-0.00397337j -0.00120494-0.00162353j -0.00940622+0.00728215j 0.0100643-0.000327421j 0.00630882+0.00538209j -0.00210612+0.00889863j -0.00614049-0.0128919j -0.00135162+0.0122252j 0.00564691+0.00241022j -0.0099523+0.017976j 0.00479576-0.0149328j 0.00366288-0.00380823j 0.000267289+0.00311055j 0.00548507+0.00152706j -0.0078783+0.00462456j -0.00443034+0.00851863j 0.00212186-0.00242879j -0.00619313+0.00535731j 0.00181209-0.00892536j -0.0023546+0.00335551j 0.000651907-0.00359408j 0.00140512+0.00061955j -0.0001884-0.00710944j 0.0105722+0.000477485j -0.00722184+0.00351956j -0.00710379-0.00145516j 0.00302902-0.0106264j 0.00205029+0.0103522j -0.0177631+0.00723785j 0.0121315-0.0142833j 0.00276486+0.00419176j -0.00355282+0.00236178j -0.00152224+0.00566282j 0.00155366-0.0109155j -0.000687604-0.00525221j 0.0048607-0.0104038j -0.00483383-0.000295517j 0.00271384+0.00216259j -0.00808652+0.000724154j 0.00187821-0.00472472j -0.000156175+0.000851174j -0.000245455+0.00497172j 0.000313554+0.00274527j 0.0041549+0.00308968j 0.00474034-0.00772954j 0.00715664+0.00148088j 0.0028503-0.00199172j -0.00361249+0.0056341j 0.000657443+0.00123955j 0.0052424-0.00389319j -0.00837254+0.00183777j -0.00201109+0.000339209j -0.000808369-0.00045986j 0.00425214-0.00123114j 0.00254629-0.00122773j -1.87446e-05-0.00557221j 0.00105484+0.0075871j -0.00207425+0.00312757j 0.00148342-0.0094641j -0.000177052-0.00313506j 0.00563411+0.00165757j -0.00380371+0.00229182j 0.0046583+0.00425848j 0.00715654+0.00322774j 0.00201582-0.0073722j -0.00117924-0.00065393j -0.00260991+0.000228383j 0.0035495-0.00507396j -0.000139888-0.00171152j 0.000580135+0.00229622j -0.00013607+0.00216497j 
-0.000985206-0.00841461j 0.00118763-0.00369544j -0.00438222+0.00357005j -0.0073817-0.0110426j 0.00148852+3.97741e-05j -0.0045979+0.00247878j -0.000977504-0.0187443j -0.000786939-0.00450223j 0.00258222-0.00670275j -0.00260741-0.00817941j -0.00301949-0.00825364j 0.0149297+0.00541997j 0.00317331+0.00668066j -0.00411535-0.0109017j 0.00595593+9.10732e-05j -0.00385459+0.000798589j -0.0135688+0.0114846j -0.00109643-0.00335966j -0.00340623+0.0105668j 0.0136394+0.00240002j -0.0125522+0.00289847j -0.0089049-0.0010916j -0.0113378-0.00978498j 0.00601913-0.00439008j 0.00443136+0.00607804j 0.00289131+0.0010092j -0.00382942+0.00184384j 0.00681327-0.00260474j -0.00534902-0.00368117j -0.00237932-0.0092299j -0.00845016-0.00969097j -0.00818078+0.00414089j 0.000479427+0.00449693j -0.00396855-0.00115639j -0.0112661-0.00419832j -0.000106342-0.00630496j 0.00035651-0.000346478j -0.0070114-0.00764284j -0.00111738-0.00106585j 0.00649572+0.00330739j -0.00290783-0.000690448j 0.0137269-0.00319105j -0.00538373+0.00739467j -0.00554369+0.00433766j 0.00460056+0.0106133j 0.0144042-0.00059984j -0.0139843-0.00779697j -0.00799284+0.00500101j 0.0106652+0.00414638j 0.0076767+0.00559716j -0.00482718-0.000292408j 0.00213379-0.00471281j -0.00280002-0.00116221j 0.0163773+0.0169958j -0.00818079-0.00987036j -0.00226822+0.00167758j -0.0117721-0.000135155j -0.00241892+0.0123834j 0.00367959+0.000944669j -0.00306072+0.00764424j 0.00797285+0.00572933j -0.000683865-0.0012573j -0.000382094-0.0027973j -0.00272777+0.000436238j 0.00341526+0.00826789j 0.00717403+0.00162711j -0.0028232-0.00473859j -0.0134381-0.00570869j 0.00426691-0.00730613j -0.00646158-0.00126876j -0.00150345-0.00386318j -0.00229625-0.00854855j -0.00349156-0.0065217j 0.00113549+0.00546205j 0.00129868+0.000982533j -0.00838171+0.00466533j -0.00165793+0.000624536j -0.00407247+0.00641128j -0.00567368+0.00279872j -0.00331456-0.00387917j 0.000239026-0.00328363j 0.000376541+0.000337451j -0.000430028+0.00202833j 0.00624981-0.00351365j 0.00331708-0.00371562j 0.00525931-0.00987375j 0.00271647-0.00192582j 0.000915395+0.00684845j 0.00247229-0.00591037j 0.0047765+0.00734882j -0.00368073-0.0017886j -0.00146768-0.0116997j 0.00311307-0.00359782j -0.0012616+0.000289234j -0.00165889-0.00755563j 
-0.00200842+0.0137611j -0.0106384-0.00223795j -0.00465071+0.00760614j -0.00200911-0.00553434j 0.0204487+0.0111062j -0.00446749+0.0128531j 0.00979159+0.0120276j 0.0116094+0.00838404j -0.0105754+0.00607091j -0.00984104-0.00214163j 0.000491143+0.00663208j 0.00463304+0.0118043j -0.000628324+0.0172496j 0.00124463+0.00502272j -0.0121548+0.0085387j 0.00334302+0.0145726j 0.00745244-0.00247702j -0.0165583+0.00212579j -0.00739174-0.00169692j -0.000467852-0.00758339j 0.00379916+0.00336782j -0.0168842+0.00309609j -0.00109499+0.0135219j 0.0148834+0.0012117j 0.00110936-0.00749627j -0.00939572-0.00951962j -4.36748e-05+0.000778761j 0.0115265+0.00907407j -0.0245831-0.0134471j 0.00161848-0.0041994j -0.0102249+0.00397722j -0.023133+0.00634581j -0.000214976-0.000584537j 0.00840744+0.00276758j -0.00514095+0.000345478j 0.0149534-0.0131185j -0.0037277-0.00374206j 0.0054656+0.00140399j 0.00299366-0.00489614j -0.00304387-0.00898135j -0.00413808+0.000312483j -0.0049676-0.00997796j -0.0242773-0.00643996j -0.0037367-0.00712487j 0.00584655+0.000114295j -1.39645e-05-0.00397778j 0.000106534+0.00280089j -0.000431949+0.000939068j 0.00274193-0.000213536j 0.0164385+0.0118736j -0.000525298+0.0027898j 0.000876204+0.00576967j -0.00107179-0.00859415j 0.0095076-0.0139737j -0.00412277+0.00241565j -0.00447616+0.00345885j -0.00505351+0.0100415j -0.00785919-0.0120597j 0.000870807+0.00603056j -0.00214695+0.0103432j -0.00314156-0.0122141j -0.00201211+0.00737113j 0.00931131+0.00196691j -0.000482312+0.00987476j 0.00515504-0.00647536j 0.00231795-0.0119489j -0.00684108+0.00290323j -0.00518634+0.00626003j 0.00679205+0.00438281j -0.00614995+0.0050123j -0.00426116+0.00786388j 0.00570458+0.00289995j -0.00682604+0.00306309j -0.0114574-0.00647649j 0.00297655+0.0134849j 0.00013957+0.00290147j -0.00203215-0.00101842j 0.00170122-0.00939051j -0.00480316+0.00179723j 0.000865741+0.00466817j -0.000626977-0.00172945j -0.00508924-0.00355855j -0.00286348-0.00688658j 0.0018376-0.0034315j 0.00181128+0.0105674j 0.00199231+0.00143413j -0.00303895-0.0046113j -0.00408174-0.00140508j -0.00533973-0.000857455j -0.00303566-0.0109186j -0.00597981+0.00180996j 0.000732098-0.00143137j 0.00806113+0.00365082j -0.00613728-0.00185953j 0.00228439+0.00492656j 
-0.00286059-0.0121188j 0.00687161-0.00231538j -0.00107522-0.00163104j 0.00815908+0.00756833j -0.014909+0.000260337j 0.00485095-0.0110667j -0.00186856-0.00491719j 0.00464374+0.00822686j 0.000578916+0.0132817j -0.0227295-0.00956649j 0.0246506+0.009269j 0.00227011+0.0150689j -0.00208558-0.00760115j -0.0055004-0.00123485j 0.00131202+0.008869j -0.00855588+0.00387934j -0.00234326+0.00311549j -0.00204183-0.0073493j 0.0124278+0.0124202j 0.00478798-0.0108538j -0.00578223+0.00430211j -0.00541299-0.0176937j 0.00756029+0.00408587j 0.00273222+0.00124777j 0.00123823+0.0151791j 0.0183387+0.00947014j 0.0227436+0.007982j -0.0137797-0.0154382j -0.00713444-0.0132885j 0.00206657+0.00804141j 0.0050787+0.00190739j -0.0214894-0.00583664j -0.00950532+0.000542348j -0.00957496+0.00635395j 0.015874-0.00500981j -0.000720355+0.00255689j 0.00543604+0.00892301j -0.00514498-0.00255133j 0.003229+0.0119705j -0.000246462+0.00266524j 0.0160747+0.0100655j 0.0277526+0.0260382j 0.00961775-0.0020099j 0.0021441-0.0107161j 0.00526657+0.00685282j -0.00247642+0.000190673j 0.00781322-0.00252267j 0.00690196-0.004468j -0.00406184+0.00135875j -0.0149258+0.00108972j -3.80974e-05-5.23261e-05j -0.00756985+0.00316008j -0.00447477-0.00937761j 0.0103313-0.00182897j -0.0029303+0.0100837j -0.00742831-0.0096799j -0.0105701-0.00333598j 0.00720485-0.00357978j -0.00530396+1.30191e-05j -0.0113678-0.00675057j 0.00749006+0.0074608j -0.00912806-0.00374629j -0.000237508-0.000587582j -0.0015652-0.00673091j -0.0051732-0.00369812j 0.00496346-0.00467627j 0.00744544-0.00101812j -0.00516243-0.000461693j 0.00614861+0.00775186j -0.00262862-0.000801961j 0.00357359+0.00921103j 0.000189576-0.00231402j 0.00716553+0.00390215j 0.0077748-0.00316408j -0.0113852+0.00457554j -0.00290491-0.0104259j 0.00288004-0.00171672j 0.00608884-0.00404013j -0.00209927-0.000622408j -0.00281928-0.00242993j -0.00321521+0.00321821j 0.00052699+0.00288883j 0.00784355-0.0073609j 0.00122826-0.000160935j -0.0051041+0.00722209j 0.00162579-0.000230032j 0.000334401+0.0102894j -0.000359078+0.00297115j 0.00711247+0.00380461j 0.00458347-0.00207177j -0.00292696-0.00226264j 0.00464666+0.00727155j -0.000984886+0.00812572j 0.00234039-0.00885877j -3.37132e-05+0.00155927j 
-0.0100257-0.0089689j 0.00146342-0.0116679j -0.000675358-0.000391215j -0.000882276+0.000345541j 0.00111226+0.00789592j -0.00511056-0.0139255j -0.00751069+0.000790123j -0.00743003-0.0001263j 0.00643252-0.00314481j -0.00173882-0.010563j -0.00578247+0.0197959j -0.0165962+0.00456164j -0.00568327+0.00797392j 0.000541058+0.00771172j 0.00792133-0.00830856j -0.00229838+0.00231086j 0.00157914+0.0185239j -0.011021-0.015451j 0.00225001-0.00934886j 0.00154423+0.000247328j -0.00558987+0.0109151j -0.0132981-0.00453287j -0.0109856+0.00653372j -0.00973324+0.00756943j 0.00613185+0.00825648j 0.00192631-0.00276479j -0.00983626+0.00359622j 0.00239233-0.00866116j 0.0155198+0.00457468j 0.00707865+0.0148916j -0.00636699-0.0033814j -0.00523708-0.0125984j 0.012016+0.00359998j 0.0105074+0.000991637j -0.00856447+0.00482085j 0.00745285+0.0113053j 0.00955206-0.000585324j -0.00529069-0.00440405j 0.00294683+0.0119132j 0.00461588-5.9924e-05j -0.00640443+0.00558864j 0.00582238+0.0125201j 0.00137739-0.00848917j -0.00130126-0.0150493j 0.00369744+0.00434463j 0.00657224-0.0072056j -0.0123841+0.0120238j -0.0133305-0.00452886j 0.00778528+0.00337949j 0.00562491-0.000629952j -0.00192907+0.00953962j -0.00382714+0.000306485j 0.0094169-0.0125149j -0.00272846+0.00397322j -0.0050125+0.0102287j 0.00431576-0.0111602j -0.000478281-0.00245528j 0.00137675+0.000696092j -0.00151811+0.00248763j -0.00923858-0.000918174j 0.00664227+0.00549004j -0.00724801-0.010412j 0.00812757+0.00255078j -0.00644288-0.00579481j 0.00988265+0.00414726j 0.00337773-0.00641856j -0.00808823-0.00679709j -0.000102086+0.00267496j -0.00987801+0.00893969j -0.00184623-0.00496554j -0.00552651+0.00379902j -0.00148793-0.00509274j -0.00241469+0.000641765j 0.00164443-0.00496813j -0.00206846-0.00275312j -0.00401736-0.0147545j 0.000104565+0.00244981j 0.00539344-0.00402426j -0.00376035-0.00253559j 0.000256269+0.00119861j 0.00882239-0.00476891j 0.00659948-6.05717e-05j -0.00266221-0.000887572j 0.00150821+0.0020012j -0.00184771+0.00716422j -0.00216532-0.0063817j 0.00755841+0.00208779j -0.0018033-0.00329168j -0.00586257+0.00698036j 0.0031068-0.00116216j -0.00405257-0.00977474j -0.00309273+0.0103429j 0.000892019+0.00941339j -0.00119908-0.00677679j -0.00271989-0.00332825j 
0.00644223+0.00463275j 0.00122508+0.0169089j -0.00456036-0.00179526j 0.00337084-0.00507318j 0.0113363-0.00172967j 0.0175836+0.00260907j -0.00110788-0.00452882j -0.0135106+0.000618961j -0.0191154+0.00656233j 0.00833337-0.0220196j -0.00330807-0.00714705j -0.0085403-0.00165842j 0.00295744+0.00436811j -0.00173779-0.00162307j -0.0101878-0.00216391j -0.00987901-0.00492005j 0.00523592-0.00594639j 0.00696974-0.00154913j -0.00510369-0.00619391j 0.0222694+0.0129529j 0.00955609+0.00558196j -0.00522957+0.00791216j -0.0129987+0.000552187j 0.00461691-0.00930563j -0.00267921+0.00245669j -0.00603585-7.57141e-05j -0.00139234+0.00708195j 0.00330077+0.0140777j -0.00968643-0.0109335j -0.0110731-0.00504779j 0.00161768+0.0132876j 0.000138895-0.0189286j -0.00790852-0.0033726j -0.0156458-0.0120392j 0.00243434+0.00822483j 0.016756+0.00739681j -0.00781954+0.011601j 0.0105119-0.00138572j -0.00936196-0.00980014j -0.00324691+0.00112131j 0.00108877-0.0018698j -0.0231188+0.000105601j -0.00862826+0.0094142j 0.0165535+0.00952208j -0.000729474+0.00464232j -0.00708768+0.00692813j 0.00437636-0.00444563j 0.013199-0.00272211j -0.0174534-0.000167448j -0.00389355-0.00094511j -0.00234208-0.00275195j -0.00532947-0.00735271j 0.0143013+0.00318025j 0.0102165+0.0146243j -0.0104818-0.0200179j 0.00738186+0.00346145j -0.00584721-0.00339694j 0.000769795+0.00677492j -0.0017374-0.000901889j 3.9583e-05+0.000420637j -0.00720335+0.00426223j 0.0101651+0.00413588j -0.00322952-0.0023126j 0.00819144+0.0022068j 8.44333e-05+0.00180781j 0.000448195+0.0066987j 0.00411397+0.0019038j -0.00578689-0.0152451j -0.000134893-0.00400752j 0.00383761+0.000521913j -0.0129928-0.00916594j 0.00052703-0.00411813j -2.47085e-05-0.00846599j -0.000128973+0.00954385j -0.00613677-0.00847403j 0.0140096+0.00211443j -0.00238214-0.00655267j 0.00625777+0.00374175j 0.00434228-0.00426513j 0.002664-0.00108548j -0.00140026+0.00127605j -0.00570289+0.00214236j 0.00635763+0.00429665j 0.00119327+0.0010331j -0.00761197-0.00747081j 0.00559826+0.00227308j -0.00402702+0.000222568j 0.00273156-0.00602325j -0.0017362-0.0012379j -0.000313835+0.00878017j -2.80556e-05-0.00137839j -0.00626243-0.00092426j -0.00728927-0.00687528j 0.00539862+0.00630453j -0.0020025-0.00334728j 
0.000271882+0.0050948j -0.00651208+0.0010758j -0.00622748-0.0033667j -0.00582899-0.00375748j -0.00782748+0.00900317j 0.00892398+0.00781499j -0.000324844+0.000888008j -0.016874+0.0262224j 0.0115969-0.00503389j 0.00350481+0.000754313j -0.00919044-0.00769386j 0.00850206-0.00468399j 0.00462367-0.0114108j 0.00149986-0.00493477j -0.0205111+0.0173385j -0.0153871+0.010813j -0.000616745-0.00402169j 0.00335127-0.00769189j -0.00220586+0.00527431j -0.0042691+0.00997176j 0.00456636+0.000740547j -0.00927429-0.00534269j -0.00700462-0.00334975j -0.00667391-0.00419188j -0.00499977-0.00247679j 0.00217547-0.00491619j -0.0114049+0.0126532j 0.00567897+0.0021664j 0.00289519-0.00197988j -0.00797972+0.00318042j -0.00511879-0.00212646j -0.00285469+0.0143625j 0.00955859+0.00185047j 0.00111606+0.0195578j 0.00607359-0.011945j 0.00787392-0.0156727j 0.00150332-0.00084312j 0.00315653+0.00149493j -0.0024287-0.00241414j -0.00181114+0.00673982j -0.00153966+0.0021455j -0.0143476+0.0045899j 4.99323e-05+0.0082795j 0.0204352+0.000819191j -0.0126471+0.00117151j -0.00176576+0.00756814j 0.00264763-0.0175744j 0.00353422-0.00764505j -0.00405365+0.0040805j -0.00662418+0.0129582j -0.0025845-0.00890949j 0.000944661-0.000502858j 0.00711529+0.00841611j 0.00576348-0.0091116j -0.00642793+0.0038196j 0.00129452+0.00206398j -0.00188688+0.00949609j 0.00796071-0.00919387j 0.00306698-0.00208708j 0.0117132-0.00692597j -0.00170004-0.00104691j 0.00817656-0.00152288j -0.014631+0.0103174j 0.00114913-0.00516201j -0.000994457-0.00116828j 0.000580445+0.000457855j -0.00337838-0.00378666j -0.010672+0.00535084j -0.00152555-0.0108827j -0.00179252+0.00353647j -0.0109748+9.04307e-05j -0.00866075+0.00781131j 0.0039046-0.00943115j -0.00484443-0.000622181j 0.000702363+0.00917262j 0.00595369+0.000315328j -0.00204128+0.00493191j 0.000998454-0.00188959j -0.0030432-0.0041034j 0.00311121+0.00172901j -0.000935145+0.0117871j -0.00463712+0.00186061j 0.00103004-0.0100454j -0.00098394+0.00885091j -0.00607409+0.00205411j 0.00342652-0.00209577j -0.00252631+0.00376911j 0.00026344-0.00121776j -0.00611718-0.00854123j 0.00163088-0.00510972j 0.00673237+0.00153345j -0.00435517-0.00359272j -0.00103667+0.00443436j 0.000327847-0.00155282j 0.00237051+0.00106006j 
0.0062099+0.00557831j -0.00572793+0.00099175j -0.0095787-0.00368243j -0.00693775-0.0104059j 0.0053903-0.0133106j 0.00260035+0.0225566j 0.00218453+0.00517064j 0.0022663-0.0206653j -0.00271675+0.0034438j 0.0252643-0.0144909j -0.0117538+0.0262401j 0.0020704-0.00211409j 0.0101538+0.0153065j 0.010681+0.00532608j -0.0126726-0.00739361j -0.00519365-0.0133764j 0.00422777+0.00835854j 0.00339351+0.0186741j -0.00962696+0.00926317j -0.00930415+0.0062172j 0.00482547+0.0029965j -0.000501821-0.00369923j -0.0110366-0.001879j 0.00814212+0.0054197j -0.00897604-0.00151399j -0.0121569+0.0116977j -0.009067+0.012302j 0.0207208-0.0120792j -0.000474436-0.00334724j -0.00562018-0.00328328j -0.00551278+0.0185889j 0.00500117-0.00612354j 0.000490389-0.00804668j -0.00262644-0.0161785j -0.00315977+0.0189028j -0.00389555+0.00577939j -0.0114323+0.00206558j 0.00603116+0.00252848j -0.00377713-0.00773656j -0.00447721-0.00517283j -0.0127856+0.00310535j -0.0198793-0.00165011j -0.00804677+0.00522322j 0.00235961+0.0101178j -0.00161865-0.00500989j -0.000385106-0.00835795j 0.00513961+0.0141415j 0.0015423+0.0100978j -0.00764463-0.0152531j 0.00668927-0.0174239j -0.00232064+0.00808689j -0.00103957-0.00272947j 0.00392265+0.00522003j -0.00823363+0.00461843j 0.000696118-0.001165j 0.00472381+0.00158619j 0.0034728-0.00745045j -0.00393403+0.0110862j 0.00152889-0.000303553j 0.00387327+0.000594677j -0.00569144-0.00525491j 0.00635025+0.0032697j 0.00411131-0.0099879j 0.0067142+0.00657865j -0.00313945+0.00361575j -0.00307673+0.000866663j 0.00221305+0.0075595j 0.000521084-0.00407705j 0.000660889+0.00559126j 0.00115677+0.00645594j 0.00109109-0.00575517j 0.00465317-0.00802136j -0.00105647+0.00778637j -0.00481985+0.00545741j 0.000476847-0.00999967j 0.00631463+0.00797928j 0.00401065-0.00215502j 0.00555363+0.00627789j 0.00247984+0.00551348j 0.00147955+0.00206017j -0.00446875-0.00435301j -0.00803553-0.000464247j 0.000967153+0.00893198j -0.000613731-0.00259988j 3.24667e-05-0.00789491j -0.00172+0.00567595j -0.0108398-0.0015207j 0.00128812-6.88091e-05j -0.00246827+0.00365824j -0.00604698+0.001411j 0.00368779+5.59385e-06j -0.00470098+0.000178661j -0.0019015-0.00377249j 0.00213051+0.00490517j -0.000125608+0.00238287j 
0.0108072-0.00254898j 0.00471099+0.0127874j -0.00164536-0.00580257j -0.0065426-0.00109824j -0.00639099-0.0016593j 0.0131196+0.01122j -0.0106798+0.00100334j 0.0212263+0.0236933j -0.00986043-0.0141584j -0.00282213-0.0142681j -0.0133868+0.00351894j -0.0130029-0.00299703j 0.00250048-0.000284119j -0.00637363-0.0117819j 0.0202858+0.0108066j -0.00310621+0.0183404j -0.0107994-0.00799204j 0.0108567+0.00178621j -0.00229655+0.00228417j -0.00131411-0.000463018j 0.00338273-0.00662717j 0.00731229-0.00389957j -0.0180961-0.00729914j 0.00149354+0.00230257j -0.00534277-0.0134964j -0.00524996-0.00224195j 0.0139775+0.0196791j 0.00128578+0.00265901j -0.0128737-0.0116012j -0.00865733-0.00141054j 0.00332085-0.00143023j 0.00358567-0.0100658j -0.0105063-0.00257115j 0.00628587+0.00383256j -0.00734702-0.00424535j -0.0177169-0.0064871j -0.00393569-0.00763234j 0.00216198+0.0061037j -0.00137974-0.00313581j 0.00531248+0.00395305j 0.000406074-0.00855948j 0.00770277-0.00279827j 0.012421+0.00587904j 0.00892013-0.00566091j 0.00583+0.0124484j 0.00867119+0.00719389j -0.0134623-0.0106347j -0.00340801+0.000721222j 6.54553e-05+0.00294949j 0.00770402+0.0167485j -0.0111609-0.00341275j -0.00668107-0.00634899j 0.0188273+0.000148849j -0.00448929+0.010438j -0.00737637-0.00429934j 0.00912269-0.000747003j 0.00547848+0.00167346j 0.00533818+0.00169642j -0.0098431-0.00688658j -0.00979853-0.00837754j 0.00459905-0.000943582j -0.00744613+0.000437842j 0.0130422+0.00992689j -0.00456747-0.0010734j -0.0061575-0.00289477j 0.0054501+0.00728157j -0.00133893+0.00351133j -0.0054845-0.0071799j -0.0159066-0.000474698j 0.00198625+0.000799686j 0.0012199+0.000105943j 0.0071956+0.00350628j -0.0116045-0.012489j 0.000557024+0.00184711j 0.00763512+0.00247108j 0.00236784+0.00661421j 0.00224347-0.00252003j -0.00119467+0.0120191j 0.00125157-0.00153114j -0.00185982-0.00386987j 0.00842393-0.000879232j 0.00675843+0.000527277j -0.00539458+0.00574325j 0.006083+0.0073749j -0.012387-0.00743286j 0.00249815-0.000421923j 0.000308468-0.00346587j -0.0023679-0.00629402j -0.0100734-0.00319064j 0.00401113+0.00269511j 0.00825726-0.000343287j -0.00862775-0.00163773j -0.00223797-0.00433177j 0.00258229+0.00440396j 0.000118799-0.00264217j 
-0.00330003-0.00274733j -0.00532282-7.30827e-06j -0.00911754-0.00229356j 0.00645439-0.00599584j 0.00766002+0.00520485j 0.00457999+0.0100879j -0.00905602+0.00333324j 0.0275677-0.00182696j 0.00899347-0.00404647j 0.019812-0.000932085j -0.00426109+0.00727604j 0.0060398+0.00358098j -0.0204807+0.00494697j -0.0106269+0.00848144j 0.00800506+0.0184238j 0.0105316+0.000227077j -0.00786956-0.00754755j -0.00880103+0.00327711j 0.00523952-0.00507542j -0.0106179-0.000688266j -0.000350963+0.00543249j -0.0116119+0.00933192j -0.00445267+0.00517695j -0.00187336+0.0097512j -0.00986037+0.00428228j -0.00462765+0.0023096j -0.00970955+0.0203156j 0.00135009-0.0116574j 0.00183057-0.016319j 0.0016014-0.00231974j -0.0172295+0.00515654j 0.0236072+0.0102578j 0.00880982-0.0096907j 0.0253744+0.00173608j -0.0168672-0.00182988j -0.0141957-0.0134189j -0.00547833-0.0142071j 0.00199307+0.00865626j 0.0059344+0.00399675j 0.00208908+0.000304585j 0.00441622+0.00304671j 0.00164928+0.00949934j -0.00381244+0.00288952j -0.000194994-0.00446453j -0.00187336+0.00583099j -0.00123151+0.00664529j -0.00741272-0.00173239j -0.00447373-0.00160968j 0.00485821-0.00301298j 0.00759527+0.000167889j -0.00675679+0.000936082j 0.00797676-0.00157819j 0.00189777+0.00245324j -0.0144628-0.0114492j 0.0110411+0.00595946j 0.00196975+0.00196192j 0.0086127+0.000598146j -0.0162159-0.00954549j 8.44146e-05-0.000204717j -0.00671862-0.0133636j -0.000986561+0.00362877j 0.00133158-0.00603485j 0.00212331+0.00885855j -0.00334426+0.00248039j -0.0033144+0.0029677j -0.00347312-0.00278584j -0.00110291+0.00500408j 0.00729893+0.0068711j -0.00662471-0.000131426j 0.00376168+0.007083j 0.00433262+0.00418325j 0.00680679+0.00482928j -0.00140712-0.00373546j -0.00987952+0.000888491j 0.0124081+0.00301161j -0.00172504-0.00358345j 0.00905207+0.000550211j -0.00221049+0.00377112j -0.00320349+0.00619568j 0.00275821-0.000291133j 0.0118292+0.00443211j -0.00207223+0.00633272j -0.0142699-0.00469738j 0.00451198+0.0054463j 0.00762669-0.000589356j -0.00270758-0.000873334j 0.00542726+0.00452237j -0.000192522-0.000985164j -0.00852431-0.00175914j -0.00851853-0.000546927j 0.00165674-0.000219155j -0.00294168-0.00202142j 0.00653623-0.00304996j -0.00428327+0.0021079j 0.00419061-0.000574189j 
-0.00892479-0.0143291j 0.0107846+0.00349186j -0.00384139-0.0036707j -0.00829791-0.0131695j -0.012741-0.00679288j 0.00275263+2.32558e-05j -0.0111724+0.00673528j 0.00402068-0.00948202j -0.00313299+0.0216241j -0.0198875+0.0130438j -0.0103163+0.000911112j -0.00802291+0.00492436j 0.00412951+0.00211597j -0.0148663+0.00712854j -0.00416396-0.00532463j 0.00681252-0.00359332j 0.007694-0.00164035j -0.000569301-0.00506684j 0.00415675+0.0055172j 0.00717265-0.00512047j 0.00300177+0.000210756j 0.00269856+0.00584243j -0.00586764+0.0137333j -0.0122502-0.00912437j -0.00497009-0.000289568j 0.000595926+0.00223062j 0.0142289+0.000827439j -0.0120864-0.00664601j 0.0121002+0.00296325j 0.000751153-0.00144358j 0.00673576+0.0105529j -0.0197401+0.000978377j 0.00366761-0.0013184j -0.00130046+0.00214805j 0.014571+0.0133978j 0.00160587-0.00223497j 0.00960917+0.00106409j -0.00411056+0.00564601j 0.00396146-0.00582623j 0.00518084+0.00601499j -0.0120261-0.00406872j 0.00592034-0.0105402j 0.0230672+0.0130043j -0.00233603+0.00283174j 0.0119565-0.00507582j 0.00689891-0.00952376j -0.00912356+0.00632116j 0.00660807+0.00537818j -0.000907875-0.00560914j -0.00121886-0.00221887j 0.00532099+0.00284252j -0.0151149+0.000615653j -0.00654449-0.00168862j 0.0303393-0.00385951j -0.0117337+0.000730786j -0.00357339-0.00469397j -0.0075322+0.00199105j 0.0176569+0.00441757j -0.00129+0.00256733j -0.00131609-0.00104326j 0.00680966-0.00324891j -0.00555764+0.00189153j -0.00792948-0.010405j -0.00624366+0.00258089j -0.00289076-0.00388251j 0.00979136-0.00131961j -0.00620523+0.00388735j -0.0144689+0.00131074j -0.00219771+0.00084765j -0.00947506+0.00503847j 0.000112636-0.00206916j -0.00790316-0.00579839j -0.00496309+0.00367763j 0.00670433+0.00191999j -0.00549197-0.00464161j -0.00285912+0.00276056j -0.00822247-0.000690444j 0.0105296+0.0077163j -0.000717056+0.00726899j -0.00730335+0.000468714j -0.00240349-0.00280631j 0.00314751+0.000981048j 0.00285377-1.94069e-05j 1.41554e-06+0.00226397j -0.00827261+0.00117987j -0.00210637-0.00806305j 0.00285379+0.00354878j 0.00186+0.00196892j -0.000809188-0.000479117j 0.0116722-0.000133393j -0.000383385-0.000823257j 0.00508643+0.00292778j -0.00050411-0.0020065j 0.00363618+0.00619257j -0.00831136-0.00204477j 
-0.00443082+0.00281776j -0.00492349-0.00724323j 0.00516157-0.00276776j 0.00641422+0.010009j -0.0108103+0.0176778j -0.00362833-0.00152523j 0.00426204+0.00730023j 0.0136879-0.0148856j -0.0204599-0.0178119j -0.0106083+0.0119948j 0.00705268-0.0177052j 0.00572062-0.00231149j -0.0118184-0.00270298j -0.00201364+0.000196219j 0.00483816-0.0195537j 0.0109177-0.00334602j -0.00373744+0.0203546j -0.00499651-0.0065028j -0.00510146-0.00560584j -0.0118466+0.0109348j -0.00108388+0.00596814j 0.00485958-0.0119016j 0.000501809-0.00225638j 0.00624161+0.00554224j 0.00168202-0.00736692j 0.000394603-0.00820808j 0.00473425-0.0111688j -0.0099873+0.0138222j -0.00111738+0.00533342j 0.00471924+0.000279204j -0.010334-0.00743478j -0.000257879-0.00784138j 0.000240415-0.00101594j 0.00218256-0.00935587j -0.00698711-0.00067418j -0.00637587+0.0167999j -0.00621483-0.00294837j -0.00057561+0.00661759j 0.0112307-0.0030035j 0.00158289-0.00463158j 0.00434694-0.00922425j 0.0176097-0.0233191j 0.00149884-0.0137403j -0.0128783+0.00290069j 0.00779441-0.00224091j 0.00644998-0.0047354j -0.00366978+0.00650014j -0.00415509+0.0108549j 0.00852188-0.00622728j 0.00552069+0.000668987j 0.000321376+0.000539159j 0.000484439-0.00150782j -0.00797159-0.00334495j 0.00300768+0.0126798j 0.00703736-0.00605155j -0.0059666+0.000384839j 0.000905041-0.00406086j -0.00420034+0.000899189j -0.000849498+0.000800862j -0.00536771+0.0115278j 0.00511251-0.00552738j -0.00732992+0.00871414j 0.00520955-0.00713581j -0.00588992+0.00532955j -0.000721123+0.00421811j 0.00187535+0.00293862j -0.000419174-0.00145169j 0.0018032+0.0012384j 0.00241978+0.00816545j -0.0013147-0.00682086j 0.00606715-0.0124051j 0.00110572+0.00314173j -0.00598472+0.00702384j -0.00312624-0.00444512j 0.00637268-0.00911013j -0.00278115+0.00820317j 0.00142088-0.00809468j 0.00183811-0.00160592j -0.00337606-0.0044813j -0.00410461-0.00242608j -0.0036883-0.0058806j -0.00202312-0.0120476j 1.86155e-05+0.00862711j 0.00482329-0.00532514j -0.00130944+0.00522148j 0.00196734+0.00388725j -0.00383344-0.00513221j 0.000795855+0.00368072j 0.00330751+0.00318135j -0.00254584-0.000582305j -0.0028269-0.00380129j 0.00370485+9.35934e-05j 0.00126024-0.00143463j -0.000183482+0.00110641j -0.00269025-0.000377942j 
-0.00786254-0.00450059j 0.00451679-0.00356965j 0.00527935-0.0133183j 0.014895+0.0155819j -0.00852253+0.0229827j -0.0170148+0.0146327j 0.0105187-0.0314309j -0.00115847+0.0130152j -0.00147906+0.00279449j 0.0106584+0.0225361j 0.00388103+4.78263e-05j -0.00696746+0.0064148j -0.00825641-0.00780717j 0.00630159-0.00404351j 0.00133917-0.0142241j -0.00579773+0.00241286j 0.0134446-0.000417316j -0.0066736+0.00705443j 0.00475551-0.00652456j 0.00367634-0.00541967j 0.00505067+0.0100992j -0.00907489-0.00899847j 0.0109658-0.00849618j -0.00742606+0.01357j 0.00658273-0.0011597j 0.00391602-0.0087358j -0.0179644-0.00385721j -0.00644611+0.00656067j 0.0233468-0.0227077j 0.0100663-0.00353114j 0.000206218+0.00284323j -0.0025092+0.0101066j 0.000737592-0.00848632j -0.00408955+0.00182491j 0.00247003-0.00744198j 0.00343762-0.00010054j 0.00331534-0.00764677j -0.00532231+0.0100161j 0.000603691-0.00294366j 0.00655669-0.00476036j 0.00240374+0.00449293j -0.00062856-0.011647j -0.000504153-0.0202643j -0.00408856+0.0114896j -0.00267296-0.00704495j -0.00814406-0.00615843j 0.00928712+0.00678126j 0.00334495+0.000979663j -0.00161232-0.00922634j -0.00664612-0.00313702j 0.00130741-0.00514212j 0.00102576+0.00748253j -0.0107676+0.0108306j 0.00215347-0.017975j 0.00375769+0.00824522j -0.00713087+0.00697484j -0.00829516+0.00421267j 0.00385-0.013775j 0.00257952+0.0036473j 0.000268347-0.00266455j 0.00355725-0.00972174j 0.000257938+0.00664322j -0.0116755+0.00143711j -0.00112048+0.00800624j -0.00578015-0.00351628j -0.00151306-0.00680413j -0.00132631+0.00598906j 0.00557743+0.00460085j 0.00805651+0.00291316j -0.00406699+0.00661271j 0.00160301+0.00248744j 0.00043414+0.00532947j 0.00932743+0.00214438j -0.00019799-0.00857697j -0.0111539+0.00442186j -0.0049333+0.00486455j 0.00116679+0.00425473j -0.0020573-0.000521447j 0.00387565+0.00476816j 0.000233089+0.00572108j -0.0017627+0.00237724j -0.00372178-0.00103239j 0.00288106-0.00492653j -0.00160912+0.00151337j 0.00602478+0.00398613j -0.00603899+0.00202211j 0.00503437-0.00340655j 0.00451377+0.000158627j 0.00743297-0.00686559j -0.00117626-0.00941973j 0.000278567+0.00302109j 0.0104229-0.00818219j 0.00300466-0.000414028j -0.00199218+0.00112197j 0.000126699+0.00654875j 
0.00381037-0.00231285j 0.0114233+0.0110352j -0.00773327+0.00265038j -0.0190511+0.00555767j -0.00577485+0.0104574j 0.0159196-0.0144043j 0.0202234+0.00973242j 0.00461785+0.00285867j 0.00612539-0.00647614j 0.00118484+0.01042j -0.00907404+0.0115822j 0.00328453+0.00188546j 0.0186395-0.0131212j 0.00204412+0.011196j 0.0111699+0.000711444j -0.00493803-9.47082e-05j -0.00894203+0.00754736j 0.000577428-0.00107365j 0.00925068-0.00358946j 0.0115204-0.00173979j -0.00674618+0.00682811j 0.00307654-0.010027j -0.00417326+0.0111709j -0.00694589+0.000905534j -0.00881801+0.0103475j 0.00238707-0.00972011j 0.0165007-0.0177203j 0.00529583+0.00950923j -0.00162323+0.00581075j -0.00750883+0.0044765j 0.0042612-0.00293999j -0.00167515+0.000180592j -0.00142711+0.00275477j -0.000871278+0.00189605j 0.00260794-0.00722726j -0.00945584+0.00609427j -0.00398592+0.000256665j 0.00712404+0.00303712j -0.0103145-0.00623894j 0.00683758-0.000500361j -0.0110246-0.000357246j -0.0126077-0.00468759j 0.0223458-0.0132449j 0.00726095-0.00270919j 0.00677369-0.00363459j 0.00792813-0.0026531j -0.0115424+0.00529214j 0.00604543-0.0029761j -0.00373038+0.00506182j 0.00793123+0.00510136j -0.00413689+0.00252799j -0.00983717+0.00424417j 0.0100664-0.00435488j 0.0103036-0.00902683j -0.011673+0.00302051j 0.00446313-0.00278252j -0.000189945-0.00376251j 0.00846414-0.0121692j -0.00671743+0.00413991j -0.0039256-0.00218794j -0.00237606-0.00512927j 0.00315231+0.00213235j 0.00267043+0.00108j 0.000340149+0.00878517j -0.00344458+6.78559e-06j 0.00933255-0.00538572j 0.00136513+0.0040246j -0.00827222+0.00937691j -0.0121059+0.00696872j 0.00128416-0.00234834j -0.00544425-0.000640374j 0.00247858+0.00316445j -0.0118801+0.00511371j 0.00651951-0.00352437j 0.00091557-0.00314382j 0.00996228-0.00177802j -0.00221253+0.00221614j 0.0127685+0.000398186j -0.00150068-8.97199e-06j -0.00117845+0.00362393j 0.00436503-8.62221e-05j -2.91099e-05-0.00604945j 0.000325557-0.00122323j 0.00319281-0.00102509j -0.00965179+0.00678229j 0.0004112-0.00213989j -0.000753184+0.000234068j -0.00733975-0.000100334j -0.00274524+0.00653095j 0.00261596-0.00135639j 0.00101949-0.00474166j -0.00139991+0.00572437j -0.00645722+0.00632471j 0.00733437-0.00262058j -0.00026732+0.00819798j 
0.00891621-0.00224681j -0.00346457+0.00124187j -0.0205111+0.0182362j 0.00509882+0.012715j 0.0065983-0.0294789j -0.0192495-0.00335733j 0.0079898-0.00740211j 0.00476872+0.00273035j -0.0112089+0.00301729j 0.0132915+0.00662259j -0.0350261+0.0218953j -0.00602794-0.00119694j -0.0100984-0.00928106j -0.00334529-0.00679938j -0.00655611+0.00695978j 0.0065026+0.00832297j 0.00495489-0.00197205j 0.00337673-0.0118267j -0.00342242+0.00289649j 0.0162353+0.00504176j -0.00288355+0.0027664j 0.00229712+0.00932421j -0.0116509+0.0139181j -0.00345919-0.00546319j -0.0198884+0.00710043j -0.0161772+0.00837791j -0.00664005-0.00327086j 0.0286518-0.0172159j 0.00534762+0.0208413j -0.00672112+0.0105093j -0.0201883+0.0057553j 0.000321667+0.00193114j 0.0149676-0.00414709j 0.00155948-0.00398898j -0.0072364+0.00644084j 0.00613977-0.00972572j -0.00545823+0.00168288j 0.00714862-0.00849662j 0.000453317+0.00587099j 0.00878934-9.87043e-05j -0.0233114+0.0149295j -0.0229616+0.0180698j 0.00525792+0.0106215j 0.00997222-0.0076573j 2.06894e-05-0.000396588j 0.00869536-0.00424117j -0.0054309+0.00737253j 0.00338155+0.00146902j 0.00782073-0.00544103j 0.0116585-0.00804484j -0.00917168+0.00493397j -0.00368385-0.00160058j 0.00346305-0.00979056j 0.0120906-0.00236286j -0.0103579+0.00744035j -0.0029277-0.00719516j -0.00488555-0.00490624j 0.000584406+0.00988474j -0.00232733+0.00282113j 0.0117907-0.00387392j 0.00139323+0.0042966j 0.0102926-0.00805244j 0.0017651-0.0109753j 0.00335115-0.00404779j -0.00185703-0.00644826j 0.0113769-0.00389531j -0.000233672-0.00286432j -0.0124479+0.00665827j -0.00882807+0.00621589j -0.0129555+0.00027479j -0.00972106+0.010756j 0.00849913-0.00376834j -0.0077607+0.0133264j 0.00391893+0.00521639j 0.00322979-0.00327822j 0.00938699-0.00612227j 0.00283952+0.000275352j 0.00508464-0.00618729j -0.0105202+0.0111227j -0.00395707+0.00318828j -0.000465837-0.00280253j -0.0123276+0.00773187j 0.00179711+0.000411917j 5.975e-05-0.0018705j -0.00222461+0.000618977j -0.00378087-0.00250491j -0.0103749+0.00992903j -0.00296058+0.00716716j -0.00234515+0.0082353j 0.0104981-0.00304519j 0.00162547+0.00398501j -0.00145001+0.00952898j -0.00151102+0.00550381j 0.00209051-0.00661219j 0.000652331-0.000732103j 
-0.00167406-0.00261004j 0.00510436-0.00170943j 0.0127291+0.035642j 0.0150566-0.00583705j -0.032888-0.0152086j -0.00981316+0.0113455j 0.0126825+0.011418j -0.00848383-0.00203364j 0.00191129+0.00478732j -0.00434868-0.0154578j 0.00887389+0.0312097j -0.00749149-0.0105118j -0.00168989-0.000835091j 0.00390495+0.00429961j 0.0138446+0.0153207j 0.000409224+0.000955397j -0.00387199+0.00312122j -0.00725353-0.00178286j 0.000882957+0.00245179j 0.00784901-0.00682083j 0.00363893-0.000186811j 0.0050818+0.00180106j 0.00401029+0.0169561j -0.00864763+0.00392964j 0.00438352+0.0149219j 0.00555074+0.0164292j -0.00241911-0.00163015j -0.0145187-0.0224481j 0.0221059+0.000985086j 0.00617199+0.0105063j 0.00235194+0.0199471j 0.000868076-2.75641e-05j 0.000102671-0.0120612j -0.00636575-0.00652388j 0.00371673+0.0106473j -0.00754179-0.00997477j -0.000306089+0.0066852j -0.00975272-0.011526j 0.00513953+0.000133602j 0.0103503-0.00698081j 0.00771246+0.018527j 0.015567+0.0174483j 0.0169831-0.00182563j -0.00660801-0.0105362j 0.00194693-0.00177169j -0.00375966-0.00363821j 0.0042093+0.00434139j 0.00225095-0.00474604j 0.000590538-0.00603441j -0.00566453-0.0142978j 0.00244138+0.00765956j -0.00305006+0.00560499j -0.00801853-0.00720673j 0.00680063-0.00781783j 0.00174601+0.0122253j -0.0071746+0.00119141j -0.00958444-0.00100505j 0.00977185+0.00297587j -0.00159403+0.00398988j -0.00189901-0.00571935j 0.00727982+0.00111969j -0.0036127-0.00847034j -0.0084484-0.00716954j -0.00812828-0.00396088j -0.00792318-0.00145148j 0.00237743-0.00821915j -0.00351267+0.00199045j -5.48222e-06+0.0138283j 0.00371386+0.00987552j -0.00262649+0.00877964j 0.00650997+0.0111452j -0.00177889-0.00527356j 0.00526823+0.00925536j 0.00420162-0.00203629j -0.00387319-0.00577992j -0.00457663-0.00921037j -0.000494979-0.00327897j -0.00177691-0.00747806j 0.00562049+0.00741814j -0.00179318-0.000265115j -0.0011812-0.00309597j 0.00508781+0.0120625j 0.00497272+0.00278651j -0.00101484+0.0002622j -0.00514536+0.00596572j 0.000115291+0.00350442j 0.00788216+0.00665044j 0.00483134+0.00497504j 0.0097746+0.00357231j 0.00268898-0.0123197j 0.00518243-0.00146405j 0.0131911+0.00380448j -0.000665645+0.000467688j -0.00130503-0.000932662j -0.0033681-0.00217816j 
-0.00891873-0.00205217j -0.00840125-0.0043528j -0.00245924-0.0299011j -0.022064+0.0137745j -0.0154512-0.00687024j -0.0138116+0.0141831j 0.0102975+0.0112001j -0.00546539-0.00643294j 0.00300932-0.00400419j -0.0109301-0.000742784j 0.00338511-0.0214044j -0.0058751-0.00594799j 0.00279251+0.0060009j 0.000875391+0.00667497j 0.00883023+0.00732906j -0.00440313-0.000937932j 0.00300032-0.00271797j -0.0181792+0.016066j 0.00555796+0.00207397j -0.0123795+0.0252187j -0.0104438-0.00313364j -0.00627883+0.00187638j 0.00363128-0.0113106j -0.00795448-0.00319674j 0.000964196-0.0187969j 0.00823199-0.00525918j -0.00895483+0.0173171j -0.00324049+0.00510544j 0.00830924+0.0057674j 0.00655143-0.00388593j -0.00864966-0.00643539j -0.00758929-0.00502787j 0.0116659+0.00580855j 0.0100674-0.00352842j 0.00115472+0.0042631j 0.00196936-0.00226612j 0.00378688-0.0102352j -0.0107217+0.00527573j 0.0103081+0.00113351j -0.00242927+0.0186608j -4.0584e-05-0.0119179j 0.0160742-0.0104803j -0.00428912+0.0235472j -0.00851017+0.0178844j 0.00136736+0.00387014j 0.00456118-0.00106464j 0.000701079-0.00139225j -0.00473937+0.0139464j 0.0108608-0.00931497j -0.00407328+0.00400439j 0.0017575-0.0100733j 0.00255261-0.0145063j -0.0182988+0.0114046j 0.000452853+0.017482j 0.00396006-0.0141779j -0.00753802-0.00441715j 0.000619345-0.00663541j 0.00216689+0.00876393j 0.000776511-0.00341617j 0.0012338+0.000708967j 0.0109725-0.00294803j -0.01067+0.00958781j -0.000379967-0.00179608j -0.00260921+0.000541424j 0.00759899-0.0130172j 0.00147333+0.0132145j -0.00122841-0.00238322j -0.00156954-0.0179961j 0.0066935-0.0109141j -0.00453402-0.00904985j 0.0018962-0.0107969j -0.00427795+0.0047841j 0.00212632-0.0118042j -0.00419182+0.00511653j -0.00285851-0.000332941j -0.0105196+0.0140801j 0.00159175-0.00145402j 0.00435596+0.0140894j -0.00137581-0.00101354j -0.004681-0.000789285j -0.00137758+0.00185744j -0.00201293-0.00701214j -0.00187423+0.00118845j -0.000523233+0.00626381j 0.000765743-0.0126216j -0.00492004-0.000348505j 0.00264271-0.00631676j 0.00277116-0.00513065j -0.00347174-0.00258252j 0.00702675+0.00707141j -0.00359828+0.00679671j 0.00257479-0.0013901j 0.00474826-0.0122805j 0.000558895+0.0114408j -0.00643103-0.00415714j 
-0.000925302+0.00300073j 0.00695654+0.00409684j -0.0401905+0.00978646j 0.0191614+0.0180873j -0.00340256+0.0124213j 0.0232007+0.0148675j -0.0122388-0.00491396j -0.0039122-0.00376606j 0.00165067+0.000332529j 0.00600303+0.00250081j -0.0186801-0.00576828j 0.0103884+0.00304622j 0.0109025+0.00844398j -0.000132474+0.00667137j 0.00227036-0.00133816j 0.0060667-0.00123977j -0.00580563+0.000304097j 0.0118146+0.00929705j 0.00301403-0.00797812j 0.0249335+0.00895557j 0.00317707+0.00884256j 0.00641281+0.00751623j -0.0150237-0.00459627j -0.00461301+0.00605137j -0.0168729-0.00265339j -0.000255799-0.00540405j 0.0198122+0.00857955j 0.00256125+0.00368449j 0.00174498-0.00772975j -0.0058228-0.00647708j -0.00793071+0.0102449j 0.000133839+0.00837992j 0.00226945-0.0121569j -0.00633255-0.0108967j 0.00233199-6.03078e-06j -0.00115047-0.00642337j -0.0108715-0.00521085j 0.00993577+0.00672884j -0.00129158-0.00669545j 0.0167409+0.000997873j -0.00980335+0.000301076j -0.00939611-0.0109075j 0.0242456+0.0077925j 0.013791+0.00803524j 0.00413108+0.0012509j 0.00136099+6.2326e-05j -0.00120319-0.000719424j 0.0130227+0.00573j -0.00902537-0.00726682j 0.00387562-0.00060417j -0.00593218-0.00284804j -0.0130469-0.00448572j 0.0108246+0.0150197j 0.0177326+0.000632929j -0.013772-0.00319527j -0.000577263+0.00918065j -0.0067059-0.00158418j 0.0080133-0.001134j -0.00517694-0.00324474j -0.000311492+6.71452e-05j -0.00142475-0.00541601j 0.0101175+0.00680784j -0.00172679+0.000436106j -0.000363209+0.000845344j -0.00757119-0.00829787j 0.0116628+0.00133578j -0.00229557+0.00366612j -0.0146988+0.00214707j -0.0134247-0.00617216j -0.00345276-0.000519171j -0.0106554+5.49379e-05j 0.00334973+0.00688882j -0.0131102-0.00178876j 0.00859687+0.00170361j 0.000490241+0.0024487j 0.014173+0.00685011j -0.00200707-0.00251907j 0.0126345-0.00289589j -0.00265765-0.00316707j 0.00158366-0.00196439j 0.00379808+0.000424261j -0.00635492+0.00222875j 0.00150648+0.00465748j 0.00646117-0.00420896j -0.0140841-0.00194508j 0.00194951+0.0082822j -0.00234049-0.00651607j -0.00956752-0.00145148j 0.00052364+0.00505203j 0.00657459-0.00280202j 0.00645844+0.00230024j -2.81463e-06-0.00187102j -0.0114936-0.00531345j 0.0118793+0.00258557j 0.000325343+0.00787876j 
-0.040901-0.00455897j -0.0066451+0.0391208j -0.00204059+0.00531714j -0.000356014+0.00752473j 0.00510996-0.0218292j -0.0238929-0.00905352j -0.00589402-0.00264409j 0.00489073+0.00549425j 0.00697432-0.000338453j 0.0100611-0.00726477j 0.0111724+0.0121815j 0.0065185-0.00157434j -0.0134309-0.00915869j -0.00997352-0.00622255j -0.00674021+0.0146245j 0.00513091+0.00892131j 0.00407718-0.00304391j -0.023288-0.0165737j 0.0068896+0.00404279j -0.0142038+0.0144302j -0.00348726+0.000490744j -0.0192869-0.000266469j 0.00368192+0.00933487j -0.00242634-0.0168498j 0.0106583+0.0102832j 0.00242665+0.00549413j -0.0162755+0.00264063j -0.00419044-0.0103621j -0.000567272+0.0175808j 0.0110469+0.0126737j -0.0139154+0.0125206j 0.00313253-0.00618317j 0.00985851-0.000597099j 0.0169871-0.00954902j -0.00881971+0.0063333j 0.0130067-0.00278958j 0.00408778+0.0124257j 0.00194699-0.0124843j 0.00972187+0.00205652j 0.000214291+0.00788939j 0.00524444+0.0100478j 0.00741509+0.0245909j -0.0148893+0.0209753j -0.012645-0.0138229j -0.000159242+0.0121125j -0.00159442+0.00168334j -0.00278201-0.00139595j -0.00626441-0.00587824j 0.00609705+0.00227358j -0.00397051-0.00205846j 0.00256212+0.00554964j 0.0106497-0.0070244j -0.0203083-0.0185867j -0.00399424+0.00293527j 0.0144714-0.00304838j -0.0102114-0.00745259j 0.00566746+0.00441883j -0.00948733+0.00406163j 0.00530746-0.00136379j -0.00487883-0.00846544j 0.00852265+0.00644789j -0.0126223-0.00552953j -0.00162761-0.00250587j -0.00544986-0.00160508j 0.00748503-0.00723848j -0.00722403+0.00134899j -0.000735727+0.00317467j 0.00877079-0.00292609j 0.0113449+0.00120023j 0.00212779+0.000827157j 0.00721596+0.0049514j -0.00827307-0.0081321j 0.00130854-0.00088008j -0.0098607+0.0137362j -0.00101771-0.00758067j -0.0197868-0.00778557j -0.00032246-0.0077886j 0.00189143+0.00747763j 0.000691654+0.00501808j -0.0022011-0.00406783j -0.000270689-0.00238737j 0.00427053+0.00618516j -0.00937089+0.00193894j 0.00539433+0.00155335j 0.0103394-0.00185169j -0.00584865-0.00302311j 0.0161897+0.00380523j 0.00277295-0.00435878j 0.00537272+0.0109096j -0.00347971+0.0054579j -0.00970968-0.000949173j 0.0149585+0.00539237j 0.00878068-0.0111492j -0.00130759+0.00939901j -0.00928758-0.00132694j 
0.0087912-0.0420113j -0.041369-0.00404003j -0.0132102+0.00633023j -0.00282356+0.00751122j 0.017779+0.00241414j 0.00617116-0.0203017j -0.00106605+0.000742881j -0.00192929+0.00273927j -0.00274261+0.00446728j 0.00697437+0.00179461j -0.00892405+0.00605082j 0.00864753+0.00240005j 0.0098127-0.0156084j 0.00351144-0.00851886j -0.0156751-0.00696261j -0.0131523+0.00106648j 0.00397741+0.0031714j 0.0147408-0.018868j -0.00829158+0.00409944j -0.0134661-0.0157781j 0.00222647-0.0049181j -0.0019558-0.0238239j -0.0125106+0.00244388j 0.0156838-0.00187769j -0.0102166+0.013852j -0.00434581-0.00146052j -0.00127622-0.0156155j 0.0114003-0.00522497j -0.0131197+0.00352276j -0.0107301+0.0112816j -0.0078439-0.00664421j 0.00651444+0.00170442j 0.000321237+0.00623569j 0.00750128+0.0155239j -0.00520951-0.00815378j 0.00149816+0.0105111j -0.0119757+0.00603781j 0.00920703-0.000758941j 0.00437882+0.00895646j -0.00659123+0.00309633j -0.00863791+0.00589483j -0.0221545+0.00718153j -0.0181542-0.013888j 0.0137195-0.0116028j -0.00764611+0.000538646j -0.000531549-0.00539259j -0.00146396-0.00258603j 0.00664861-0.00495232j -0.00343929+0.00571832j 0.000572669-0.00360865j -0.00947758+0.00159822j 0.0049406+0.00934712j 0.0168426-0.0181231j -0.000870186-0.00337173j 0.00381343+0.0127629j 0.00713803-0.0107077j -6.94128e-05+0.0054847j -0.00756826-0.00898685j 0.00199612+0.00524605j 0.00783908-0.00520199j -0.00634358+0.00584507j 0.00592396-0.0113579j 0.00212392-0.00104177j 0.000726579-0.00546772j -0.000215645+0.00625142j -0.00158226-0.00658849j -0.000919868-0.00242341j 0.00158023+0.00791738j -0.0016221+0.0138261j -0.00199527+0.00206715j -0.00429702+0.00570135j 0.00882066-0.00742125j -0.000978062+0.00375317j -0.015696-0.00834214j 0.00789215-0.00344982j 0.00724855-0.0183042j 0.00294299-0.00152882j -0.00582921+0.000744047j -0.00583579+0.00385711j -0.0019832-0.00104753j 0.000722867+0.00174306j -0.00475274+0.00505117j -0.00274345-0.00715093j 0.000105187+0.00243133j 0.0031269+0.0143145j 0.00622261-0.0076943j -0.0056567+0.0174966j 0.00619831+0.00373817j -0.00724558+0.00301j -0.00978772-0.00419282j 0.00184266-0.0119401j -0.00158374+0.0111972j 0.00782596+0.00440559j -0.0105937+0.000447719j -0.00318612-0.0090065j 
