-0.111156-0.0946626j -0.0976497+0.116085j -0.0225194-0.0259773j -0.0120141+0.00035912j 0.0208473-0.00095873j 0.00515023-0.0128601j 0.000788523-0.0343294j 0.0121174-0.00468302j 0.00622806+0.0136857j -0.0471501-0.0224822j 0.0364136-0.0371713j -0.031212-0.0338117j 0.0211098-0.00291169j -0.0461858-0.122174j -0.141792+0.0561356j 0.0167184+0.0554728j -0.0357949-0.0450854j -0.0088444+0.0492587j 0.00470623+0.0407204j -0.013622+0.0034471j 0.0248359-0.0204935j -0.0434103+0.012395j -0.00514357-0.00203362j -0.00700065+0.015347j -0.00703812+0.00767283j -0.0136212+0.0504701j 0.0497395+0.0324597j 0.0302598-0.0285772j 0.0834813-0.0554717j 0.118612+0.071709j -0.0471281+0.0250457j -0.0123249+0.105026j 0.0751402+0.175627j -0.0297332+0.0980023j -0.0340693+0.0779085j -0.0180296-0.0463586j 0.152153-0.0558084j 0.0849323-0.152036j 0.05034-0.0718802j 0.0707542-0.0538007j 0.0978231+0.0133462j -0.0332002-0.0342365j 0.117549-0.0276917j 0.04836+0.0184108j 0.0229669-0.0727567j 0.0290724+0.0110307j 0.0554818-0.0436504j 0.109083+0.0250533j -0.00881304+0.0542118j 0.0349083+0.0242214j 0.0365668+0.00719736j -0.0186566+0.0513496j 0.0501706-0.0432995j -0.089785+0.0271278j -0.134293-0.0249112j 0.0259575-0.0368183j -0.0766477-0.0265935j -0.124812-0.0130581j -0.0599167+0.0552777j -0.0683257+0.0889245j -0.0322953+0.00733188j -0.021265-0.0465227j 0.0854102+0.148829j 0.118246+0.0636879j 0.175837+0.0360795j 0.135916+0.14042j 0.153856-0.103935j -0.0427167-0.0862413j 0.113901+0.237003j -0.120998+0.119503j -0.062639+0.31055j -0.262351-0.0201253j 0.0782627+0.0040519j -0.0240806-0.00322308j 0.0986362+0.0484714j 0.0238329-0.166406j -0.0240738+0.0170248j -0.0112123-0.0909451j 0.00518392-0.0579392j -0.0283098+0.00203105j -0.0643974+0.0332599j -0.112411+0.106969j -0.0790789-0.00545628j 0.0978717+0.00592054j 0.0696012+0.0164728j -0.0286428+0.0279095j -0.0668132-0.0132456j 0.0160366+0.0381404j 0.0127686-0.00694115j 0.00081777-0.0165934j 0.0625246+0.0433445j 0.0457899+0.0176735j -0.0333717-0.0128381j 0.0478013-0.0110387j -0.0192406-0.00177551j -0.0179176-0.0290721j -0.0238054-0.0289865j -0.0217999-0.0215813j -0.00753681+0.0227184j -0.0216495-0.0040001j 0.00895198+0.00806236j 0.0339593+0.0414007j 0.00732623-0.0407781j 0.00211382-0.0148216j -0.000692638+0.0310386j 0.000255887-0.0122045j 0.0031994+0.0120779j -0.0137227-0.0102608j 0.00327285+0.0267388j 0.00449595-0.0138207j 0.0128518+0.0201903j 0.00958629+0.00921483j 0.00958128+0.0219927j -0.0054218-0.0363961j -0.0118762-0.00960744j 0.014474-0.0142718j -0.0265549+9.63541e-05j 0.0049139-0.00961053j -0.0094338+0.00301467j -0.0251001-0.0243633j 0.0104564+0.0076519j -0.0123962-0.0341207j 0.0206393-0.013422j 0.000859094-0.0204647j 0.00336165+0.0274604j 0.00343151-0.0113087j 0.00214065-0.0253697j -0.0136108+0.00944287j 0.00992989+0.00746346j -0.000725692+0.00183928j 0.00140177+0.0308415j -0.00963432+0.0116204j -0.00824381-0.00987182j 0.00683323-0.00809513j 0.00874038-0.018864j 0.0142182-0.00394239j 0.0125143+0.00909624j 0.00285765-0.00770183j -0.00434879+0.0255553j -0.0140961-0.00518059j -0.0435131-0.0121175j 0.00284198-0.0202707j -0.0240208+0.0438894j 0.00312187+0.0089784j -0.0137558-0.0241741j -0.0344628+0.0233686j -0.018115-0.0172161j 0.00806291-0.00032273j 0.00901935+0.00860522j -0.00526214+0.0269463j -0.0197912-0.0130809j 0.0250285+0.0463971j 0.0365692-0.025127j 0.0350242-0.0264509j -0.0163997+0.0603056j 0.0565996+0.0225145j -0.0323631-0.0357855j -0.0388279+0.0332993j -0.0562036-0.0700647j 0.0692895-0.0562939j 
-0.00562833-0.077686j -0.0807562+0.00523257j 0.0327089-0.0474832j -0.0468518-0.0493624j 0.0146769-0.0120713j -0.00395294-0.0191152j -0.0175654-0.0182499j -0.0141609+0.0087948j 0.0210324-0.0114501j -0.0397507+0.0276587j -0.0240801-0.0133078j 0.00905376+0.018155j -0.00418478+0.0140662j -0.00406541-0.0415924j -0.0472248+0.00183892j -0.00109486+0.0177742j -0.00988702-0.0169362j -0.00206054+0.00964595j 0.00425971+0.0141806j -0.00573295-0.00408096j 0.0100063-0.0110761j -0.010748+0.0197303j -0.0139728-0.00304004j 0.0106877-0.00494832j 0.0195567+0.0228474j 0.0231171-0.016911j -0.0246452-0.0231852j -0.0192915+0.0165349j 0.0466847-0.0638993j 0.0103799+0.0247611j 0.18934+0.146275j 0.126831-0.169123j -0.0616159+0.039871j -0.0746737+0.0649183j -0.00689571-0.152301j -0.15697+0.114022j -0.163891-0.165447j 0.0642479+0.0739358j -0.0924819+0.207527j 0.0310611-0.0899236j -0.0537912+0.0411885j -0.0742529+0.0569195j 0.11047+0.0118999j -0.0502196+0.0513247j -0.14675-0.0112095j -0.0781722+0.0296173j -0.0911464+0.041407j 0.0378653-0.0572146j 0.050565-0.0239192j 0.0148665-0.0573029j -0.0416751-0.0401802j -0.140607-0.0177227j 0.00381182-0.00992636j -0.071027-0.0292598j 0.155361+0.0264881j 0.107047-0.0665027j -0.00169917-0.0332372j -0.0156616+0.0675567j 0.118387+0.132024j -0.013605-0.0173245j -0.107272-0.1081j 0.0999984+0.0931531j 0.0494094-0.184942j 0.0782246+0.107882j 0.0140312+0.0540518j 0.168542-0.00619295j -0.270021+0.0559013j 0.0700135+0.347981j -0.208366+0.146279j -0.0877294-0.11634j 0.0467049+0.116188j -0.127894+0.0355835j 0.0576922-0.050854j -0.0431392-0.0759524j -0.0279258+0.0110166j -0.027982-0.0499444j 0.00658051-0.0532446j 0.0512558-0.0134628j 0.045046-0.00653003j 0.0546273-0.0593145j 0.0252497+0.0469871j -0.063384-0.0210814j -0.00351713+0.0530664j -0.00387525+0.0728823j 0.0604102-0.00980633j 0.0261931-0.0215706j 0.0130539-0.00607464j -0.039438+0.00348386j 0.0107186-0.016768j 0.0483036-0.0147447j -0.00227905+0.0171381j -0.00394312-0.0131347j 0.00621563-0.00131241j 0.0500864+0.023632j 0.00714075-0.0113336j 0.023435+0.00340209j -0.0188163-0.030519j -0.00728969-0.0024646j -0.011233-0.00250396j 0.00480135+0.00175841j -0.00089283+0.0112437j 0.00382019-0.00301997j 0.00802985+0.00258373j -0.0157618-0.0245154j -0.0144743+0.00503059j 0.0106213+0.0165979j 0.0156806+0.00533764j 0.00371632-0.000869418j -0.00584114+0.00950357j 0.00798934-0.00503227j -0.00184077-0.00531582j 0.00150539+0.011289j 0.0106039+0.0185621j -0.00109268-0.00253484j -0.00760315+0.0142278j 0.00846303+0.0103021j 0.00473957-0.0135561j -0.00505951+0.00697073j -0.0123929-0.00211784j -0.00436757-0.0222177j 0.00156697+0.00800627j 0.00614664-0.00486687j 0.000992454-0.00104459j 0.00688369+0.00237519j -0.00126407-0.00114098j 0.00316298+0.0048626j 0.00391577+0.00661108j -0.0024476-0.0127523j 0.0111219-0.00485842j -0.00123961+0.0165859j 0.00478593+0.0036642j -0.0171092+0.0083968j -0.00729389+0.00295299j 8.47691e-05-0.0107729j 0.000183923-0.019391j 0.00938125+0.00396747j -0.0107118-0.0027231j 0.00627213+0.00584669j 0.000963679-0.00265373j -0.00322084+0.000892386j 0.00200544-0.00679995j -0.00241645-0.00205184j -0.0133202-0.0100261j 0.0193644-0.0108513j -0.00685386-0.0237477j 0.000405466-0.00298372j 0.026461+0.000327913j -0.00397832+0.0279585j 0.00936551+0.00491327j 0.00421086+0.00440291j 0.000699574+0.0163309j -0.00310084+0.0156778j 4.18285e-05+0.00790678j 0.0218434-0.00323892j 0.0079133-0.0250659j -0.0296105-0.00508124j -0.00359567-0.0355281j -0.0283635+0.00345335j 0.00157572-0.0293473j 0.0288437+0.00146952j 
-0.14424-0.0817107j -0.0795547+0.146796j 0.0208831+0.0142264j 0.0196636-0.0365868j 0.026414-0.00892693j 0.00653773-0.0181709j -0.0103501-0.0465993j 0.0132229-0.0203257j 0.0132946+0.0221788j -0.0611037-0.013737j 0.0252615-0.064792j -0.0640074-0.0277827j 0.023137-0.0297568j 0.00717415+0.0443749j 0.0768259-0.0258528j -0.0354889-0.0123867j 0.00769458+0.0174218j -0.0032906-0.0435808j 0.00127843+0.0274258j 0.0125131-0.0367983j 0.0424166+0.0217702j -0.0683424-0.000841595j -0.0163729-0.0564579j 0.0564527+0.0347209j -0.0627635+0.0784026j 0.0622741+0.0551079j 0.0113357-0.0548044j -0.0408886-0.0108007j -0.0192091+0.0113129j -0.0175618-0.0427586j -0.0808061-0.00324138j 0.0160797+0.0613141j 0.0119139-0.0904452j -0.0253142-0.00108266j -0.0281474-0.0456394j -0.000472559-0.026497j -0.0588438+0.0515801j -0.0764242+0.025586j -0.00287136+0.0328769j -0.0357097-0.0164154j -0.00703014+0.0332877j 0.0394809-0.00767666j -0.0421335+0.0180372j -0.0370287-0.00587653j 0.00481374+0.00533662j -0.00732846-0.000580547j -0.023076-0.0210464j -0.0328363-0.00282429j -0.0173763-0.0194191j -0.0120887+0.0092241j -0.00485338+0.00416066j -0.00124077+0.0288852j 0.00931012+0.0115903j 0.015633+0.0175618j 0.0177372+0.0374817j 0.00811109-0.0141212j 0.0332467+0.00130971j 0.0401599-0.00139259j -0.0280333-0.0267953j -0.0192647-0.0220912j 0.0267243+0.00516279j 0.0158404-0.00556941j -0.0278951+0.002425j -0.0261366-0.0446506j 0.00399354+0.0290085j -0.0919653-0.014668j -0.02694+0.0936674j 0.0614206+0.00520281j -0.0356078-0.093894j 0.0762769-0.0418045j 0.0493969-0.02173j 0.00377886+0.0496071j -0.00195374+0.00114751j 0.00369497-0.0723314j -0.0966161+0.0153467j 0.0637541+0.0121462j 0.0138233+0.00446434j 0.023694+0.00621206j 0.0529195+0.0060105j 0.00172412-0.00510582j -0.0953101-0.0551849j -0.0233347-0.0421495j 0.0213838+0.0275244j 0.0378851-0.0702299j 0.0711883+0.0298114j -0.00934199-0.0730624j -0.0024334-0.0519084j 0.0313171-0.0315577j 0.040217+0.0502382j 0.0322938+0.0761804j 0.0854357+0.00178382j 0.00756617+0.00147827j -0.0235279-0.0464571j -0.0146455+0.0294776j 0.0205803-0.0205251j -0.0289116-0.0621375j -0.0199258+0.0107476j 0.00330361+0.0385957j 0.00632442-0.0384437j 0.0157027-0.02443j 0.0194754+0.00819055j 0.0163436+0.0232983j -0.0641486+0.0116916j 0.00681395+0.0109434j 0.0448729-0.0309902j -0.0151-0.0431148j 0.0183237+0.0080603j 0.0250642+0.00251613j 0.0179582+0.00357787j -0.0181868+0.00317598j 0.00219626+0.00887167j -0.00601418+0.0274995j 0.0197235+0.0708782j -0.0277725-0.0451427j 0.00139555+0.0108486j -0.00266543-0.00565911j 0.0216931+0.0312361j -0.0219031-0.00277424j 0.00767496+0.00463123j 0.0153992-0.10819j -0.0126715+0.0362601j -0.0107059-0.0199284j -0.0339673-0.0145884j 0.0221533-0.0525209j 0.0301286+0.0155732j -0.00666915-0.0233015j -0.0189501-0.0496241j -0.000847246+0.0378431j 0.0207086+0.0388793j 0.0118694-0.0314863j -0.0285957+0.0757658j 0.0374424-0.014664j -0.0263511+0.0213177j -0.000480599-0.0202458j -0.027679-0.0120632j -0.0509982+0.0781795j 0.0136995-0.0371002j 0.0422293+0.0180352j 0.0695454+0.0069327j 0.0256635-0.0167304j 0.0394165+0.0419842j -0.0102821-0.014834j -0.0345845+0.0558948j -0.0980218+0.0237109j 0.0381757-0.0853224j -0.0901076+0.0291198j 0.0794406-0.0630547j -0.0518682+0.0496389j -0.0914383+0.0391214j -0.110457-0.0866906j -0.073123-0.000882144j 0.0473114+0.0195895j 0.00824228-0.0951916j 0.0395306+0.102333j 0.0577383+0.0344733j 0.0212918-0.0765071j 0.127702-0.0365211j -0.0335346-0.081117j -0.224673-0.152733j 0.151285-0.225541j 
0.00212826+0.118221j 0.11691-0.001238j 0.00782562-0.018836j -0.0320541-0.00382592j -0.00933278-0.00182371j -0.00725583-0.00161869j -0.00920345+0.00978298j -0.00599502+0.00179556j 0.000383813-0.00938557j 0.0104629+0.0235383j -0.0176049+0.0122822j 0.0106208+0.0211362j -0.018611+0.00240145j 0.0116653-0.0058288j -0.0260545-0.0223235j 0.0150238+0.00277461j 0.0401431-0.00577872j -0.0255844+0.0422627j -0.0240996-0.0239422j -0.000356506+0.0120898j 0.0017562+0.0134652j -0.00119524-0.0443994j 0.0228889-0.00151482j -0.0265528+0.00324852j -0.0408359-0.00809453j -0.0185109+0.0431113j 0.0358397+0.033839j 0.0290467-0.0224904j 0.0129323+0.0439026j 0.018064+0.0188706j -0.127892-0.0172014j -0.0269625+0.12551j -0.0164424+0.0115442j 0.00131146+0.00213979j 0.00737874-0.00230746j -0.0351928+0.0284636j -0.0266636-0.0317454j 0.0289499+0.0293492j -0.0255927+0.0473151j 0.0180466+0.00144382j 0.0096266+0.0177586j 0.00422458-0.0100203j 0.00154148-0.0252163j -0.0147599+0.00253201j -0.0423151+0.000173692j -0.0114839+0.0119656j -0.0175996-0.00782797j -0.00100142+0.0255467j -0.00802951+0.00112692j -0.0111264-0.00348167j -0.0183063-0.00335072j -0.0165804-0.0115205j 0.00220536+0.0138489j -0.0279092+0.0105876j 0.0105123+0.0226408j -0.00540861-0.0211437j -0.017083-0.000247223j 0.016764+0.0112969j 0.00114691+0.0100953j -0.0113422-0.0177719j -0.00610606+0.00447288j -0.000950999-0.0262874j -0.0299204-0.0265603j 0.0112807-0.0087167j 0.0330945-0.0110468j 0.0406929-0.0041277j -0.08368+0.0215056j 0.025715+0.0932409j -0.00713872+0.00650839j 0.00360918+0.0184827j -0.00596606-0.0186775j 0.0219495-0.0264608j 0.120608-0.0152569j -0.02029-0.15793j -0.11048-0.00142713j -0.061572+0.0560972j -0.114354-0.162559j 0.145929-0.104573j -0.0596793-0.0242765j -0.0281527+0.0292253j 0.00920014+0.000780084j -0.0460126+0.0304935j -0.00937498-0.0817571j 0.0384109-0.0102572j -0.122004+0.0387889j -0.0918315-0.0317034j 0.0287763+0.0708058j 0.107921+0.0225733j 0.0267465+0.0257429j -0.0281327-0.070263j 0.0371435+0.0653581j 0.0475281-0.0421973j -0.0529178-0.00330636j -0.0766082+0.0467604j -0.0253699-0.0726484j 0.0262124-0.0421262j 0.0208695+0.0321619j -0.0340789+0.0159439j 0.0481909-0.00577347j -0.00106275+0.0374123j -0.0427867+0.0601907j 0.0466242+0.0365512j -0.0641686-0.00818215j 0.07673+0.122625j -0.0624934+0.0646543j -0.0746912-0.135377j -0.0415841-0.0346234j 0.0107456-0.00677117j -0.0455689-0.0479795j 0.0216487+0.044389j 0.013824-0.0109438j -0.011923-0.0312247j -0.0207928-0.0352466j -0.0200373+0.0123734j -0.0152058-0.051693j 0.0240577+0.00633921j 0.0695765-0.089792j 0.0131775-0.0520763j -0.0370594+0.0156294j 0.0938944+0.0519141j -0.0155669-0.0395344j 0.0101515-0.026012j 0.0121573-0.0605141j -0.030881+0.0108379j -0.0152099+0.0684052j 0.000206226+0.0389095j 0.0566526-0.113086j -0.0629107+0.0809631j 0.0439797-0.0167673j -0.0189218-0.0869018j -0.0435015+0.0577812j 0.026849-0.0104351j 0.024807-0.085859j -0.0845598+0.065167j 0.0207958+0.0955702j -0.0796347-0.00211925j -0.0625797+0.0207101j 0.12874+0.0643832j -0.0329738+0.0511372j -0.0251009+0.041089j -0.0269937+0.0363643j 0.174531-0.037241j 0.00675393-0.0018395j -0.054215+0.0644938j -0.0761221+0.0533266j -0.0655113-0.0908421j -0.0711219-0.0579157j -0.0101035-0.0537099j -0.0155188+0.108908j 0.00479944-0.0167393j 0.103224+0.0126019j -0.00552625+0.0235272j 0.00858012+0.0297631j 0.038633-0.023982j -0.0228152+0.286939j 0.289801+0.014678j 0.0437948+0.0708714j 0.0446811-0.0328364j -0.0434266+0.116567j -0.115477-0.0446052j 
0.0267695-0.0678419j -0.0675769-0.0270296j -0.000135792-0.00897144j -0.0101149+0.0111354j 0.0319945-0.000525594j -0.00554511-0.0219573j -0.00774054-0.0427168j 0.0289865-0.00711032j -0.013322+0.00987839j -0.0181044+0.0154786j -0.0059759-0.0233911j -0.0527441-0.0106113j 0.00743985-0.0427341j -0.0053969+0.00396317j 0.0143061+0.0110352j -0.00694658-0.00467101j -0.0152525+0.00244974j 0.0103655-0.0180771j 0.00988699+0.0127153j 0.00187178-0.0102696j 0.00634485-0.00253142j -0.00955767+0.0193928j -0.0117798-0.00544494j 0.0197205-0.00617152j 0.00857528+0.0323295j 0.036348-0.00710096j -0.0146849-0.0229904j -0.0104398+0.00270764j -0.000306934-0.0221076j -0.0226837-0.0139452j 0.0789216+0.0331635j 0.037695-0.0806479j 0.00756156-0.0136913j -0.00644899-0.00323142j -0.000461225-0.00630516j 0.012495-0.0171164j 0.00471751+0.0148592j -0.0176455-0.00797943j 0.0138581-0.0155983j -0.0102482-0.00449623j -0.00529507-0.0119366j -0.00955373+0.00234344j -0.00409723+0.0190052j 0.00646776-0.00105445j 0.0203014+0.00122476j 0.00380501-0.00998518j 0.0044557+0.00355388j 0.00288685-0.017322j 0.00404807+0.000123119j 0.00698189+0.00297966j 0.00339195+0.00121676j 0.00450029+0.00365849j 0.00204566-0.00857337j 0.0195687-0.00510576j 0.00378467-0.00127121j 4.05079e-05+0.0149777j 0.0112212+0.00316941j -0.00769325-0.0023349j -0.00484963+0.00398242j 0.00278722+0.00826059j 0.0120128-0.00884137j -0.0154317+0.0250021j 0.0276886+0.0223179j -0.0151685+0.00475707j -0.0167129-0.00869183j -0.0213428+0.00537356j 0.0486486+0.0205704j 0.013232-0.0512373j -0.015754-0.00627496j 0.010474-0.0303948j 0.00982803+0.0110918j -0.0140704+0.0201563j -0.102722+0.00346146j 0.0291236+0.121631j 0.0676957-0.0402815j -0.0681668+0.0227404j -0.123533-0.236223j 0.225185-0.13336j -0.0983191-0.0238989j -0.00806689+0.10305j -0.0723554-0.0350255j 0.0298979-0.00388784j -0.0327282+0.0403312j -0.0129839+0.0080091j 0.0929005+0.00629135j 0.0405433+0.0665015j -0.0577992-0.0452881j 0.0667111-0.00282689j -0.0367528+0.110258j 0.0393231-0.022531j -0.123855-0.0448676j -0.0793199+0.0452402j -0.0355275+0.0780812j 0.0182271-0.0393615j -0.146112-0.0373642j 0.0899115+0.0449946j -0.0635073+0.014901j -0.0842982-0.136194j 0.0972926-0.0705249j -0.0509483+0.0152746j 0.00333899+0.049099j -0.0432761+0.0431795j -0.0519122+0.0133725j -0.00751265-0.142076j -0.0794042-0.0112996j -0.0763316-0.0986422j -0.0718369-0.123455j -0.0358241+0.13273j -0.00285033-0.0952867j -0.0248878-0.0126826j 0.00496506-0.015332j 0.0774218+0.0795465j 0.0896313-0.0332381j 0.0100311+0.0393322j 0.0237979-0.101316j 0.0292274+0.0418438j -0.000671522-0.0380809j 0.0308542-0.0217125j -0.00856242+0.00288497j 0.0586519+0.0199885j 0.00414399-0.0118076j 0.0372147-0.128605j 0.133512-0.159117j -0.0799873+0.0635618j -0.0331601-0.0631062j 0.151093-0.0118612j -0.0820014+0.00744377j -0.0371657-0.100423j -0.0127502-0.0299773j -0.015973-0.0962058j 0.0437222+0.0206594j 0.0765837-0.0188991j 0.068628-0.00792369j -0.129391-0.0103837j 0.0627561-0.0578325j -0.0441739+0.0109647j 0.0311137+0.0600333j 0.0453199+0.0624481j -0.0274018-0.0309872j -0.0591467+0.0671588j -0.0418871-0.0440079j -0.101679-0.0056671j 0.0166318+0.0517171j -0.0192672+0.0140074j 0.0452177-0.00975883j -0.0117041+0.0385871j -0.201236-0.0368516j 0.0075806-0.316089j -0.240815+0.0208903j 0.102104-0.0237122j 0.0260896+0.101517j -0.0465901-0.0247672j -0.0528574+0.0369393j 0.00267804+0.0283576j 0.0749019-0.0569518j -0.0607652-0.0784535j 0.0320538-0.0305878j -0.0217912-0.0200497j -0.00567121-0.0407885j 0.0400758-0.00567734j 
0.0773046+0.0631875j 0.0631662-0.0782989j -0.00929492-0.00899522j -0.0137191+0.0201698j -0.0143683+0.000535899j -0.00794601+0.0080338j -0.00145299+0.0239674j -0.0106281+0.0091725j -0.00582224-0.0119245j 0.0348954+0.0142053j -0.0239399+0.0321851j 0.029869+0.0236423j -0.0173252+0.0145079j 0.00903657-0.0162969j -0.0348397+0.00475318j 0.012659+0.00423783j -0.00797264-0.00976923j 0.00488432+0.0148289j 0.00541846-0.0114825j -0.0105907+0.0182289j -0.020262-0.0177946j 0.0379976+0.0141504j 0.000708497+0.0294725j -0.0214438-0.0239877j 0.0491133-0.0335167j -0.0226632-0.0474945j -0.0199039+0.0236839j 0.0101641+0.0144076j 0.0112264+0.00617454j -0.00457472+0.0239634j 0.0517752+0.0161224j 0.00228338-0.0492356j -0.0142819+0.0474932j 0.0192921-0.0108922j 0.0187698+0.0236096j 0.0182858+0.0229872j 0.0223609-0.0169687j 0.0438796-0.0148983j 6.9128e-05-0.0200116j 0.0166228+0.0133203j -0.00755777-0.0218504j -0.0153098+0.0106207j 0.0171133-0.00971548j 0.0172166+0.00224623j 0.00290868+0.00398885j 0.00491818-0.00145913j 0.0129724+0.0156412j 0.0152426-0.00456736j 0.00991087+0.00531762j 0.00470316-0.0044974j 0.00435814-0.0037041j 0.000388258-0.0193625j -0.00665621-0.00171674j -0.00151897-0.00942223j -0.00503704-0.0204292j -0.00142366+0.0146883j -0.0107491+0.00493573j -0.0178917-0.000584354j 0.0111978+0.00572308j 0.008765+0.00725006j -0.00921698-0.00482255j -0.00877049+0.00774636j 0.00568032+0.000391948j 0.00555537+0.0159949j -0.0141533-0.00647721j 0.0313079+0.00449687j 0.0321563-0.0452305j -0.03209-0.0206452j -0.00478955+0.0413219j -0.0376198-0.0174709j -0.0048697-0.015393j 0.0114181-0.0218758j -0.00517217-0.0183919j -0.0152498+0.042976j 0.0575314-0.0080372j -0.057061-0.0126475j 0.00567369+0.00827975j -0.0312304+0.00755696j -0.0366491-0.00594883j 0.0121836+0.0204012j 0.0490141+0.0541429j 0.048699+0.0127283j -0.00757529-0.00430309j -0.0538255+0.0321136j -0.0336494-0.0299049j 0.0125705+0.0636513j 0.00429142+0.02676j -0.037133+0.00413668j -0.0218473-0.0419359j -0.0115593-0.0512996j -0.0691317-0.0224228j -0.0195475-0.0104223j 0.0249436+0.0260991j 0.00780539-0.0358584j -0.0145643+0.0365051j 0.0109635+0.051419j 0.0194023-0.0074284j 0.0150209-0.0244309j -0.0138602+0.0317368j -0.00554512+0.0229806j -0.0098854-0.00847813j -0.0226149-0.0287479j 0.0611293-0.0116263j -0.015665-0.0269335j -0.0382235+0.0127558j 0.00692031+0.0429048j -0.00722892-0.00532479j -0.0181243+0.00813662j -0.00589796-0.00318148j 0.00235358-0.00102935j -0.0140147-0.0139899j 0.00927222-0.013376j -0.00728388-0.0426419j 0.0229646+0.0348832j -0.00180096+0.00486776j -0.00099306+0.00180225j -0.0273629+0.00117804j 0.00819682+0.00889732j 0.00486756-0.00469945j -0.0343846+0.0759221j 0.0117927-0.0259271j 0.00889959+0.0252524j 0.0240916+0.00507495j -0.0204697+0.0390393j -0.018496-0.0280956j 0.0212242+0.0178515j 0.0208837+0.0540846j 0.00287925-0.0303861j -0.0191174-0.0337056j -0.00788882+0.0247692j 0.0328975-0.0579816j -0.0443693+0.00397793j 0.0258203+0.00751667j 0.0150106+0.0113939j 0.0256265+0.0016974j 0.0248627-0.0481045j -0.000433302+0.0200285j -0.0439365-0.0317077j -0.0391929-0.0363026j -0.013307+0.0216595j -0.0474474-0.0299681j -0.00375528+0.0227496j 0.0284767-0.0494852j 0.0773981-0.0057394j -0.0265957+0.0633927j 0.0595884-0.0469071j -0.0388711+0.0392939j 0.0353849-0.0267048j 0.0609636-0.031181j 0.0775322+0.0408437j 0.0660565-0.00765716j -0.0166801-0.0206038j -0.00601696+0.0712046j -0.0544763-0.0505747j -0.0297836-0.0517716j -0.0416643+0.0379178j -0.0421896+0.0570794j 0.0643234+0.0122303j 0.128687+0.0238211j -0.0249329+0.129783j 
-0.00062793-0.055779j -0.0560871+0.0021984j -0.00576311+0.00848022j 0.0124175-0.000642606j 0.00436925-0.0013697j 0.00221564-0.000507666j 0.00324574-0.00851063j 0.00614377-0.00189801j 0.000183887+0.00596833j -0.0105666-0.00909413j 0.0127304-0.00857307j -0.0078017-0.0143887j 0.00763902-0.00252525j -0.0172426+0.00483469j 0.0151138+0.0252899j -0.0105044-0.000398123j -0.0206201+0.00645911j 0.00335308-0.0234612j 0.0144901+0.0140147j 0.00265121-0.0124469j 0.00264027-0.000186743j -0.00786676+0.0157508j -0.00497197-0.00670034j 0.0134607+0.000578898j 0.00636415+0.0121338j 0.01518-0.00156494j -0.0115633-0.0152045j -0.0142563-0.0039022j -0.0100254-0.0323088j 0.0114268-0.0202777j 0.0359699+0.0143471j 0.0259928-0.0320131j 0.0169825-0.00955976j -0.0110146+0.00343164j -0.00996609-0.012483j 0.00622886-0.011776j -0.00388828+0.0109036j -0.0212118-0.0206075j 0.00374905-0.0035878j -0.00965978-0.00779815j -0.00935197+0.00330317j 0.00305478+0.00147386j -0.00755767+0.0088293j 0.000366926+0.00358656j 0.0158156-0.00988404j 0.00749722-0.0101269j 0.00531779-0.00134032j -0.00426061-0.01269j -0.000485186+0.00158475j 0.00385874-0.000791973j -0.00274619+0.00406908j -0.00506114+0.00956926j 0.00519662-0.00594542j 0.0085554+0.000435737j -0.0034108-0.00136521j 0.00369932+0.00424635j 0.0098599+0.00588475j -0.00208137+0.00558855j -0.00632026-0.0068045j -0.00315265-4.59177e-05j 0.00142826+0.00567838j 0.00132074+0.00781342j 0.00435783-0.000818644j 0.00266503+0.000115866j -0.00791223+0.00373319j -0.00824836+0.00380396j 0.0217517+0.0212591j 0.0131276-0.0242671j -0.00690093-0.0174408j 0.0312987-0.0107148j 0.00288107+0.0242248j -0.0159409+0.00469979j -0.0367383+0.00703168j 0.00135881+0.0368565j 0.0143704+0.0249264j 0.0616353-0.0140391j 0.0193637+0.0389405j -0.0167558+0.0133531j 0.0267711+0.0153076j 0.00763318+0.00272188j -0.0381197-0.030618j 0.00657694-0.0110587j -0.0120627+0.0433806j 0.00125756-0.0165078j 0.0775602+0.0133339j 0.0386661-0.00766617j -0.00162555-0.0387386j -0.0233324-0.0304194j 0.00982043+0.00870818j 0.0168563+0.0481324j 0.00797163-0.023843j -0.014859+0.0281152j 0.00959911-0.00353988j 0.0407899-0.0100506j 0.00648965+0.0253288j 0.00076045+0.00366925j -0.0129401-0.0102077j 0.00687549-0.0069875j -0.00975697-0.01413j -0.00129223-0.0205316j 0.0249154-0.0168633j -0.01417-0.0074753j 0.00116133+0.0114527j -0.0182065-0.0503829j 0.0445592-0.0443815j 0.0279894+0.034929j 0.0117643+0.0146103j -0.00307256+0.0121522j 0.018123+0.0159991j -0.0113412-0.0138504j -0.00306583-0.00185447j 0.0165976+0.0232533j 0.0202925+0.0349014j 0.00550481-0.0138383j 0.00155783+0.00887463j -0.00372501+0.00955167j -0.0358017+0.0328786j -0.00832437+0.0153796j 0.0225758-0.00908613j -0.0427102-0.049746j 0.00446216+0.0225763j 0.000157176+0.00478579j 0.000157992+0.0138312j 0.00889032-0.00172604j 0.00370425-0.0246841j -0.00222833-0.0132813j -0.0444158+0.0309409j 0.0190828-0.0327546j -0.0103806+0.0229942j 0.0111074+0.026236j 0.0127832-0.00332511j 0.0111656-0.000868111j -0.00698021+0.0327835j 0.019552-0.0297424j -0.0210743-0.0556801j 0.0101039+0.0274907j 0.0353302+0.0129019j -0.0345792-0.00440741j 0.026719-0.0154294j 0.00272904-0.0218711j 0.0192517-0.020105j -0.0751548+0.0153405j 0.00460993+0.0164432j -0.00572964-0.0274191j 0.0435284-0.0524297j 0.0194111+0.0325088j 0.0486369+0.00943642j -0.00674557+0.0137302j -0.032225-0.0300634j 0.0060867-0.00307376j -0.0398938+0.0290356j -0.0187866+0.0148444j -0.0125913-0.000433216j 0.00139932+0.0247789j -0.00151365-0.0763717j -0.0812424-0.000381228j 0.0112836-0.0321111j -0.0254649+0.00145466j -0.0642006-0.0598446j 0.0575086-0.0680079j 
0.0149713+0.0259329j 0.0270592-0.0135624j -0.00568975-0.00777534j -0.00789143+0.0100026j 0.00767054-0.00286818j -0.0069504+0.00245532j -0.00807816-0.00193576j -0.00635288-0.00152745j 0.00308422+0.00460084j 0.00413831+0.00549755j 0.00485992-0.00535478j 0.000514195+0.00379265j -0.000940401+0.00916943j -0.00571555+0.00793312j 0.00370308+0.00401317j 0.00389614+0.00696532j -0.00508872-0.00608756j -0.000562616+0.0002868j -0.0104951+0.00245713j -0.00328598+0.0124469j -0.0060826-0.00168919j -0.00116748-0.00375802j -0.00430101+0.00493645j 0.00421378+0.0113672j -0.00308184-0.0130758j -0.0201867+0.0064494j 0.00478768+0.0100999j -0.00127051+0.0100124j -0.0271943-0.00750819j 0.0101193-0.0264278j -0.00801578-0.0137301j -0.00460976+0.0110355j 0.0128853+0.00337334j -0.0176577-0.00172894j 0.0003099-0.0236655j -0.00151081+0.000881074j -0.0192761-0.00799252j 0.00357412-0.00186818j -0.00374784+0.0138816j 0.00298551-0.00312832j 0.00432432-0.000304596j 0.00247814-0.00513418j -0.00934771+0.00906824j 0.000241274+0.00996734j -0.00167855+0.000595495j 0.0134385+0.00319055j -0.0026195+0.00651108j 0.00848462+0.00368379j 0.00970919-0.00451382j 0.00180575+0.00162776j 0.0108089-0.000347076j 0.00058005+0.00349495j -0.00175227+0.00622384j 0.00645771+0.00999187j 0.00727489-0.00549726j 0.00373094+0.00187941j 0.0011889+0.0104697j -0.00448253-0.00461286j -0.000914116+0.000862648j -0.00154772+0.00674745j -0.0025183+0.00962156j -0.00544522-0.0122822j -0.0203501+0.00586622j 0.00442748+0.00627184j 0.00280344+0.0024955j 0.00345594-0.00281864j 0.00113424-0.0194999j -0.0179705+0.00345786j -0.0081486-0.000594671j -0.00807542-0.0140288j 0.00748428-0.00389332j 0.00451858+0.00682601j -0.00654602+0.0167399j -0.00243971+0.00561947j 0.00664332+0.0275196j 0.0419951-0.0133539j 0.00966465-0.0140178j 0.0294678+0.0079529j 0.0090574+0.00897576j -0.00258773+0.00612656j -0.00301047-0.0345288j 0.0114565-0.00322939j -0.0123397+0.0132511j 0.0217838+0.00583608j 0.0124737+0.0107251j 0.0141866+0.000125987j 0.011481-0.00534737j 1.94681e-06+0.0108544j -0.0111402-0.00128384j 0.00868764+0.00437451j 0.00355842-0.00601374j -0.00361657-0.00661842j -0.00821095-0.00610074j 0.00275033-0.0050425j -0.000335094+0.00386241j 0.0148733+0.00291726j 0.0107067+0.00733035j -0.00484575-0.014229j 0.00890633-0.00449158j -0.00891605+0.00133955j 0.00711376+0.0142517j -0.00667327-0.0084968j -0.00988536-0.000300419j 0.00973968-0.00143415j -0.00364578+0.00630165j 0.000577731-0.00916303j -0.00563666-0.000187475j 0.00346883+0.0212827j 0.00249601-0.0123121j -0.00534085-0.00643141j 0.00457036+0.00768597j 0.0193794+0.00617262j 0.0175877+0.00630001j -0.00244951+0.0094173j 8.62585e-05-0.00520662j 0.0133063+0.00379226j 0.00782603+0.000495878j 0.010645-0.010802j -0.00939647-0.00443326j 0.00607261+0.0019126j 0.000308157-0.00284709j -0.00470313-0.0130311j 0.00681414-2.1241e-05j -0.00547252+0.0154583j 0.00263995-0.00505503j 0.0104503+0.00231914j -0.00201768-0.00887344j -0.00405377-0.0103911j -0.00500423+0.0178115j 0.00213207-0.0200087j 0.0116744-0.00330462j 0.00864554-0.0031503j -0.00346301-0.00567856j -0.0127624+0.0113356j -0.0028361-0.00410158j -0.00789124+0.0261091j 0.00217698+0.0103379j 0.0155363+0.0159644j -0.0138088+0.0254363j 0.0133966+0.00221563j -0.0112119+0.0105557j 0.0131965+0.00950089j 0.0148881-0.00291512j -0.00159965+0.00167107j 0.0151923-0.0137622j -0.00945559-0.00832049j 0.00517764+0.0143337j -0.00701654+0.000703642j 0.0105819-0.00283459j 0.0157866+0.00949835j 0.000417308-0.00707186j -0.0371595+0.0163098j 0.0169895+0.0341976j -0.00411147-0.00114054j 0.0206069-0.018312j -0.0163182-0.0162135j -0.0478719-0.00277168j 0.00167087+0.0492098j -0.015104+0.00954173j -0.0100813-0.0135826j 
0.00992442+0.00677859j 0.00584492-0.00861922j -0.00857282-0.00550132j -0.00328851+0.00606767j 0.00598338+0.00112749j -0.00136636+0.000361104j -0.000267052-0.00164539j -0.00243012+0.000657008j 0.00102451+0.0028291j -0.000567038-0.00222045j 0.00713891-0.0017935j 0.00191826-0.00387546j 0.00254681+0.00690491j -0.0113815-0.0162574j -0.012708+0.012074j -0.00119137-0.00650075j 0.00273955-0.00408657j -0.00055579-0.00262757j -0.00627127-0.000344934j 0.00435706+0.00560401j -0.00301411+0.00717775j 0.000595357-0.0064965j 0.00390869-0.0035985j 0.00500046+0.00406222j -0.0124983-0.00675267j -0.012127+0.0174784j 0.0114378+0.0075463j 0.0044159-0.00645617j 0.0207438-0.019817j 0.0294069+0.0147803j -0.000414968-0.00425738j -0.0112736+0.0125303j -0.000185109+0.0136022j 0.0152288-0.0182062j 0.016519+0.0136394j 0.00957747+0.0101141j -7.36828e-05-0.00469302j 0.00562301+0.00348175j 0.000316887+6.52797e-05j -0.00623135+0.000332942j -0.00971863-0.00335872j -0.000677235+0.00952213j -0.00859908+0.00150503j 0.00119681+0.00993658j -0.00043665-0.00052181j 0.00676725+0.00360862j -0.00099593+0.00736568j -0.000393392-0.00143123j 0.00459802+0.000221695j -0.00344284-0.00074177j 0.0035175-0.00407996j 0.00061832-0.00498077j -0.00477527+0.0050762j 0.0053184+0.00622923j 0.00574263-0.00799853j -0.000885503+0.00236193j 0.000365462+0.012448j -0.000177673+0.00518257j 0.00478933-0.000695135j 0.00440564-0.000438103j -0.00229116+0.0116972j -0.00862188-0.00458874j -0.0170404-0.00186373j 0.0111252-0.00661873j -0.0054003+0.00520151j -0.0104397-0.0144854j -0.0255818+0.00157392j -0.0014827+0.0182006j 0.00827825-0.0191415j 0.0134157+0.0162501j -0.0224609-0.0124882j 0.00741121-0.0249599j 0.00187954-0.0153269j 0.00529788+0.010151j 0.0113747-0.0267899j -0.0386065+0.00720283j 0.00144808-0.0122049j -0.00211826+0.00321223j -0.0135232+0.005878j 0.0262029+0.00693264j 0.000992531+0.0372906j 0.00254524-0.00585388j -0.000640807+0.0140782j -0.0439299-0.00425769j 0.0189955-0.00896466j -0.018522+0.00740063j -0.00964714-0.0310814j -0.0250476-0.0114665j -0.00964652-0.0163574j -0.0113007+0.00805984j 0.00261826-0.0230374j -0.0183971+0.0211764j 0.000990499+0.0116666j 0.0192022+0.0120813j -0.0156256-0.00933913j -0.00257384-0.014379j 0.014645+0.00400611j -0.00109318-0.00187749j 0.00509581+0.00677267j 0.0111732-0.00435888j 0.0118533-0.0143143j 0.000832925+0.00953653j 0.00386258+0.0159376j -0.0162168-0.0198792j 0.0115019-0.00257102j 0.00778601-0.0040748j 0.00438055+0.00957426j -0.00606643-0.0228151j 0.00682592-0.00400093j 0.0002705+0.000916163j -0.01124+9.81919e-05j 0.00815981+0.00855221j 0.00873565-0.00029901j 0.000381964+0.000540985j -0.000814393-0.0241779j 0.000308611-0.0209977j -0.00197421-0.0103714j -0.00119652-0.00766824j 0.00686701+0.00199258j 0.000987155+0.000900772j -0.00466855-0.00535493j 0.0116134+0.00639886j -0.00274158+0.00380592j 0.00576209+0.000940357j -0.0040734-0.0210033j 0.00607513+0.00427642j -0.0112563+0.0235293j -0.00937409+0.000504704j 0.00105903-0.0157152j -0.00500652+0.00908198j -0.0240623+0.00486016j 0.0229273-0.0050972j -0.00166297-0.000864966j 0.00708659-0.0126469j 0.015174-0.0278199j 0.0200184-0.00629404j 0.00700687+0.000749734j 0.0282439-0.00695445j 0.0241195+0.00586292j -0.00195531+0.0244009j 0.00745313+0.00618264j -0.00802685-0.0153204j 0.0135194-0.0213298j 0.00779432+0.0155006j 0.00953522-0.000457898j -0.000195643+0.00777308j -0.0118655-0.0294643j 0.00849734-0.00198129j -0.0117265+0.017428j -0.0309888-0.0301115j 0.0302488+0.00272313j 0.0401636-0.0286528j -0.0241235-0.0177509j 0.0089672-0.0184193j -0.0550128-0.00291817j -0.00561936+0.0573774j 0.00587294-0.0390742j -0.0386134-0.0163973j 0.0328055+0.00781418j -0.00891364+0.0317204j 
-0.00552274+0.0035904j 0.00483767+0.00460167j 0.0111772+0.00829281j 0.000635833-0.0105j -0.0155526-0.00193043j 0.00195879+0.00767219j -0.000434979+0.00868438j 0.00199459-0.00542689j 0.00342963-0.01017j 0.00741073+0.00587897j -0.00889482+0.00505072j -0.00859824+0.00614414j -0.00404847-0.0169898j -0.0106395+0.0257335j 0.0281066+0.00979218j -0.00973853+0.0128625j -0.0193817-0.000337531j -0.00343249-0.014885j 0.00327334+0.00766943j -0.00611738+0.00361477j 0.00370104+0.00567954j -0.00764015+0.0160427j 0.00256755-0.00329731j 0.0109794-0.0016169j 0.0148536+0.00729199j 0.00661648-0.00717723j 0.00634403+0.00128799j -0.000251779-0.010425j -0.0127776-0.00601915j -0.00138152-0.013686j 0.00981669-0.00538926j 0.000938044-0.00894692j 0.00940972+0.00627171j -0.0160111-0.00675921j 0.011636-0.00744793j 0.0115874-0.0147809j 0.0111533-0.00157182j 0.00288943+0.00122138j -0.00573756-0.0137717j -0.00150874+0.00791567j -0.00572375+0.00167906j 0.00449869+0.0126271j 0.0130124+0.00379008j 0.00665723-0.00470254j -0.00706172+0.0013295j -0.00526603+0.00676605j 0.000887738-0.00134094j -0.00690471-0.00131379j 0.00281948+0.00544864j 0.000142189+0.0103328j -0.00429713-0.0111251j 0.00128517-0.00246342j -0.00730811+0.000573545j -0.00010516-0.00987741j 0.00275969-0.0012302j -0.000877417+0.00360442j -0.000933126-0.00375848j -0.0112953+0.013906j -0.0063665+0.00333695j 0.00388415+0.00380209j -0.00525842+0.00120899j 0.00411507+0.00659952j 0.00288833-0.00230446j 0.0116417+0.0153369j -0.0175347+0.011493j -0.00423842-0.0125494j 0.00499231-0.00549135j -0.00185338-0.00541318j -0.00131572+0.020022j -0.0266217-0.00333664j 0.00187179-0.0165329j 0.015576+0.00216867j 0.0100276+0.0245514j 0.0161074-0.0091005j 0.0020841+0.000475296j 0.0115001-0.0180756j 0.00887373-0.0122013j 0.0188921+0.00484806j 0.00523801+0.00427143j 0.00481775+0.00750129j -0.00236639-0.0100836j 0.0156772-0.00771797j -0.0061825+0.0122037j 0.00908223+0.00800574j 0.0124653-0.00119395j 0.0066196+0.00993893j 0.0105609-0.00423382j -0.0206791-0.00615211j 0.00472055-0.0212397j -0.00712085+0.000928423j 0.015924+0.00370959j -0.00471625-0.0192712j 0.00212521-0.00788737j -0.00785848+0.00737277j -0.0027834+0.0118826j -0.00788463-0.0140536j 0.0200989+0.0148581j -0.00845965+0.00584807j -0.0124251+0.0130795j 0.00457852-0.00303311j 0.015606+0.00883411j -0.00424262-0.0145479j 0.00663681+0.00430519j 0.000164106+0.000265886j 0.0018851+0.0177094j 0.00653167+0.00559159j 0.00331254+0.00113653j 0.0105111+0.00583092j -0.00553805-0.00465417j 0.00733968-0.0087797j 0.00200793+0.00323453j -0.0093991-0.00407937j 0.00156914+0.00587337j -0.00981107-0.00911256j 0.00150779-0.00366943j 0.00548932-0.0139512j 0.0121986+0.00177974j 0.00260085-0.00776195j -0.00890368+0.0135378j -0.00680749-0.00188141j 0.00348731+0.00644873j -0.0059164+0.0103815j -0.00779531+0.0148876j -0.00647245+0.013451j 0.00857267-0.00189495j 0.00390725-0.00635567j 0.0057562+0.00476605j -0.0138627+0.00560403j -0.00986778+0.0147684j -0.00893858-0.00601498j -0.000431134-0.00523297j -0.007886+0.00743696j -0.011599+0.00417138j 0.00540987+0.0107507j 0.00831792-0.00362516j -0.00681606+0.0125496j -0.0130913+0.00500185j 0.0153792+0.0177359j 0.000907681+0.00958891j -0.00853929+0.0116994j -0.00815165+0.0010314j 0.00947865-0.0139777j 0.012571-0.00477741j 0.00896236+0.0200898j 0.0193171-0.000774848j -0.0227803-0.0123146j 0.00786607-0.019822j 0.0324847+0.00626332j 0.011445-0.0231314j 0.00252951+0.00322445j 0.01906-0.0160487j -0.0198204+0.000671926j 0.0117771+0.0283123j -0.012222-0.0101632j 0.017346-0.016724j -0.0146829-0.0136774j -0.0293766+0.0015652j 0.000797028+0.027396j -0.00848153-0.0122744j 0.0122317-0.00729898j 
0.00846123+0.000135069j -0.000599566-0.00829255j 0.00234302-0.0120598j -0.00733823-0.00259292j -0.00221988+0.00130589j 8.93431e-05+0.00921867j -0.00482697+0.00147938j -0.00544348-0.007445j 0.00841798+0.00153516j 0.00350007+0.000452262j 0.00901602-0.00627417j -0.00687337-0.0038181j 0.00129919+0.000475889j 0.00788579-0.0102053j -0.0119335-0.00922935j 0.00902379-0.00684686j 0.00826778-0.00350357j 0.00532554+0.00424195j -0.010164+0.000452164j 0.00299469+0.00754039j -0.00400075-0.0047071j -0.00160949-0.0071808j -0.00752651-0.000247659j 0.00606572+0.0124717j -0.0127349-0.00639785j -0.0134046+0.0121612j -0.00117986-0.000322685j -0.00330186+0.0136774j 0.00176562-0.00330675j -0.0043434-0.00617963j 0.0116402+0.024422j 0.025739-0.013024j 0.00481993-0.00534915j 0.00304237+0.00390206j 0.0062614+0.0126693j -0.00901063-0.0214464j 0.0300958-0.00755425j -0.0172236-0.00740856j -0.00612791-0.0189766j -0.0084778+0.0126472j -0.0187814+0.0171206j 0.0161517+0.0124109j 0.0118787-0.00999977j 0.0106163+0.00203928j 0.000742696-0.00429858j -0.0166541-0.0141372j 0.00538845-0.000718829j -0.0131189+0.00129477j -0.000179554+0.00899733j 0.00179546+0.00366371j -0.0167248-0.0110032j -0.00938439+0.00713886j -0.00236081-0.012948j -0.000510782-0.021736j -0.00532118+0.0100639j -0.0143663+0.00922204j 0.00308537-0.0170842j -0.00474242+0.0143352j -0.0106681-0.00389625j 0.0133772+0.00402455j -0.00343118+0.00533412j 0.0255813+0.00108938j 0.00117575-0.0250026j 0.00347687-0.00215075j -0.00510934+0.00422789j 0.00436968-0.0078116j -0.00186202+0.0304611j 0.0303495-0.000204978j 0.0050978+0.0130229j -0.00276778+0.0102531j -0.00986013-0.00242582j 8.3126e-05-0.00810631j 0.00165553-0.0026246j 0.00248687+0.000321914j -0.00147612-0.00455658j -0.00333371+0.00240459j 0.0201664+0.0149515j -0.018887+0.0201241j -0.00993592-0.00605517j -0.00831817+0.0109149j -0.00862469+0.00428829j -0.00135433+0.00929276j -0.00509515-0.0127521j -0.00364503-0.0106527j -0.0116295+0.00481042j -0.00661838-0.00747818j -0.0034638-0.000921452j 0.00508386+0.0138774j -0.0144357+0.00297784j 0.0100214+0.0050791j -0.00392598-0.0128615j -0.00038211+0.00812659j -0.00293183+0.00189666j 0.00577476-0.00474811j -0.00301221-0.00724274j 0.00752952+0.00940676j -0.00735772-0.00252853j 0.00765538-0.00924351j 0.00800503-0.0111333j 0.00102765+0.00814448j -0.00591359+0.00350144j 0.00506429+0.0101993j -0.00397612+0.00078844j 0.00525677-0.00723568j -0.00565181-0.000871747j -0.00845167-0.00414297j -0.00651161+0.00310189j -0.00792327+0.00156055j 0.00852555-0.00423031j -0.0113976+0.00391641j -0.00138809+0.00170892j 0.0166538+0.00876988j 0.00569208+0.000357391j 0.00561104+0.00860529j 0.0022464+0.00133724j 0.0033087+0.00233652j -0.00241305-0.00558441j 0.00653345-0.00197655j 0.00310198-0.00918497j 0.0111869+0.00163403j -0.00296007-0.00702609j -0.00243297-0.0098799j 0.00787605-0.00935123j 0.000833087-0.00472706j -0.00154696-0.0042981j 0.00497997+0.00494579j -0.00570769-0.000459633j 0.00345544-0.0103692j 0.00148226-0.012461j 0.000672089-0.00345806j 0.00122222+0.00397586j 0.00641896-0.00227507j 0.00234752-0.00488806j -0.00309303+0.00185136j 0.000638634+2.82502e-05j 0.00360953-0.0027182j 0.0107716-0.000555268j 0.00291941-0.0130121j -0.0048402+0.00135232j 0.0107456+0.00469706j -0.00269936+0.00124041j -0.00853224+0.0140475j 0.00205232-3.49839e-05j 0.00139638-0.00560569j -0.00381057-0.00322457j 0.0161117+0.00853067j 0.00140083+0.0181664j -0.024142+0.00542384j 0.00183527+0.0143151j -0.00664256-0.00616223j -0.00771508+0.000157204j 0.0122522-0.000380464j -0.00213774-0.0134382j 0.00454791+0.00267764j -0.0117796+0.00486725j 0.00366542+0.0110252j 0.0099145-0.00315111j -0.00222387-0.00970654j 0.00681289+0.0057658j -0.00586725+0.00646831j 
-0.0082049+0.0116648j 0.0126736+0.00846493j -0.00998508+0.0132578j 0.00725103+0.00957764j 0.010496-0.00327006j -0.00389297-0.0176526j 0.00437119-0.00488355j 0.0061062+0.0133008j -0.0137062+0.000845256j -0.00751805+0.00213888j -0.0143058+0.00838112j 0.0135966+0.00851748j -0.00321287+0.00594163j -0.0104326-0.00290571j -0.00714139+0.00713108j -0.00150318-0.00364943j 0.00312775-0.0130252j 0.00794005+0.00413278j -0.0083867+0.000525202j -0.000822641+0.00223485j -0.00656677-0.00682215j -0.000828629-0.0062356j -0.0068799+0.00797683j -0.00136443+0.00252386j -0.00026157-0.00237398j -0.003309-0.000968998j -0.00600259-0.00208247j -0.00338147+0.0135593j -0.0232329-0.0105936j 0.0030452-0.0254051j 0.0146473-0.0072784j 0.0035561-0.0120275j 0.0113379+0.0147778j -0.0136827-0.00817387j 0.0014916-0.0051387j 0.0291962-0.00643882j 0.00259651+0.019681j 0.00122026-0.0034509j -0.00168093-0.00716602j 0.00081679+0.00129434j 0.00350824+0.000602782j -0.00759642-0.00145556j 0.00603694-0.000200971j 2.01988e-05-0.0157732j -0.00903705-0.00419678j 0.00206449+0.00747727j 0.00379767-0.0127127j -0.0145297-0.00329894j -0.00676163+0.00965107j -0.00446485+0.0051516j -0.0184525+0.00516752j 0.00165398-0.0108356j -0.00255559+0.000277918j -0.00781799-0.00157768j -0.0043296-0.00268471j 0.00626763-0.00991776j -0.00157427+6.41512e-05j 0.00607551+0.017725j -0.00323551+0.00830887j -0.0104238-0.0107127j 0.00330341-0.00613402j -0.0112446+0.022227j 0.020601+0.00703884j 0.00153796+0.00816695j -0.0203581-0.00163753j -0.00359098-0.0100205j -0.000294322+0.000553727j 0.00112142-0.00486257j 0.0087946+0.00483606j -0.00882018+0.0122641j -0.0122038-0.00997323j 0.00854451-0.0125709j 0.028354+0.0113827j 0.00616322-0.0282731j -0.00989097+0.00438015j 0.0120116-0.0166188j 0.0166576-0.000773044j 0.00571867+0.0124443j 0.00648003+0.0084218j 0.014131+0.00707439j -0.00701387-0.00245501j 0.0124102-0.00813013j -0.0100539+0.0121005j 0.00556683-0.00348095j 0.00839946+0.00583867j -0.00393297+0.00836199j 0.000508475-0.0119792j 0.0021321+0.0146608j -0.0174344-0.00101231j 0.00599979-0.00638909j 0.00545305-0.014973j -0.0182024-0.00737698j -0.00955693-0.00654354j 0.00625726+0.00062681j -0.00357134-0.00565854j 0.00301751+0.000353949j 0.0146028+0.006512j 0.00452727-0.00269075j 0.00474829-0.00505318j -0.0111547-0.000570808j 0.00241744+0.00425535j -0.00419368-0.00825835j -0.00627755-0.0041771j -0.00235442+0.00056091j -0.00289527+0.0125921j -0.00524465-0.00994297j 0.000267907+0.00602291j 0.00377187-0.000387021j 0.000777578+0.000269295j -0.00619392-0.00485417j 0.00243988+0.00133048j 0.0114589+0.00847362j 0.0100567+0.00487546j -0.000726073+0.0157246j 0.00151646-0.0127052j 0.00338224-0.0064118j 0.00278171+0.0019947j 0.000872373-0.00980836j -0.00640752+0.00131775j 0.00417003-0.0022j -0.000761772-0.00907348j -0.00257612-0.00549233j 0.000356246+0.0046525j 0.00042026+0.00875565j 0.00454639-0.0126298j -0.000342937+0.00377128j 0.0108383-0.00884031j 0.00100242+0.00222054j 0.0074264+0.00657093j 0.00657596-0.00316147j 0.0041959-0.00474578j 0.0102394-0.00943198j -0.00708959+0.00528735j 0.00545867-0.00382402j 0.0131369-0.00128647j -1.28175e-05+0.013601j -0.0034452+0.00270289j 0.00969112-0.00470936j 0.0118061+0.0201317j 0.0125801-0.00375696j -0.00397809+0.0150657j 0.0226592-0.00472444j 0.0131527-0.0095113j 0.00430075+0.0139066j 0.00895991-0.00426983j -0.0122591-0.0146654j 0.000930097-0.00110361j -0.00120011-0.000685584j 0.00453009+0.00612157j 0.00211701-0.00863836j 0.0252423-0.00537695j -0.0158861+0.00410844j 0.00661551+0.0254125j -0.000906143-0.00846013j 0.00379437-0.00772613j -0.00749209-0.000773505j -0.0192631-0.00621092j -0.0054316+0.0167498j -0.00583594-0.00331949j 0.00302407-0.00552436j 
-0.00785139+0.000419101j 0.000824155+0.00793334j -0.00186604+0.00749999j 0.003752+0.00126762j 0.00141314+6.75316e-05j 0.000435124-0.00737771j 0.00414385-0.00155828j 0.00441847+0.00521682j -0.00660903-0.00176114j -0.00309332-0.00066792j -0.00641439+0.00531728j 0.00388103+0.00243816j -0.000936716-0.00168224j -0.0122281-0.00279683j -0.00640015+0.0132433j -0.00631182-0.00543044j 0.00580334-0.00750162j 0.00949387+0.0076461j 0.00376442-0.0060107j -0.00070291-0.0139586j -0.00496674-0.00565727j 0.00356212-0.0103628j 0.00105352+0.00942141j -0.0186318-0.00803989j 0.00214246+0.00654595j 0.0163638-0.0141011j -0.0144303-0.00933559j -0.00139979+0.00556498j -0.00926854+0.00611286j -6.88225e-05-0.00910071j -0.0245518-0.00158851j 0.00198396+0.0242104j 0.0155678-0.00790144j -0.011217+0.000886117j 0.0105441-0.0112305j -0.0140204-0.0166627j 0.00588912-0.0219502j 0.00306541-0.000954251j -0.00876816-0.00369732j -0.0038827+0.00738975j -0.0134493+0.00685219j 0.0223146+0.0145207j 0.00519092+0.00244018j 0.00948635+0.017049j 0.0027307+0.0046227j 0.0015198-0.0032752j -0.00136321+0.0151895j 0.00666375+0.00408219j 0.0133941-0.00548885j 0.00663987+0.00811771j 0.0110905-0.0204738j -0.00333032+0.0106008j -0.00309742+0.00440641j 0.0103493-0.00660916j 0.0059538-0.0024928j -0.00833696+0.0150784j 0.00333666+0.00146522j -0.0172453+0.00285854j -0.00709264-0.00523411j 0.0176886+0.0151565j -0.00839989+0.0212289j 0.0151307-0.0223162j -0.030913-0.00847739j 0.0202005+0.00139529j 0.00774463+0.0208285j -0.00352604-0.00241576j -0.00263682-0.00429692j -0.0019692+0.00779999j -0.00911051+0.0150839j -0.018484-0.00940524j 0.00376924-0.00721603j 0.00685762+0.00434562j -0.00933319+0.0152439j 0.0100216+0.0123483j 0.0113864+0.00141407j 0.0116619-0.00513251j -0.010664+0.00588297j -0.00378302-0.0109387j 0.00108079+0.0194507j 0.0206648+0.00468749j -0.00293664+0.00877623j 0.00978719-0.00285392j -0.0106234+0.0128005j 0.000252304-0.00658403j 0.0132447+0.0105377j -0.0131773+0.00894359j 0.00280315-0.00913766j 0.0187408-0.00202429j -0.00122585+0.0137103j -0.000752045-0.0187457j -0.0032959+0.00225381j -0.0129229-0.0101991j -0.00563156-0.00117508j 0.00272363+9.08329e-05j 0.00634485-0.0117686j 0.000863491+0.00207416j -0.00298687+0.00164334j 0.00521527+0.00402084j -0.000876148-0.00807312j -0.0185943-0.0110853j -0.00431053-0.00480944j -0.00327345-0.0103233j -0.00837554-0.0109973j -0.00850687+0.0040353j -0.00265322-0.0011684j -0.000969629-0.00179707j 0.00422434+0.00188636j 0.00743574-0.00827036j -0.00420163+0.0135147j 0.00450378-0.00301838j 0.0044984-0.00361524j -0.00544058+0.00101031j -0.000846965-0.000559505j 0.000537999+0.0109757j 0.00468118-0.00824784j -0.00122744+0.00438719j -0.00602531+0.0134864j -0.0071146+0.00218554j -0.00395667+4.63503e-05j -0.00389813-0.0041922j 0.000449492-0.00438504j 0.00398405-0.000755088j -0.00541592+0.0039937j 0.00393128+0.000971584j 0.00365845-0.00282957j -0.00919587+0.00236365j 0.0103909-0.00998565j 0.0122732+0.004347j 0.0103957+0.0075884j 0.0132449+0.00858789j 0.00456318-0.00644266j 0.00593156-0.00741186j -0.00423314+0.00778417j 0.00943941-0.0147241j 0.00778705+0.00922017j 0.00195448+0.00388009j -0.00326617-0.00583596j -0.0174482-0.00126178j 0.01259+0.00827233j 0.0025947-0.0219534j 0.00634979+0.0106765j 0.0211925-0.00749007j 0.000378652-0.00201504j -0.00411487+0.00307091j -0.00115724+0.0014345j -0.0101406-0.0114471j -0.00652944-0.00781804j 0.00463413-0.0131334j -0.00934814+0.00198341j 0.00690933-0.00204041j 0.0121604+0.00415647j -0.0113636+0.00156533j 0.000914729+0.0137168j -0.000350923-0.00204539j 0.00532988-0.00559509j -0.00505887-0.00413442j -0.00923959-0.00178799j -0.00162373+0.00849707j -0.00558531-0.00482048j 0.00476719-0.00531652j 
0.00576169-0.00350948j -0.00230993-0.0059474j -0.0103572+0.0130959j 0.0143367+0.0120425j 0.0226092-0.0154052j -0.0128496-0.0118316j -0.00699621-0.0141533j 0.0049964+0.00939265j -0.00312118+0.0158522j -0.0145513+0.00337991j 0.000964778-0.0120534j 0.00909319-0.00323717j 0.00746707+0.0178043j 0.0151658+0.0135795j 0.0215572-0.012053j 0.00181735+0.00909958j -0.00858156+0.0154257j -0.0124566-0.00655337j 0.00874065+0.0020188j -0.00145762+0.0016102j 0.0107884+0.00569945j 0.000686608+0.0149625j 0.003508-0.00883766j 0.00702595-0.00657157j 0.0107783+0.00471153j 0.00692011-0.00417693j 0.00775364-0.000681804j -0.00218369-0.013619j 0.00749367+0.00253067j -0.00881873+0.00861119j 0.00600948+0.00735588j 0.00444452-0.00927226j -0.00358119-0.00927112j 0.00135053+0.00273328j 0.0055824+0.00559848j -0.0142728-0.0096081j 0.0157961-0.0115351j -0.00557185+0.00215885j -0.00430245-0.0117924j -0.00156106+0.00871998j -0.00588736+0.00606025j 0.0102827+0.00622922j 0.00763196-0.00441675j 0.00698829-0.000350412j 0.00208986+0.00079038j -0.012625-0.00344548j 0.00216587+0.00168263j -0.00187868+0.00213492j 0.00163576+0.00180538j 0.00315761+0.00428531j -0.00247245-0.00862108j -6.60324e-05+0.00587546j -0.00341905-0.00576707j 0.000136663-0.0130919j 0.000178897+0.00505736j -0.00832211+0.0103845j -0.00158869-0.00965365j -0.00733604+0.00294743j -0.00555157-0.00350973j 0.0109675+0.00480583j -0.00276929+0.00156021j 0.0139229-0.00561188j -0.0025662-0.00967847j 0.00176702+0.00268944j -0.000785148+0.00338865j 0.000223065-0.00152037j 0.00883663+0.00626283j 0.0078412-0.00772498j 0.00135577+0.0117785j -0.00925141-0.00159549j 0.0048427-0.00334751j 0.00404143+0.00636981j -0.00825453+0.00837207j 0.00835527+0.00751583j 0.00189238-0.00518293j -0.00318295+0.00497852j -0.00737843-0.0058714j 0.00536227-0.0062815j -0.00662022-0.00721235j -0.0143271+0.00399886j 0.000332208-0.00638533j -0.00112022+0.00509366j 0.00353152-0.00922347j 0.0052191+0.00442794j -0.00768333-0.00348324j 0.00625214-0.00435471j 0.00517502+0.0102798j -0.0106692-0.00834298j 0.0129561-0.0102985j -0.00601761+0.00591269j 0.0051279+0.0133221j 0.01329-0.00576692j 0.00731899-0.000332935j -0.0109609+0.00286222j 0.000178328+0.0106276j -0.0066309-0.00552857j -0.000904089+0.00317688j -0.00830516+0.00529626j -0.00743896+0.00965315j 0.0111871+0.000176664j 0.0047594+0.00353304j 0.00234421+0.000243918j 0.00804147+0.00483743j 0.00577523+0.000942822j 0.00137447+0.00125722j 0.00505186+0.00723371j -0.00124498-0.00619837j 0.00250329+0.0056169j -0.0051197-0.00458466j 0.0076481-0.000405251j 0.000724723+0.000633101j -0.0137034-0.00702016j -0.00734455-0.000828681j -0.0058291-0.0162718j 0.000201029+0.00842297j -0.000231754-0.00143728j 0.00515068-0.00486478j 0.00208227+0.00231291j 0.000371493+0.00689176j -0.00335839+0.00245267j 0.00327247+0.00938967j -0.00193468+0.00832735j -0.00176426+0.00149577j -0.00612036+0.00120396j 0.00151216+0.0104182j 0.00230987-0.00708581j -0.00419112+0.00737165j -0.0088659+0.00235929j -0.0107481+0.0030094j -0.011413-0.00247053j -0.00264566+0.00232194j -0.0110451+0.0116863j 0.000318915-0.00340941j -0.00335663+0.01181j -0.00619498+0.00213875j -0.00666391-0.00431258j -0.00481226+0.00261647j 0.00375148+0.0127491j -0.0117644-0.0107236j -0.0146762+0.0102935j -0.00330681-0.0131523j -0.0129472-0.00215283j -0.00338497+0.00777457j 0.000819331+0.000200057j 0.00143911+0.00476682j -0.00109015+0.00532401j -0.000261145-0.00702786j 0.0170945-0.000336438j 0.00130515-0.0171209j 0.00226623+0.00992035j -0.0111825-0.00298484j -0.00056826-0.00157594j 0.00130842-0.00459186j -0.0055377+0.0014942j 0.00973033+0.00265332j 0.00325549-0.0101652j 0.00228059+0.00905018j 0.00812388-0.000916559j -0.00099165-0.00108323j 0.00147931-0.000922008j 
-0.00110359-0.00701275j -0.00643442+0.00257898j -0.0149898-0.0125124j -0.0095556+0.00882083j 0.0109334-0.00397417j 0.00155669+0.00950602j -0.0129198-0.00211586j -0.0133425-0.00754102j 0.0170162+0.00334045j -0.00456991+0.00468825j 0.013634-0.0307771j -0.0186493-0.0048602j 0.00736257+0.00247161j -0.00790626+0.011548j 0.0100113+0.016742j -0.00977566+0.00134383j -0.000284281-0.00542653j 0.00802768+0.00161496j 0.0082218-0.0085902j -0.00655124-0.015851j -0.00211647-0.00352167j 0.00485542-0.00309407j 0.00316981+0.00725158j -0.0201821-0.0113525j 0.0159518+0.00781667j 0.0179144-0.0270699j -0.0156727-0.00611149j -0.00306976-9.64196e-05j -0.0111794-0.000181499j -0.00930822-0.0070758j 0.0104212-0.0128763j -0.00796342-0.0125451j 0.00723129+0.00494595j -0.0094896-0.00392925j 0.00111258-0.00373098j 0.0161348-0.0085264j 0.00346448+0.0123341j 0.00636635+0.00411331j -0.0020062-0.00586754j 0.00171827+0.000400534j 0.00375048-0.0057359j -0.00896879+0.00305673j 0.00864146+0.000857897j -0.0027126-0.0130601j -0.00525601+0.00189957j 0.000719098+0.00886755j -0.000285676-0.00805247j -0.00842113-0.00327332j -0.00333213+0.005306j -0.00132807+0.00480777j -0.00774283+0.00391407j 0.00266613-0.00946278j -0.00259029+0.00254728j -0.00548451-0.00167452j 0.000566312-0.00286702j 0.00432595-0.00654746j -0.00273184-0.00029824j 0.00327607+0.00919188j 0.00186175+0.00743344j -0.00632249-0.00462145j -0.000737144-0.00789787j -0.00665324+0.0181307j 0.0182524+0.00471941j 0.00209967+0.00960864j -0.0137458+0.00305542j -0.00550737-0.003559j 0.00226729-0.00627525j -0.0057845-0.00402393j 0.00370985+0.00723658j -0.0116897+0.00469999j -0.00309247-0.00565574j 0.00588993-0.00243268j 0.0130073+0.0132281j 0.0113803-0.0128163j -0.00349079-0.00454231j 0.00123322-0.00643979j -0.0130622-0.00257297j 0.00347735-0.014995j 0.00505638+0.0117864j 0.0168008-0.00216448j -2.68729e-05+0.00723853j 0.00759363-0.00870031j -0.00351833+0.0134809j 0.00213707+0.00135343j 0.0115281+0.00183312j -0.00241694+0.0148606j -0.000906143-0.00365655j 0.00940779-0.0048445j 0.00311474+0.00888713j -0.00480631-0.0175784j -0.0033143+0.00539385j -0.0159537-0.0108594j -0.00212113-0.00180835j -0.000282842+0.00252615j -0.000462656-0.00730847j -0.00445913-0.00141426j 0.00181859+0.00410362j -0.000672973+0.00730676j -0.00461872-0.00126511j -0.0166765-0.00953789j -0.00252012-0.00494j -0.005758-0.0115163j -0.00355323-0.00891031j -0.00928818+0.00479717j -0.00184467+0.00431306j -0.000553755-0.00074602j 0.00546863-0.00354982j 0.00664117-0.00764526j -0.00816616+0.0129184j 0.00833073-0.00646557j 0.00446718-0.00624336j -0.0148852+0.000691489j -0.00509931-0.000947226j -0.00218852+0.00603815j 0.00302332-0.00891912j -0.00425083+0.00146881j -0.00180255+0.0096351j -0.00902018+0.00329687j -0.00515971+0.00866241j -0.00698637-0.00369895j 0.00238165-0.000961176j 0.0040262+0.00257803j -0.00571753+0.00630733j 0.000692711+0.00448756j 0.00396084-0.00268919j -0.00914941-0.00174085j 0.0131333-0.00808143j 0.00756855+0.00795255j 0.00935519+0.00795887j 0.00980456+0.00951512j 0.00343536-0.00854604j 0.0016539-0.00478536j -0.00384701+0.0111245j 0.00811-0.014446j 0.0124914+0.00738512j -0.00048049-0.000753602j -0.0117058-0.00395812j -0.0141102+0.00550397j 0.0147872+0.00166623j -0.00855479-0.0175467j 0.00646602+0.00374442j 0.01805-0.01769j -0.000659544-0.000729261j 0.000231208+0.0102527j 0.00220436+0.00499571j -0.0157863-0.0113473j -0.0137989-0.0167706j 0.0183263-0.0224787j -0.013567-0.00680876j 0.0102798-0.000862711j 0.0172034+0.00386336j -0.0144991-0.00272079j -0.00126715+0.0186278j -0.00285392-0.00455301j 0.0142899-0.00906019j -0.00915552-0.0128964j -0.00668796-0.000519917j -8.29538e-05+0.00619011j -0.00199705-0.00816432j 0.00850454-0.00183383j 
-0.0138627-0.0238292j -0.0240643+0.0135412j 0.00258583+0.0056487j 0.00389494-0.00261039j 0.00241932+0.00221713j 0.00265704-0.00131201j 0.0024974-0.00527156j 0.00372764-0.00257845j 9.93347e-05+0.00207483j -0.00713888-0.00124488j 0.00703132-0.00950989j -0.00691943-0.00748094j 0.0047593-0.00352936j 0.00213912+0.0114405j 0.00962601-0.00341139j 0.00556014-0.00398977j 0.00738044+5.39334e-07j 0.00399485+0.00414406j -0.00394255-0.0018844j -6.30059e-05+0.00137316j 0.00182017-0.00288417j -0.00281327-0.00257542j 0.00015663-0.00614579j 0.000698142+0.00614546j -0.00232015+0.00221168j -0.00213346+0.00824798j 0.00271117-0.00188182j -0.00250758+0.000429101j -0.00943875-0.00236786j -0.0129916-0.00203747j 0.00962239-0.0132064j -0.00864835-0.0140485j -0.00267988-0.0124656j -0.0041251+0.00617742j 0.000407374+0.0136513j -0.00909872-0.00257213j 0.0113415-0.00562221j -0.00402837+0.0176127j 0.00765644-0.0076234j -0.00191063+0.00347709j 0.0161856-0.00928498j -0.00584834+0.00401638j 0.0121378+0.00543734j 0.00135678-0.0068734j -0.00421825+0.010792j -0.0114203+0.00379591j -0.00693338-1.59396e-05j 0.00533169-0.00146427j -0.000541716-0.00476423j 0.00116541+0.00431123j 0.00888645+0.00148873j 0.0100761+0.00380343j -0.00363924+0.00189265j 0.00183312-0.00406142j 0.00716478+0.00186757j -0.00587435-0.00144234j -0.00571534-0.00856899j -0.00291546-0.00695649j 0.00743419+0.00764757j 0.00575889+0.00977055j -0.00314918-0.0113733j -0.000983837-0.00125278j 0.00766013+0.00633755j -0.00318187+0.00452637j 0.00164966+0.00111727j -0.00650376+0.000744208j -0.0042139-0.0192899j -0.0133236+0.00453615j 0.0109309+0.0163858j -0.0207844+0.0141867j -0.00495761-0.00491317j 0.00379056+0.000906976j -0.026691+0.0115954j 0.0178212+0.0277054j 0.00852712-0.0187566j -0.0107253+0.0109767j 0.0108318+0.000308422j -0.00545383+0.0147057j 0.0084132-0.00716847j 0.00163735-0.0261299j 0.0181167+0.00915952j -0.0198295-0.0108885j 0.0253311+6.97759e-06j -0.000111268+0.0071566j -0.0115085-0.0211908j -0.0102889-0.0106304j -0.0172528-0.00133581j -0.00455669+0.018783j -0.0151252+0.00432385j 0.00144821+0.00393024j -0.000539297+0.00231404j -0.000194564-0.0119063j -0.00433756-0.000873798j -0.00957036+0.0126546j -0.000346309-0.0227998j -0.0092293-0.00928487j -0.00851988+0.00301404j -0.012318+0.00533617j 0.00399591-0.00837234j -0.000665297-0.00155892j -0.00323696+0.000994272j 0.00590089+0.00929462j -0.00945981+0.00958694j -0.00142889+0.00630687j -0.00344995+0.01092j -0.00171802-0.00778684j -0.00016969-0.00965103j 0.00469034-0.0127772j -0.0010389-0.00424032j 0.00550707+0.00037689j 0.012653+0.00969986j -0.0121975-0.00218383j -0.00610992-0.0114245j -0.00929089+0.000314813j 0.00417873-0.00297466j 0.00105238-0.00985754j 0.0240272-0.0111033j 0.00589904+0.00286553j -0.0197961+0.00369867j 0.0291253+0.00187451j -0.00252788+0.00511972j -0.0097946-0.0141314j -0.00254493+0.0065996j 0.0032082-0.010996j 0.0104145+0.0037179j -0.00350948-0.0126302j 0.00444199-0.00244725j 0.000719564+0.0017084j 0.00377591-0.00893048j 0.00128821-0.00495813j -0.0032353+0.0065521j 0.00248531+0.000645974j -0.0112327-0.00863234j -0.00270517+0.00336798j 0.00173389+0.0195225j 0.0126829-0.00575562j -0.0031151-0.0188416j 0.0126219-0.000873745j 0.00527047+0.0112171j 0.00271487-0.0033849j 0.016094+0.00377409j 0.000513949-0.00908599j -0.00328193+0.0011954j -0.00433576+0.0124625j -0.00599774+0.00645819j -0.00751062+0.0243186j -0.0275816-0.0100172j 0.00746679-0.00316421j 0.0113538+0.00550393j -0.0319767+0.0114179j -0.00919976-0.0277757j 0.0197871-0.015757j -0.00289941-0.0225514j -0.0137353-0.00847068j 0.0234023-0.0252409j -0.0270061-0.0271499j 0.0166093-0.0116523j -0.0123068-0.0141597j 0.0170437-0.00946178j 0.00961775+0.0143465j 
-0.0411593-0.00200061j -0.00312366+0.0375211j 0.0102112-0.00208131j 0.000997071-0.00967158j 0.00873544-0.00283923j -0.00027724-0.00433991j -0.00646218-0.00883236j 0.00219096-0.0071537j 0.00418022+0.00430295j -0.0129712+0.00492342j -0.00183461-0.0176862j -0.0164353+0.0018731j 0.00190403-0.01041j 0.022925+0.0138736j 0.0116719-0.0252398j -0.00165938-0.00325124j 0.00109571-0.00693621j 0.011371-0.010895j -0.00226184+0.00693483j 0.00192147-0.004324j 0.00572231-0.00537771j -0.0144446+0.00731251j -0.00759993-0.00879824j 0.0125129+0.00378443j -0.000835143+0.0175606j 0.0167531-0.000510416j -0.00143839-0.0167714j -0.00560923-0.000164543j 0.00151958+0.025319j -0.0203306-0.00258971j -0.0182467+0.00532076j 0.00471654+0.00915136j -0.00583988-0.00448681j 0.00317008-0.00331331j 0.00411899-0.00317666j 0.0112176+0.00674399j -0.0115374+0.00385409j 0.00393646-0.000218969j 0.00447625-0.000651671j 0.00314844-0.00345018j 0.00306963-0.00286052j 0.0060244+0.00762999j 0.00397795+0.00392392j 0.000410845-0.00533888j -0.00317628+0.00617503j -0.00427741+0.00799677j -0.000383015-0.00191666j 0.0111015-0.00286017j 0.000910231-0.0073418j -0.00094853+0.00410962j 0.0122757-0.00529346j -0.00202769+0.00209684j 0.00431846+0.00858876j -0.00282034+0.00414022j -0.00690533+0.00642757j 0.00387215+0.00160578j 0.00182157+0.00344616j 0.000661501-0.00638388j -0.00188203-0.00824737j -0.00201416-0.00433148j 0.00387112-4.17653e-05j -0.00082594-0.0017753j -0.00315071+0.0109903j 0.0056063-0.00622625j 0.00661473+0.0114513j -0.00854361+0.00718383j 0.0206304+0.00693164j 0.00384719-0.0148782j -0.0254535+0.00492705j -0.0010078-0.0345714j 0.0233623+0.00298319j 0.000357567+0.0166977j 0.0146314-0.0169901j -0.0160887-0.0124588j 0.00406209-0.00589138j -0.0292059-0.0221066j 0.00843778+0.00487165j -0.0125799+0.00266211j 0.00369064-0.00909437j 0.00632757+0.00747553j -0.0116383+0.0296292j 0.016587-0.00746341j 0.00530242-0.0122901j -0.00686257+0.00438442j -0.00114082-0.00467497j -0.0114503+0.0207602j -0.00355603+0.000508819j -0.00710276+0.00492175j -0.00233976-0.0122456j 0.00992488-0.0153934j -0.00821779-0.00340748j -0.00530408-0.0183948j 0.00556424-0.0043556j -0.0174625-0.0086633j -0.00831047+0.00867878j -0.0180143+0.00250398j 0.00218466-0.00482259j 0.0142488+0.000694349j -0.0109819+0.00801567j 0.00938588+0.0131542j -0.00837599+0.00875066j -0.00262681-0.00541732j 0.0212158-0.00944158j -0.0065184-0.00753266j -0.0284904+0.0116637j -0.0206206-0.00260972j 0.000819499-0.00212865j -0.00369532+0.00542559j 0.0011097+0.00216018j -0.00774041-0.000298237j -0.011466-0.00670824j -0.00326517-0.00290906j -0.00400513-0.00146801j 0.00385133+0.00261807j 0.000408606+0.0108607j -0.00565588-0.0105136j -0.000577364+0.00955841j -0.00375357-0.00159758j 0.00319862+0.00645794j -0.00223723+0.00760791j 0.00186853-0.00352499j 0.000988431+0.000819545j 0.0038401-0.0105515j -0.00743858+0.00125724j 0.00121074-0.00232983j 0.015069+0.0047421j 0.0190557+0.00196063j -0.00353164+0.00279696j -0.00258907-0.0128162j -0.00488512-0.00480174j 0.00713591-0.000780166j -0.0240284-0.000193248j 0.00312961+0.011169j 0.0105065+0.00343581j 0.0186482+0.00627217j -0.0128322-0.00940966j -0.00268479-0.0115027j -0.00154291-0.0282648j 0.00399-0.0198598j 0.00512176+0.0155509j -0.0212296-0.00202554j 0.00864201+0.00445148j -0.00388031-0.0025218j 0.0103007+0.0170664j -0.00551131+0.0142097j -0.00206714-0.0268782j 0.0072802-0.00263337j 0.00232341+0.00587979j 0.0081779-0.000971573j 0.00017307-0.0174358j 0.0215384-0.0167854j 0.00296089+0.00421503j 0.0174425+0.00452814j -0.0178754+0.00837857j 0.00881952+0.00406955j 0.00608455-0.0155963j 0.0493714+0.0284524j 0.017966-0.0472883j -0.0283611-0.0521681j 0.0531626-0.0271874j 
0.00545869-0.00487505j -0.00505241-0.00282607j -0.000968786+0.00226161j -0.000795435+0.000398765j -0.00409392+0.000890919j 0.000482483-0.0017858j 0.000761622-0.000457372j 0.000560981+0.00141168j -0.00189013-0.00170865j 0.000174759-0.00100131j -0.00175274+0.0030154j -0.00140533+0.000160765j 0.000275559+0.000486004j -0.00125088-0.00788131j -0.00275301+0.00294519j -0.00213622-0.00215058j 0.00351828+0.00842608j -0.00172709+0.0032005j 0.00646337-0.0030025j -0.00407734-0.00433253j 0.00575896-0.00197492j 0.00369941+0.00387295j -0.00254384-0.00395462j -0.000236826-0.00159342j 0.000880122+0.00636882j 0.0060593-0.00604097j -0.000924851+0.000938361j -0.00426218+0.000741501j 0.0136581+0.00352904j -0.00771913+0.00974313j 0.00683159+0.00863954j 0.00246953-0.009732j -0.0015261-0.00263326j 0.0122756+0.00245445j -0.00433379+0.0100417j 0.000661449+0.00180342j 0.00765556+0.00568742j -0.00152871-0.000515895j 0.0023539-0.00503324j -0.00149342-0.000145902j -0.00211654+0.00259641j -0.00567556+0.00217507j 0.00511025-0.0077163j 0.000875202-0.00514352j -0.00177745+0.0038577j -0.00950275-0.00213914j 0.000795016-0.00393067j -0.00521255-0.00232514j -5.55111e-05-0.000113503j -0.00183444+9.213e-05j -0.00288571+0.00154997j 0.00225018+1.91236e-05j -0.00456719-0.00529287j -0.00154923-0.00237185j 0.0014043+0.0019289j 5.26681e-05-0.000694117j -0.00045807-0.00671121j 0.00411633-0.00105166j 0.000124093+0.00308108j -0.00226301+0.00175095j 0.0012009-0.00819906j 0.00432304+0.00327675j 0.00405848+0.00104075j -0.00514894-0.000811513j 0.00177698+0.00323063j -0.00529299-0.00771408j -0.00507335+0.00402753j 0.00337982+0.00356846j 0.00555669-0.00357499j 0.00053852+0.00239419j -0.000331399-0.00112659j -0.00355273-0.00273852j 0.00118834-0.00374814j 0.00451279+0.00255244j 0.00442029-0.01096j -0.0162939+0.00672251j -0.00614135-0.000162984j -0.00518212-0.0059945j -0.00949747-0.00658098j -0.00342802+0.00662047j -0.00578143+0.0116029j 0.000876119-0.00375515j 0.00520646-0.0112674j -0.0195145+0.00303666j -0.00505152-0.00152042j -0.00194274+0.00388691j -0.00383599-0.00045138j 0.000357155-0.00843049j 0.00537558+0.00359068j -0.00354613-0.00673055j -0.0154486-0.000921767j -0.000694578+0.00847601j 0.0103536+0.00648454j -0.00146745-0.00776227j -0.00144856-0.000849384j -0.000539607-3.91346e-05j -0.00493801-0.00650291j 0.00241593-0.000306486j 0.00116255+0.00683938j 0.0028138+0.00327031j -0.00605311-0.0151589j 0.00081028+0.00726889j 0.00771604-0.00026111j -0.00470645-0.00778479j -0.00615626-0.00915464j 0.00277803+0.00331938j 0.00406707-0.00289367j -0.00490943-0.00778163j 0.000164414+0.00135685j 0.00534514-0.000527066j -0.00566324-0.00121223j -0.00643659-0.00129893j -0.00513937-0.00689126j 0.0012109-0.00157222j -0.000972559+0.00217398j -0.00224672+0.000250445j -0.00413745+0.00118556j -0.00270131+0.00381727j 0.00145635+0.000222221j -0.00120924+0.00868037j -0.00245209-0.000711833j 0.00869237+0.00257776j -0.00368968-0.00834783j 0.0023915-0.00444462j -0.00418704+0.00200994j 0.00588775+0.000846257j 0.00632372+0.00831952j 0.00500303-0.000234449j -0.00470733-0.00580105j -0.000556642+0.00184931j -0.00349013-0.00330278j 0.00116431+0.000662678j 0.0066607-0.0054871j -0.00100291-0.00602874j 0.00181412+0.00727106j 0.0106491-0.0116383j 0.00405305-0.0146303j -0.00180086+0.00142858j -0.0040093-0.00785712j -0.00980327+0.00316046j 0.00488716-0.00221236j 0.00209379-0.00271908j -0.00724893-0.00618749j -0.00346353+0.0030429j -0.00324038+0.00930853j 0.00136252+0.00571285j -0.0203128-0.00807295j 9.83253e-05-0.0110467j -0.00724369+0.00536315j -0.00912126+0.00170415j -0.0186987-0.00563892j 0.0195119-0.018029j -0.006599-0.0215042j -0.00908202+0.0150871j 0.00225616-0.0152624j -0.0157744-0.0036711j 0.000537357-0.00759752j -0.00435821+0.00398852j 0.0148487-0.00888926j 0.00887276+0.0174734j 
0.00762698+0.00508119j 0.00466723-0.00846668j 0.000950017+0.00580362j -0.0014937+0.00548147j -0.00713891+0.000887983j -0.000729473-0.00110412j -0.000963882+0.00210186j 0.00247596-0.00149285j -0.00372573-0.0054079j 0.00171881+0.00565442j -0.00277636+0.000138512j 0.00124666+0.0031588j -0.00281314+0.00385239j -0.00402627+0.003767j 0.00288899+0.00482597j 0.000445227+0.00724454j -0.00115944+0.000614206j -0.00330632+0.00544843j 0.00375389+0.000343907j -0.00166019-0.00148567j 0.00234543-0.00130242j 0.00099044+0.00330187j -0.000198417+0.00117144j -0.00268355-0.0044149j 0.00685063+0.00221402j 0.00253511-0.0046103j -0.0033198+0.00213925j -0.00336806+0.00495797j -0.00692292+0.00155566j -0.00536239-0.00555759j 0.00549622+0.00405519j 0.00538482-0.00892765j 0.00132737+0.00475295j -0.00792549+0.00776483j -0.00617444+0.00110708j -0.000586797-0.00197256j 0.00763099+0.00300166j 0.000610742+0.00349105j 0.00267799-0.00116366j 0.00450866+0.00609682j 0.00335112+0.00283398j -0.00280891-0.000639336j 0.00343102+0.0011206j 0.00148446-0.00738142j -0.000272304+0.00629791j -0.00919578-0.00256464j 0.00138234-0.00233576j -0.00181594+0.00240977j -0.000306223-0.000703085j -0.000446414+0.00272945j -0.00476148+0.00458929j -0.00138048-0.000214805j -0.00154141-0.00211142j -0.00175693-0.00259293j 0.00082978-0.000611147j -0.00332627+0.00424641j -0.00216661-0.00402318j 0.000442237-0.00194728j 0.00543671-0.000404044j -0.00269832-0.000822983j 0.000448476-0.00455959j -0.000555979-0.00019011j -0.00185301-0.000782354j -0.00293283+0.00479725j 0.000428478-0.00288539j -4.39621e-05+0.00247528j 0.0036243+5.18321e-05j -0.00417572-0.00106333j -0.00349412+0.00017674j -0.0016432-0.00869717j 0.000390271-0.00304681j 0.00641187+0.000203617j -0.00206871+0.0132516j 0.00230389-0.000313418j -0.000807999+0.00858285j 0.00434071+0.003236j -0.00416337-0.0047048j 0.00379647-0.00241711j -0.00661339-0.00139643j -0.0110645-0.000474545j 0.0104722-0.00733866j 0.0181973+0.0130594j 0.00818229+0.00668113j 0.00148823-0.0031493j -0.000621398-0.0095209j 0.0134177-0.000217203j 0.00428972+0.0216681j 0.00653497-0.00456918j 0.00974593-0.00180235j 0.00925895-0.00571772j -0.00423655-0.00412808j 0.0049607-0.00542977j -0.00312267+0.00661059j -0.0022086-0.0060101j 0.00778766+0.0017021j 0.00157914+0.0100733j -0.0016133+0.00179685j -0.00113272-0.005038j -0.00217126+0.00118913j -0.00971135-0.00227987j -0.000347668-0.00368687j -0.00310357-0.00943607j -0.000736486+0.00108867j 0.00816912+0.00514853j -0.00193786-0.00545281j 0.00339377+0.00415774j -0.00453271-0.00218094j 0.00463113+0.00815207j -0.00294806+0.00153215j 0.00372739-0.00813317j 0.00486457+0.00235753j -0.00108483-0.00451747j 0.000957484-0.00326587j -0.00304397+0.00372365j 0.000908914+0.0059872j 0.00388358+0.00850406j 0.00189864+0.00199521j 0.00278851+0.00120857j -0.00387913+0.00153545j -0.00406719+0.00901015j 0.00255046+0.00219179j 0.000760734-0.00152078j 0.000873185-0.00396583j -0.000653412+0.00559828j 1.05777e-05+0.0049647j -0.000878442+0.000782714j 0.000533324-0.000942914j 0.00470802-0.00207875j 0.000812216+0.00411467j -0.00161044-0.0032656j 0.00393783-0.00594808j 0.00109065+0.000896653j 0.00174655-0.000576601j -0.0102718+0.00619524j -0.00508454+0.0101331j 0.00400565+0.00231424j -0.0019306+0.00498941j -0.00990698+0.016035j -0.0145994+0.00263629j 0.00100976-0.00578246j -0.00448338+0.0119816j 0.00457876+0.00246325j 0.00586924-0.00489048j 0.00477756-0.0119319j -0.00743226+0.00319366j -0.00678357-0.00272246j -0.00874916+0.0102649j 6.55951e-05-0.00981411j 0.00977312-0.00886873j 0.0185348+0.0120056j -0.00972991-0.012033j -0.00160957-0.00697138j -0.00120921-0.00183385j -0.0292711-0.00251201j 0.00220743-0.0157911j -0.012021-0.0019551j -0.00426957+0.00137989j -0.00435636-0.00222824j 0.0153223-0.00151587j -0.000552038+0.0144966j 
-0.00934849-0.0145127j -0.012432+0.0101045j -0.000439626+0.0105591j -0.00108276-0.000393531j -0.00248638+0.00263879j -0.00111576-0.00353178j 0.00172103-0.00424746j -0.000930031-0.00210372j -0.00042158+0.00124604j -0.00691639+0.00563605j 0.00477266-0.00496483j -0.00773124-0.00379508j -0.000326138+0.000155361j -0.00775928+0.0015136j 0.00270056+0.00294357j -0.00911891+0.00237049j -0.00237279-0.000615588j -0.00489868+0.000688674j -0.00189709+0.000725197j -0.00376442-0.00319361j 0.00678907+0.00370462j -0.0058227+0.0043577j -0.00341821-0.00869463j 0.00268423+0.00440579j -0.00763457+0.0107498j 0.00182152+0.00562066j -0.00223482-0.00213253j -0.00907985+0.00293387j 0.00242565-0.0020213j -0.00443322-0.0020809j -0.00191265+0.000469771j 0.00289524-0.000530853j 2.6378e-05-0.00671392j -0.00475392-0.0117757j 0.0041581-0.00202242j 0.0134246-0.00580382j 0.000531001+0.012361j -0.00387028+0.00419341j -0.00369853+0.00224272j -0.00455908+0.0034258j 0.000860794+0.00567782j 0.00314484+0.000997228j 0.00121604-0.00247199j -0.00299898+0.000124329j -0.00138792-0.00198037j 0.00468216+0.00623725j -0.00343309-0.00389713j -0.00466219-0.00379852j 0.00245792+0.00482338j 0.00390846+0.00592137j -0.00588301+0.000360649j -0.00372977-0.00216838j 0.000233946+0.00108626j -0.000708369+0.00457587j 0.00207872+0.000354173j -0.00279132+0.00323875j -0.00164085+0.00639866j 0.00226217+0.000732187j -0.0029311+0.00270154j -0.0029688+0.00116767j -0.00535316+0.00548172j -0.00657523+0.00181063j -0.00501784+0.00116783j -0.000327145-0.00226239j 0.000963739+0.00587183j -0.00469568-1.71876e-05j -0.0031394-0.00363888j -0.00342397+0.0059196j 0.0046496+0.00658745j -0.0068592+0.0034825j 0.00860083+0.00658141j -0.00949246+0.00790536j 0.000327367+0.00466613j 0.00543105-0.00352904j -0.00170905-0.00055393j 0.00194264-0.00620689j 0.000288587-0.00350815j 0.00609194-0.00465879j 0.00446183-0.00416382j 0.00344377+0.00397731j -0.0146206+0.00289488j -0.00736193-0.00291662j -0.00815888+0.00473077j 0.00415842+0.00233696j 0.013578+0.0105722j -0.00809576+0.00527751j -0.00501783-0.0121232j -0.00160411-0.00288165j 0.00940137+0.00527049j -0.00193268-0.0012354j 0.00175806+0.00763074j -0.00441126+0.000207217j 0.00120807-0.0164796j -0.00178283-0.00387558j -0.00425133+0.00671901j -0.00518628-0.010328j 0.00283996+0.00203587j 0.00297024+0.00246889j -0.00094128+0.00841414j 0.0030345-0.00360355j -0.000901484+0.00248533j -0.00196165-0.000750617j 0.00493143-0.00573021j -0.00774666-0.0034844j -0.00222115-0.00116548j 0.00395757-0.00587351j 0.00480279-0.00198931j -0.00434246-0.00170421j 0.000973756+0.00135613j 0.00223158-0.00109403j -0.00460894-0.000595745j -0.00333689+0.00562224j -0.000750102+0.00826393j -0.00355877-0.00493432j -0.00921278-0.00142354j 0.00170513-0.00426971j -0.00344112+0.00741099j -0.002805+0.00136313j -0.00207262+0.00270604j -0.00279966-0.00417749j 0.000448092+0.0016103j 0.00384458-0.00332179j 0.00247009-0.00343842j 0.00079256-0.00250234j 0.00396656-0.00150085j 0.00899866+0.00206135j 0.00833904+0.00285846j -0.00418281+0.00423065j -0.00358143+0.00229782j 0.00668612-0.00719921j 0.00407908+0.00783818j -0.0044527-0.00125254j -0.00271893+0.00102139j 0.00134048-0.00581961j 0.00453882-0.00509222j -0.00994113+0.00253027j 0.000128291-0.00731345j 0.00517492-0.00704121j 0.00966039+0.000664228j 0.00205836+0.00545104j -0.015598-0.002052j 0.0125701-0.00495694j -0.00333823+0.00162548j -0.0072201+0.0161663j 0.00468118-0.000662935j -0.00901458-0.0145973j -0.00641992-0.00756633j 0.00295428+0.00343072j 0.00513362+0.0070478j -0.0153567+0.0151452j -0.00933151-0.00759378j -0.00365088+0.0081168j 0.00372121-0.00260491j 0.0095954+0.00612824j 0.0126723-0.0176587j -0.0177792-0.013176j 0.00666982+0.00795691j 0.0172982-0.0050326j -0.0221936-0.0111398j 0.0127535-0.0235814j 
-0.00511522+0.0137054j 0.0128009+0.00295274j 0.00410653-0.00827713j -0.000441559+0.00275064j -0.00365791-0.00336095j 0.0034233+0.000292787j -0.00540383-0.00133451j 0.00559297-0.00242354j 0.00127987-0.00628005j 0.00120353-0.00528234j -0.00352441-0.00295874j 0.0034172+0.00283801j 0.00113282+0.000147259j -0.00325816+0.00181481j -0.0048974-0.000857023j -0.0053783+0.0141564j -0.00353179-0.00671857j -0.00870585+0.00820298j -0.00247033+0.00520085j 0.0110439-0.00369297j 0.00464485+0.0154402j -0.00270039-0.00524428j 0.00813567+0.000639501j -0.00500373-0.00614488j -0.00261824-0.00711203j -0.00796617+0.00759332j 0.00180861+4.67213e-05j 0.0032519+0.00624809j 0.00158435-0.00177027j 0.00814264+0.00502751j -0.0117928-0.00682376j -0.00781719+0.0136917j -0.00626831-0.00204328j -0.00713011-0.00570396j -0.000831471-0.00204479j -0.00130897-0.00125088j 0.000430052+0.00131822j 0.0020265+0.00352782j 0.000323106+0.00943078j -0.00472959+0.00711457j -0.00772142+0.00801881j 0.00845038+0.00208807j -0.0054829-0.00293092j 0.00277675+0.00235714j -0.00171477-0.000718587j 0.00092843-0.00416139j -0.000184394+0.00590637j -0.0046187+0.00231209j -0.000721135+0.0070439j 0.00267555+0.00119791j -0.0147274-0.00377j -0.00123797-0.000485363j 0.00350561-0.000565383j -0.00232299-0.00529354j -0.00409313-0.00490162j -0.00174121+0.00209356j 0.0053606-0.00434932j -0.000937169+0.00795482j 0.0049347-0.00683856j 0.00794359-0.0091069j -0.00382878+0.00837256j 0.00102284+0.0041386j -0.000547994-0.00480675j -0.000308177-0.00135775j -0.00387805-0.00982286j 0.00379056+0.00688112j 0.000217786-0.0035564j -0.00298109+0.00209438j 6.71391e-05-0.00310002j 0.00129145+0.00366641j -0.000789604-0.0006175j 0.00139679+1.01878e-05j 0.00900854+0.000860788j -0.000468348-0.0100061j -0.00478288+0.00114634j 0.000186314+0.0030773j 0.00224458-0.00798385j 0.00662168+0.00367588j -0.0117613+0.00145845j -0.00513099+0.0151727j -0.00747083-0.00513119j 0.0106753+0.00286653j 0.00235587-0.00306364j 0.00571187-0.00630649j -0.00780946-0.00302594j -0.00991106-0.00703443j 0.00289682-0.0031121j 0.00601993-0.000884393j 0.00423323-0.00510153j -0.0120711-0.0119017j 0.0017478+0.00365767j 0.0105901+0.0139122j -0.00807294-0.00249877j -0.0106053-0.0113142j -0.00691978+0.00570887j 0.011217-0.0114711j 0.0167914+0.000872983j -0.00261932-0.00454625j 0.0116116+0.0170434j 0.00014175+0.0037917j 0.0014178+0.00121818j -0.00183823+0.00516134j 0.00403439-0.0029435j -0.00359687+0.011615j 0.000697671-0.003283j 0.0077104-0.0173676j 0.00639194-0.00368503j -0.00118835+0.00738725j -0.00306915-0.000120442j -0.00161611+0.00739077j -0.00718755-0.00805972j 0.00397132-0.0046529j 0.00523433-0.00426467j -0.00218175-0.000809892j -0.00702964-0.0038817j -0.00404175-0.00226055j -0.00453259-0.00521969j -0.00559629-0.00340209j 0.00924718-0.00300422j -0.00402115+0.00379916j -0.00429277-0.00362214j 0.00174771+0.00529056j 0.00139843+0.000207774j -0.000845397-0.00154576j -0.00963253+0.00329346j -0.00510598+0.000658412j 0.000879591-0.00102772j -0.00704034+0.0197948j 0.00160913+0.0110134j -0.00756026-0.00638771j -0.000602598-0.00175621j -0.000254894-0.0107808j 0.0147682-0.00253337j -0.00261364+0.00761031j -0.00341487-0.00567938j -0.00942765-0.00331742j -0.00924094+0.0149179j 0.0099638-0.00106998j 0.0020279-0.000635249j -0.000719081-0.00354711j 0.000994497-0.00106658j 0.00120273-0.0090546j -0.00948547+0.0127229j -0.0216849-0.00366831j -0.0111876+0.0174014j -0.00909433-0.00244876j -0.0116382+0.00573722j -0.00221297-0.00183473j 0.0139202+0.00406767j 0.013381+0.00428105j 0.000697886+0.00959466j -0.00484233+0.00573766j -0.00170709+0.000895439j 0.00995806+0.00137017j 0.00945516+0.0144655j 0.0144313-0.011526j 0.0113222+0.00276621j 0.00171122-0.0131561j 0.00302674+0.00970152j -0.00943618+0.00203916j 
-0.00489005-0.0012705j -0.00209478+0.00587607j -0.00217923-0.00253072j 0.000676329-0.00576955j 0.00670897-0.000485475j -1.99156e-05+0.00294256j 0.00328282-0.00131536j -0.00288518+0.00292398j 0.00387692+0.00476528j 1.17435e-05-0.00293375j -0.000310543+0.00289884j -0.00114752-0.00211627j 0.00163822-0.00382032j 0.00874551+0.000546819j 0.000618864-0.00369551j 0.00601559-0.0106898j 0.000832811-0.00253024j 0.00659806-0.00636924j -0.00369743-0.00105065j 0.000157897+0.00585954j -0.00851201-0.0046851j -0.000774313-0.00337072j 0.00312679+0.00366218j 0.00191721+0.00265471j -0.00211763-0.000573502j 0.00338131+0.00347442j 0.00431109-0.00076837j 0.00777404-0.00887642j -0.00559859+0.00373668j 0.00527789-0.00600748j -0.00954409+0.000448686j 0.000686882+0.00787645j -0.00237323+0.00756949j 0.00285857+0.0117118j -0.00548074+0.00087854j 0.00787369+0.0116442j -0.00498768+0.00181005j 0.000884355+0.000865993j -0.00285347-0.0018943j 0.00118261+0.0036363j -0.00447785+0.000343619j -0.000808964+0.00702011j 0.0132465-0.00543866j -0.00285171-0.00481016j -0.000444326+0.00172183j -0.00999906-0.000189362j -0.000955406-0.00510345j 0.00404574-0.00257564j -0.00218825-3.28571e-05j 0.000812572+0.00434746j 0.00269717-0.00306766j -0.00138219-0.0014851j 0.000527638+0.00235716j -0.00795387+0.00181618j -0.00168407+0.00428707j -0.00288672+0.00109131j -0.00510219+0.00113157j 0.000817502+0.00169829j 0.000778754-0.00356738j -0.00262211-0.000704058j 0.000970523-0.00245841j -0.00280855-0.00601766j -0.00620874-0.00561559j 0.0103561-0.00208277j 0.00109481+0.000632442j 0.0107175+0.00637521j 0.00132047+0.00171449j 0.000677662+0.00476846j -0.00626809-0.000103446j 0.0113744-0.00562074j -0.0108812-0.00434322j 0.0133212-0.0148348j 0.00654369-0.00578008j -8.76874e-05-0.0172081j -0.0157874-0.00586271j -0.00828507+0.00605819j 0.00496214+0.00604949j -0.00826664-5.84096e-05j -0.0131351-0.0106991j -0.00498859+0.0187699j -0.0154403+0.000384475j 0.0101355+0.00878283j -0.0132583+0.0105924j 0.0098083-0.0054471j 0.00571455+0.00252452j 5.82392e-05+0.00362633j -0.00911796-0.0140926j 0.00234595-0.00329019j 0.00859961-0.000720887j -0.0145796-0.0109391j 0.0015205+0.00500179j 0.00548337+0.0194345j -0.000776729-0.0118208j 0.000715774-0.0160413j 0.00612316+0.0143951j 0.00961528-0.00616846j 0.0101952-0.000190079j 0.00478535-0.00523515j 0.014222+0.00943202j -0.0014978-0.00337692j 0.00104279-0.00462973j -0.000562517+0.00447625j -0.0007292-0.00909566j -0.0150637+0.00934857j -0.00590746-0.00307878j 0.0053518-0.00462834j 0.0110839+0.00197734j -0.00250534+0.00441783j 0.00517461-0.00198549j 0.000678089-0.00248932j -0.0111931+0.00643007j 0.00500601+0.00131044j 0.00738559-0.00201943j -0.00152806+0.000548397j -0.0066599+0.00349109j 0.000890584+0.00314068j -0.00217817+0.0070693j -0.00214829+0.00212157j 0.00417545-0.00927887j -0.00594984-0.000771012j -0.000693109-0.00681706j 0.00525083-0.00600467j -0.0088086+0.00305086j 0.00482597-0.00533398j -0.00278166+0.00543014j 0.00997998+0.00500567j 0.000869697+0.00318318j 0.00446743+0.00888845j -0.00357544+0.0122608j -0.00134232-0.00798312j 0.00178162-0.000636201j -0.00137589-8.16902e-05j 0.00161451-0.00712855j -0.00312918-0.00155791j -0.0104943-0.00651605j 0.00238474+0.00190835j -0.0101504-0.00594606j 0.000722096+0.00263393j -0.00152078+0.00450472j 0.00218859+0.000747441j -0.00658038+0.00863704j 0.00996986-0.00879668j -0.00881289+0.00549687j -0.0139401+0.00326457j -0.00382846+0.0020532j -0.0134918-0.00163067j -0.00511505-0.00549668j -0.0013449+0.00687572j 0.00761354+0.00841296j -0.0109297+0.0167153j -0.0193853-0.00229818j 0.00336583-0.00230559j -0.00441251-0.0150436j -0.00264995+0.00689891j 0.00686217-0.0100716j -0.00787056-0.0106234j -0.00174971+0.00321308j 0.00251562+0.00540493j 0.00110246-5.66172e-05j 0.000269961+0.00182945j 
-0.000800147+0.00324381j 0.000384667+0.00381758j -0.00813083-0.0133666j 0.00228102-0.00807595j 0.0099492-0.00190885j 0.00291015+0.00975457j 0.00233765-0.00547966j 0.00306794+0.00349212j 0.00933614+0.00198623j 0.00126465-0.0118152j -0.00594544+0.0102943j 0.00561562-0.00100461j 0.00253152-0.00500297j 0.00318759-0.00635095j -0.00894486+0.000363784j 0.00388542+0.00411977j -0.00381718+0.00160997j -0.00523109+0.00120363j -0.0078693-0.00314169j -0.00646308+0.00734974j 0.00387429+0.00583971j 0.00408238+0.000648218j 0.00673167-0.00143417j 0.00205675+0.00353514j -0.0015479+0.00145984j -0.000722094-0.00259084j -0.00414203+0.00232487j 0.000459411+0.0052189j 0.00534694+0.00144318j 0.00172626+0.00593208j -0.00536506-0.00476943j -0.00708556+0.00640841j -0.003701-0.00201937j -0.00962094-0.00227121j -0.000850712-0.0125886j -0.00861243+0.0020876j -0.00930715-0.00250233j 0.00235106-0.00178798j -0.00287054-0.00463386j -0.0039349-9.08931e-05j -0.00139193-0.00678752j 0.000750542-0.00652441j -0.00453289+0.00923042j 0.00445984+0.00829603j -0.000235469-0.00160844j 0.0107992-0.00332333j 0.00161674+0.00275258j 0.0013856+0.00176714j -0.00237596+0.000206424j -0.00312402-0.00277077j 0.00709778-0.00358015j 0.00392825+0.00244256j -0.00111178+0.00348548j 0.00177347-0.00289502j 0.00144709+0.0062653j -0.00140301-0.00657353j 6.10014e-05-7.19437e-05j -0.00350801+0.00352967j -0.012635+0.000368044j 0.00255834+0.00100405j 0.00199087+0.00239977j 0.00444662+0.0022007j 0.00954714+0.00177638j -0.000874763+0.00346646j -0.00565978+0.000981571j -0.00122151-0.00338027j -0.00164726+0.005457j 0.0083907-0.00313128j 0.00688466-0.00156719j 0.00107623+0.0101776j 0.000314181+0.00280925j -0.00441713+0.000263996j 0.00923054-0.00436636j -0.00870054-0.00588917j 0.000474602+0.0104224j 0.00596982-0.00184926j -0.000509456+0.00555128j -0.00602736+0.000583374j -0.00209245+0.00588974j 0.00189091+0.00413295j -0.00268294+6.74824e-05j 0.00935706+0.00401499j 0.00124745+0.000389994j 0.00453508-0.00280146j -0.00507825-0.0067924j -0.00168684+0.000437492j -0.00509194+0.00348165j -0.00400197+0.00450324j -0.00211029-0.00159361j 0.00855176-0.00350613j -0.00188814-0.00753874j 0.00519876-0.00419082j -0.00126667-0.00552119j 0.00247997-0.000440804j 0.00065806+0.0047659j 0.00201627-0.00484168j 0.0048723-0.00130369j -0.00112988-0.00678101j -0.00266865-0.0138858j 0.000197433+0.00412577j 0.00366613+0.0026053j 0.00850043+0.00360359j -0.00655863+0.00475055j 0.00530959+0.00268112j -0.00243571+0.00466127j -0.00504742+0.000721127j 0.00547717+0.00412816j 0.00199371+0.000827738j -0.00264823-0.00377459j 0.000742558-0.00232945j 0.00363404-0.000718091j 0.00553346-0.00585447j 0.000957474-0.000977372j 0.00516902-0.00307679j 0.00403659+0.00350706j 0.00122865-0.00482529j 0.00246517+0.00228062j 0.0028495-0.00737004j -0.00420678-0.00274879j -0.00122845-0.00591175j -0.00470766-0.00375658j -0.00521034+0.0017048j -0.00545248+0.00468824j -0.00351444-0.00248427j -0.000100204+0.006608j -0.00335856-0.00116889j 0.00474949-9.41879e-05j -0.00592981+0.00631434j -0.000819948-0.00116571j 0.000710445+0.00508298j -0.00179474-0.000935265j -0.00387333+0.00123659j -0.0119246+0.00358051j 0.00592754+0.0041566j -0.00919445+0.00287426j 0.00181632-0.00337466j -0.00644598-0.00603279j -0.00345468+0.0125571j 0.0015441+0.000123224j -0.0149873-0.00398582j -0.00379797-0.0036379j -0.00239135-0.00197822j -0.000994636+0.008094j -0.00363603+0.00705619j 0.00246225-0.00815838j -0.00916858-0.00173095j -0.00129179-0.00520529j 0.00325167-0.00818961j -0.0100961-0.00399748j -0.0055771-0.00258436j 0.0032217-0.0040592j -0.00803861-0.0123154j -0.00603089+0.00825669j -0.0104685+0.00640505j -0.00179188+0.0038289j 0.00476043-0.000830876j 0.00798206+0.00510452j 0.00232001-0.00733924j -0.00401427+0.000168707j -0.000759707-0.003318j 
-0.00169927-0.00189322j -0.000124291+0.00234166j -0.0026134+0.00489288j -0.00140063-0.000650426j 0.00285674+0.00162799j 0.00025945+0.000824219j 0.00244031+3.61159e-05j -0.00296867-0.00111798j 0.000917408+0.00151448j -0.000620622+0.00396138j 0.00147518+0.00107685j -0.00200424-0.00127153j 0.000456451-0.000792287j -0.00375703-0.00188994j 0.000629621+0.00205071j -0.00436074-0.00543126j 0.00377057+0.00249591j 0.000856148-0.000978641j 0.00594137+0.00243133j 0.00391802-0.00615396j -0.00194165-0.00697929j -0.00311703-0.00169882j -0.00718358-0.00195471j -0.0026257+0.00254193j -0.00542365-0.00121782j -0.00491961+0.00602308j 0.00694655+0.00318624j 0.0014225-0.00481532j 0.00880837-0.00298886j 0.00223586+0.00544424j 0.00450595-0.000786774j -0.00187668-0.000997838j 0.00908586+0.000967419j 0.00539708+0.00455205j -0.00519064+0.00388235j -0.000426124-0.00261087j 0.00234355-0.000673683j 0.000487192-0.0114556j -0.00265014+0.00739253j 0.0102158+0.00291618j -0.00535665-0.00407867j -0.00385494+4.08294e-06j -0.00172727+0.00194898j -0.0010567-0.00688701j 0.0054983-0.000847283j 0.00117743-0.0022482j 0.00480259+0.00168065j -0.000320016+0.00744288j 0.000477344-0.00386393j 0.00279665-0.00613046j 0.00162408+0.000172292j -0.00442898-0.00649085j 0.00661097-0.00330666j -0.000969573-0.0037606j -0.00342144-0.00619271j -0.00362681+0.0073428j -0.00137524+0.000123553j 0.00403685-0.00781427j 0.0122529-0.00318056j 0.00697453-0.00358926j 0.00790099-0.0044113j 0.00391985+0.00118625j -0.00595554-0.00325038j -0.0101569-0.00881071j -0.00516285+0.00276434j -0.00641568-0.00826756j -0.00850129-0.00411443j -0.00312831+0.00605805j 0.00350591+0.00101899j -0.0081132+0.00726191j -0.00371556-0.0123842j 0.00768565-0.00583042j 0.0050146-0.00343023j 0.000173327+0.00491283j 0.0100717-0.0056362j -0.00829282-0.0026797j -0.00159946-0.00395177j 0.00227191+0.00075284j -4.9799e-06+0.00730702j 0.00562904+0.00484772j 0.00537998+0.000167674j 0.0132078-0.0021982j -0.00218899+0.00416556j 0.000606002+0.00178985j -0.00633268-0.0055752j 0.00579352+0.000887416j 0.00932951+0.0134139j -0.00748353-0.00450306j 0.00672273-0.00539864j 0.00418912-0.00553529j -0.00767177-0.00408198j 0.00533333-0.0103997j -0.00614601-0.00695135j 0.00379537-0.00301694j -0.000743856+0.00675695j -0.00294794+0.0115196j -0.00754195-0.00435514j 0.00534966-0.00287253j -0.00567739-0.00484948j -0.00768699-0.00321024j -0.00167719+0.0102972j 0.00343757-0.000444703j 0.00215233+0.00970981j 0.00367739+0.00159864j 0.00566167-0.00687372j -0.0061708+0.00514647j -0.00148919-0.000396369j -0.000598987+0.00219782j -0.00218517+0.0138333j -0.00238852+0.000664479j 0.00393115+0.00437249j 0.00220677-0.000307902j 0.000760367-0.00287666j -0.00128114+0.00239695j -0.00221958-0.00059721j -0.00185382+0.000316514j 0.00116249-0.000902149j 0.00265322-0.00355246j 0.00119763+0.00163561j -0.00228445-0.000701025j 0.00249994+0.000189442j -0.00413971+0.00237999j 0.00366-0.0033122j -0.00356316+0.0034484j -0.00274018+0.00381035j -0.00586943+0.00692668j -0.00229901-0.00521297j 0.0128343-0.00236692j -0.00370753+0.00164263j -0.00468388-0.00251317j 0.00896051+0.0115634j -0.00196604-0.00626701j -0.00790819+0.00248924j -0.00864599+0.00569092j -0.00491526+0.00501911j -0.0144121-0.00504535j 9.84806e-05+0.00604839j 0.00241082-0.00364486j 0.00352779-0.0060537j 0.00401321+0.00390316j -0.00654741+0.00867859j -0.00360857+0.000525562j -0.000547766+0.0165312j -0.00666472-0.00858355j -0.0187684-0.0066541j -0.00809738-0.000500877j 0.00688833-0.0118223j 0.00519226+0.00817616j 3.60881e-05+0.00529199j -0.0104026+0.00593008j 0.00267532-0.00536613j -0.0260366+0.00229632j 0.00386061+0.0227142j 0.00617109+0.0170378j -0.00713227-0.00202389j -0.00411522+0.00506991j 0.00826582-0.00291875j -0.00195611-0.00429767j 0.00784094+0.00575703j -0.00524924+0.00818862j 
-0.000730752+0.00610612j 0.00493875+0.000726519j 0.00101752-0.00804985j -0.00187618-0.00708213j 0.00498372-0.0136533j -0.000309732-0.00713596j -0.000462381+0.00705154j -0.00736288+0.0117805j 0.000214595+0.0080172j 0.00298177-0.0117111j 0.000118071+0.00390939j -0.00230447+0.000737154j 0.000499278-0.0106181j -0.00236381+0.00489518j 0.00299843+0.00233001j -0.0069544-0.00203237j 0.00290599-0.000358391j 0.0014258-0.000901986j 0.00711171+0.0036315j 0.00744738-0.0081747j -0.00163512-0.00309457j -0.00240503-0.00174183j -0.00660166-0.000376156j -0.00211751-0.00140988j -0.00185236-0.00385433j -0.00369443+0.00419967j 0.0052623-0.00102189j 0.000399968-0.00167682j 0.000312093-0.0062781j 0.00705758+0.000237699j -0.00485511+0.000344946j 0.00150614+0.00575441j -0.00632865-0.0081442j -0.00378069-0.00590544j 0.00298646-0.00363903j -0.00151476+0.00388478j -0.00324701+0.000305675j -0.0087541-0.00163819j -0.00640757-0.00542889j -0.00301227-0.00136992j 0.00232974-0.00848013j -0.0055425-0.0085176j 0.000747545+0.00391959j -0.00126327-0.00124514j 0.00226795-0.0123371j 0.0142736-0.000848921j 0.00746868+0.00202257j -0.00131727+0.00161864j -0.00232087-0.0042265j -0.00231909+0.00221301j 0.00202215+0.00402675j 0.00237093-0.00227625j 0.00570114-0.000549986j 0.00028754-0.000295377j -0.004741-0.00709483j 0.00510047-0.00366202j -0.00702366+0.00749224j 0.00627085-0.000886048j 0.00545075+0.000988134j 0.00638467-0.0085206j -0.00298398+0.00468691j 0.00105675+0.00141945j 0.000111531-0.010493j 0.00393511-0.0003436j -0.00265857-0.00103713j 0.00573762+0.00251219j 0.00056014+0.00739053j 0.00930986+0.00126079j -0.000220739+0.0112697j -0.00364004+0.00279101j 0.000462711+0.0052226j -0.00301081+0.00418835j 0.00285729-0.000487856j -0.000961813-0.0133233j -0.013553+0.00411767j 0.00489032+0.00508444j 0.00222458+0.00236155j -0.000154876-1.59476e-05j -0.0055671-0.00619906j 0.00163527+0.0125074j -0.0164759+0.00313943j 0.000686343-0.00739673j -0.00588403+0.00380838j -0.0160331+0.00319142j 0.00261851+0.00838086j 0.0165607-0.00585977j 0.00531824-0.00302958j -0.00946898-0.00703686j -0.00136674-0.00472182j 0.00193527+0.01195j -0.00658991-0.00281413j 0.00276509+0.00154203j 0.00920372+0.00637303j 0.00133092-0.011036j 0.00928561-0.00258413j 0.00528151+0.0103176j -0.0119254-0.00409371j 0.0114187-0.00101855j -0.00556252-0.0128015j -0.00403268+0.00550452j -0.00152845-0.00396579j 0.00911705+0.0021882j 0.00112766+0.00299113j 0.00764262-0.00410751j 0.000637673+0.0012738j -0.00939551+0.0181866j 0.00707509+0.0019088j 0.0040777+0.00263721j 0.000838082+0.00709423j 0.000341796+0.00250525j 0.00873197+0.0129232j 0.000668954+0.00147894j -0.00325733-0.00481565j 0.00527083-0.000503413j 0.00172472+0.00582009j 0.004863-0.00157134j -0.000866114+0.00397437j -0.000252852-0.00309079j -0.00670732-0.000928881j 0.0060603-0.00151221j -0.00415611-0.00792285j -0.00505688+0.00612312j -0.00742025-0.00707169j 0.00859472-0.00188479j -0.00402282+0.00602422j 0.00636396-0.00438785j 0.00381453-0.00721682j 0.00962918-0.00523925j -0.000750433+0.00412275j -0.00708227+0.00463032j -0.00270362+0.00416246j 0.00664012-0.00694028j -0.00482364-0.0103994j -0.000804832+0.00229823j -0.00144186+0.0200235j -0.00718627-0.0018957j 0.0051597-0.00964966j 0.00131532+0.0119426j -0.0133651-0.00613133j -0.0104633+0.00739301j 0.00870231+0.00223123j 0.00130917-0.00322613j -0.00561759-0.00984318j 0.00349739-0.00715787j -0.0163867+0.00202909j -0.00179095+0.000706747j -0.0104206-0.0168678j 0.0132758-0.00874323j -0.00531207+5.22532e-05j -0.00539027+0.00731325j -0.000681574-0.00557891j 0.00496682+0.00279603j 0.00920073-0.00457735j -0.00220724-0.00698691j -0.00217773-0.013022j -0.0113517+0.00278643j -0.00931198-0.0022371j -0.000610016+0.00542822j -0.00331099-0.00824907j 0.00851284-0.00278684j 
-0.00526046-0.00759958j -0.00602042+0.00544149j -0.00358884+0.0078545j 0.000498346+0.000548409j 0.00332821+0.00957796j -0.000272568+0.00891498j 0.00313277-0.00745244j 0.00213016-0.00607973j 0.00512-0.00202629j -0.0032772+0.0109726j -0.00128103-0.00130109j -0.00194432-0.00037331j -8.322e-05+0.00296708j 0.00498452+0.000190096j -0.00138623-0.00199929j 0.00599171+0.00697642j -0.0074611-0.00670642j -0.000685538+0.00180572j -0.00876181+0.00383589j 0.00324562+0.00411545j 0.00323448+0.0129056j -0.00190087+9.75679e-05j 0.0119339+0.00257345j 0.00330233-0.00349756j 0.00160516+0.00252227j 0.00741088+5.05787e-05j -0.00455132-0.00838591j 0.00102495+0.00209548j -0.00381067-0.00165418j 0.00324024-0.00287516j -0.000172508+0.00891101j 0.00932741-0.00163154j -0.0126856+0.00452928j -0.00721739+0.000416417j -0.00123132-0.00227743j 0.00862403+0.00102945j 0.00626849+0.0105627j -0.00190999+0.000842534j -0.00307399-0.00317165j 0.000671129+0.0122011j 0.00811735+0.000165599j 0.00057853-0.00877554j -0.0021668+0.0022937j 0.00170044+0.00585944j -0.000258752-0.00293621j 0.0107566+0.00172412j -0.00119341-0.00241007j -0.00260244+0.00294308j 0.00709309+0.00234529j 0.00389222+0.00225106j 0.00105947+0.00727758j -0.0105585-0.00281834j 0.000544827+0.00438485j 0.000872645+0.00696783j -2.16008e-05+0.0065217j -0.0101359+0.00766026j -0.00491382+0.0133606j 0.00449886-0.00357137j -0.00448081+0.00196823j -0.00327912+0.0019415j -0.00135205+0.0138353j -0.0102175-0.00148332j -0.00418494-0.00623708j 0.00577837+0.00262913j 0.00391068-0.00409356j 0.00724728+0.00850286j 0.00244253+0.00305007j 0.0024326+0.00228976j 0.000978569+0.0100408j -0.00178066+0.0036333j 0.00391751+0.00544978j -0.00381133+0.00825063j 0.00195694-0.00874977j -0.00156503-0.00833894j -0.00869626-0.00650971j -0.00440355+0.00771258j -0.00969348+0.00522319j -0.00119998-0.0080956j 0.00888738-0.00232964j 0.00132469+0.00214418j -0.00395489-0.00489527j 0.00968955-0.0120127j -0.00178083-0.0015535j -0.0116462-0.00521456j -0.0121145+0.00415718j 0.011762+1.31002e-05j 0.0101035+0.00859757j 0.00181265-0.00656428j 0.00445576+0.00110737j 0.000454326+0.000586712j -0.00424574-0.00187019j -0.000995007-0.00950361j 0.00236165+0.00496155j 0.00644146-0.00121823j 0.00683041-0.000116543j -0.00599734+0.0088686j -0.0107098-0.00186276j -0.00152747-0.000144519j -0.00855784+0.00119483j -0.002688+0.00328615j 0.00196558-0.0011556j -0.00107165-0.000495201j -0.00285048+0.00556741j 0.00671027-0.00420379j -0.0017134-0.00259414j 0.00156616+0.0125469j -0.00208967+0.0032111j 0.00324518-0.00717935j 0.00763151-0.00183091j -0.00408406-0.0107096j 0.00545975+0.00601509j -0.00146278-0.00137868j -0.00255922-0.00202798j -0.000702154-0.000162944j 0.00241017+0.000100308j 0.00657823+0.000225147j 0.00630681+0.00527356j 0.00675926-0.00443441j 4.00653e-05+0.0013036j -0.0015328+0.00479846j -0.000646081+0.00278661j 0.000408665-0.00153222j -0.00119833+0.000162115j 0.00161296-0.00178631j 0.00926727+0.00577958j 0.0109738+0.00688931j -0.00210382+0.00175846j 0.00635399-0.013278j -0.00671762-0.00599513j 0.00243176-0.00632813j -0.0039663+0.00631051j -0.00103373+0.00629758j -0.0065706+0.0026752j -0.00324425+0.00366067j -0.0027806+0.00899158j 0.00737542+0.00539746j 0.00825769-0.00195193j 0.00134032+0.00690967j -0.00242889+0.00658198j 0.0031065+0.000693545j -0.000647205+0.0137374j 0.0083547+0.00713965j 0.0124918-0.00666255j 0.00279422-0.00100432j -0.00609519-0.0125382j -0.0023913+0.00124713j 0.00513047-0.00871114j 0.00180439+0.000601273j -0.0121266+0.00106243j -0.0153884+0.00211387j -0.0108563-0.00655372j -0.00651577-0.0055762j -9.26844e-05-0.00279933j -0.00528768+0.00928913j -0.00787402-0.00204409j -0.000552224+0.00796432j -0.00434479-0.00075086j -0.00413722+0.00503967j 0.00164874-0.00656953j 0.00640746+0.00171167j 
-5.19619e-05-0.00134051j 0.00130451+0.00206039j -0.00686907+0.00899706j -0.00854901-0.00669317j 0.00780829-0.000835646j -0.00581201+0.00429639j 0.0102829+0.00672089j -0.0156926+0.0105598j 0.00590788+0.0107067j 0.00282214+0.00982043j 0.00359625+0.0106098j -0.00387546+0.00192177j -0.0055076-0.00502712j -0.00461932-0.00614569j -0.00273971+0.00174091j -0.00377146+0.00544588j 0.00110244-0.000182661j -0.00518288+0.00329547j -8.45272e-05-0.00155522j -0.00306501-0.00216855j 0.00391051-0.000241819j 0.00179868+0.00227896j -0.00563105-0.00213161j -0.00124455+0.00129637j -0.000695583+0.00122297j -0.00416068-0.00114289j -0.00424422+0.00294498j -0.0026561+0.00719158j 0.000115222-0.00338835j -0.00166591+0.00236582j 0.00898113-0.00430051j -0.00433952-0.00794032j -0.00483368+0.00199489j -0.00335389-0.00344561j 0.000132736-0.00598103j -0.00238464+0.00249602j -0.00500454-0.00242296j -0.00711707+0.00042482j -0.0120699-0.000964712j 0.00118524-0.0027416j -0.00628867-0.0103416j -0.00983319-0.00116245j 0.000660028+0.0068412j -1.7532e-06+0.00449707j 0.000141107-0.00940655j 0.0103511-0.00690497j 0.00271826-0.00613418j 0.00691657+0.00256446j -0.00216829-0.0035225j -0.00209705-0.00249695j 0.0144343-0.00456725j -0.00328592-0.00372614j -0.000177167+0.000355308j 0.00160429+0.000582212j 0.0012884+0.00417137j -0.00438309+0.00261702j -0.00531769+0.0114952j -0.000203698-0.00741619j -0.00488147+0.00498102j 0.0020342+0.00204626j 0.00355779-0.0025356j 0.00225569-0.00573939j 0.000578294-0.00392378j -0.00163569-0.00112119j -0.000740579+0.00627858j -0.00237249-0.00435361j -0.00107713+0.00190479j 0.00155898-0.00200489j 0.00143821+0.00109174j -0.00394135+0.00115432j -0.00287647-0.00318859j 0.00275554-0.00339116j 0.000877393+0.0105129j 0.0055916+0.0016319j 0.00240067+0.00255802j 0.00621528+0.00111313j -0.0037249+0.00262591j -0.00437336-0.000330555j -0.00223313+0.0111082j 0.000119935-0.00200674j 0.0037744-0.00120316j 0.00406002+0.00714322j 0.00908491-0.00284174j 0.0153157-0.0113954j -0.00250607-0.0102686j -0.0186283+0.00271498j -0.00996093-0.010468j 0.00242167+0.0123658j -0.00610712-0.0043961j -0.0172051-0.0124513j 0.00468638+0.00802078j 0.000874251+0.0141363j -0.000968353-0.00191995j 0.00625207-0.00313662j 0.0114724+0.00578414j 0.00265677-0.0131178j 0.0188554-0.00750634j 0.000233121+0.00870332j -0.00602497-0.0102965j -0.000101992+0.008449j 0.000711189+0.00290222j -0.00364649-0.00726016j -0.0072642-0.0011402j -0.0116652+0.0105904j -0.00153507+0.00550896j -0.00889924-0.00548435j 0.00124148+0.00932171j -0.000250797-0.00561426j 0.00332736-0.00685636j -0.00484691+0.00110144j -0.00633361-0.00164186j 0.00766674-0.0017337j -0.000243013-0.00360331j 0.00707287+0.000817328j -0.00715713-0.00110585j 0.00134805-0.000375489j 0.00358829+0.00390314j 0.00465997+0.00425173j 0.00386721-0.00169559j -0.00277448-0.00353883j 0.00186647-0.0185827j -0.00348802-0.00506781j 0.0039717+0.0149135j -0.00256007-0.00110051j -0.00503315-0.00485168j 0.00405425+0.00881931j -0.00521071+0.00570245j 0.00104028+0.00553386j 0.0035204-0.000533228j 0.0105574-0.00654557j -0.00640987-0.00171388j -0.00382598+0.013195j 0.00351515+0.00622758j 0.0173603-0.00408979j -0.0101915-0.00771182j 0.00367624+0.00359808j -0.0110896+0.0128813j 0.00638556-0.00121109j -0.000117299+0.00143934j -0.00236969+0.00253958j -0.0024597-0.00459587j -0.00185391+0.000503318j 0.00614476+0.00139767j 0.00243234+0.00624715j 0.0081183+0.00489617j 0.00408728+0.00476097j 0.00409847+0.00696981j 0.00691415+0.00621081j 0.0105444-0.0161018j 0.0100244+0.00602723j -0.00977277+0.00386453j 0.00387481-0.00109357j -0.00378497-0.00638603j 0.00033992-0.00189786j 0.00322992+0.0118619j 0.0102566-0.00359794j 0.00492438-0.0003738j -0.000830515-0.00546549j 0.0049562+0.00652764j -0.00599612+0.00442983j 
0.000896375+0.00380384j 0.00298198+0.00125593j -0.0106523-0.00249403j 0.00240515-0.00301231j 0.00920177+0.00528233j 0.00411298+0.012641j 0.00186775-0.00820843j 0.00486568-0.0037236j 0.0080483-0.00281186j 0.00051234-0.000235647j -0.007376+0.0086966j 0.00485817-0.000363614j 0.00185935-0.000678015j -0.00121813-0.00175169j 0.00051715+0.00181462j -0.00764916-0.00731613j 0.00657473+0.0017838j -0.000970843-0.00629589j 0.00819814-0.00438281j -0.00277174-0.00352137j -0.0109832-0.0118592j -0.00190355+0.00180254j -0.0110307+0.00237869j -0.0016344+0.00264691j -0.0016291+0.000440635j -0.00195517+0.00277478j 0.00984512+0.00456477j 0.000700251-0.00968293j 0.00306111-0.00549522j 0.00480481+0.00179994j 0.00268478-0.00512636j -0.00521562-6.42681e-05j 0.00108421-0.00173832j 0.000703819+0.00287231j -0.00682702-0.00146318j -0.00320701+0.00676156j -0.00621282+0.00436049j 0.00610786-0.00989072j 0.0121616+0.00433981j 0.00148965+0.00779433j -0.00197139+0.0105697j 0.0128612+0.00116013j -0.00578093+0.00629976j 0.00751598+0.00870107j 0.00270784+0.0139171j -0.00479071+0.00185349j -0.00805421+0.00511992j 0.00282958+0.00368122j 0.00903162+0.0102907j 0.00470244-0.0076703j -0.00507621-0.00354947j -0.0122835-0.00146044j -0.000660829+0.00514309j -0.00365716-0.00502821j 5.38399e-05+0.0118404j -0.0163468+0.010032j 0.00452227-0.00944137j -0.00354576+0.000997551j -0.00650092-0.00331388j 0.00594719+0.00629328j 0.00534606+0.00430185j -0.00221509+0.00986312j 0.00870953+0.00531014j -0.00590548-0.00156847j -0.0046624-0.00404525j -0.0019234+0.00134677j -0.00183611-0.00354672j -0.00392737+0.000415408j 0.00319914-0.00474827j 0.00349304+0.00412444j -0.00120755+0.00389527j -0.00344043+0.000367996j 0.00277895-0.00190154j -0.00503563-0.00701298j -0.0069835+0.00780673j 0.00641323+0.00203669j 0.000648961+0.00637263j -0.00588422-0.000116158j 0.00154643+0.000290302j 0.0025926-0.00277288j -0.00400539+0.00293504j -0.00613495-0.00235634j -0.000788946-0.000237009j -0.0043709-0.000278011j -0.00136902+0.00688992j 0.00434054-0.00345912j 0.00222273+0.00330178j 0.00880731+0.00122307j -0.00206192+0.00887546j 0.00873156-0.000250098j -0.00727344-0.00682367j -0.0014356-0.00200186j -0.0029815+0.00911652j -0.0045572+0.00234823j -0.00965526+0.00434545j -0.00547607-0.00514595j 0.0043022+0.00374016j -0.00857653-0.00636532j 0.0103412+0.0102672j 0.00728126-0.00372012j 0.00923704+7.92703e-05j 0.00439723+0.00709864j -0.00213785-0.0012309j 0.00746608-0.00352739j -0.00816283+0.00204733j 0.0149406-0.00585362j 0.0043042-0.0075994j -0.00178057-0.00127655j -0.000370265-0.0150034j 0.00132555-0.00866642j -0.00368782-0.00959198j -0.00233102-0.00256525j 0.00162402+0.00119921j -0.00131634-0.00127004j 0.00130731+0.00163981j 0.00132821-0.00258324j 0.0026158+0.00191831j 0.00205938-0.00738397j 0.00420982-0.00775853j -0.00282821+0.0044853j -0.00403129+0.014194j 0.00327984+0.0078436j 0.00103833+0.00822055j -5.45911e-06-0.00574701j 0.0146794+0.00388236j 0.000555885-0.00138837j 0.00327686+0.00261211j -0.0113344+0.00333438j -0.00825618-0.00498233j -0.0011455-0.00169247j -0.00900101-0.00705346j -0.012625+0.00960311j 0.00109825-0.00218301j 0.00124522+0.00657027j -0.0061724-0.0053859j 0.0076915-0.0041749j -0.000784016-0.00898582j -0.00572344+0.00434176j 0.00521098+0.00106143j -0.00481895-0.0109598j 0.00538407+0.00330642j 0.0115488-0.000211109j 0.00502956-0.00940606j 0.00376961+0.00941535j 0.00196037-0.00202999j 0.00248512-0.00201314j -0.0133479+0.00337926j -0.00454778-0.0130071j -0.00433501+0.00611158j 0.0049824+0.00240411j 0.000909337+0.00245506j 0.00199447+0.00138906j 0.00110279-0.000749516j 0.00284439-0.00289367j 0.000728424-0.00247926j -0.00249803-0.00103333j -0.000230994-0.000828191j 0.00102203-0.00020813j 0.000132867-0.000496126j 0.000684814+0.000480266j 
0.00321098+0.00334785j 0.00260724-0.00349284j -0.00139338-0.00182112j 0.00660594+0.00571059j -0.00362865+0.00976479j 0.006215+0.00608279j -0.00624378-0.00876511j 0.0132232-0.0149843j -0.00106006-0.0129384j -0.000515875+0.000475058j -0.00701445-0.00130064j 0.00801924+0.000889878j 0.00116047+0.00867687j -0.00482807+0.00456822j -0.00143408+0.00400789j 0.00382682+0.0125765j -0.00078545+0.00166256j 0.000580008+0.0122746j -0.000998168+0.00369989j 0.00271256-0.00513283j 0.0152254+0.00665177j 0.00150829-0.00108579j 0.00154519-0.00525008j -0.0018864+3.30315e-05j -0.00264499-0.00141876j -0.00584593+0.0036254j -0.00577891-0.00104483j -0.0033857+0.0151121j -0.000786466+0.00347141j -0.00623652+0.00231215j 0.000908021-0.00563847j -0.0029577-0.00257682j 0.00528556-0.0120464j 0.0147875-4.72107e-05j 0.00429711+0.00235545j -0.00151328+0.0142952j -0.0139192-0.0076213j -0.00637505-0.0108387j -0.00536349-0.0077705j 0.00277157-0.0100743j -0.00654686-0.0134106j -0.0058009+0.00287086j 0.00825684+0.00238414j -0.00433467-0.000491926j 0.00563948-0.00608479j 0.0006244+0.00276033j 0.00283366-0.00387112j 0.0113669+0.000707305j -0.00954221-0.0028272j -0.00448735-0.00272033j 0.0149035-0.00881179j 0.000656278-0.0038288j 0.0032191+0.000186466j -0.00231018-0.00150332j -0.00268861+0.00338487j -0.00470588+0.00173062j -0.00783159+0.00551322j -0.00050244-0.00436804j -0.000918909-0.00448564j 0.00491679+0.000520993j 0.00516951-0.0115305j 0.00293865-0.00450354j 0.00301008-0.00270491j 0.000794207-0.005512j -0.00405499+0.0023123j 0.00033883-0.00263067j 0.00220099+0.00468623j 0.00445132-0.00375238j -0.00137684+0.00214379j 0.000736209-0.00135196j -0.010626-0.00606121j 0.00724281-0.0129874j 0.00321697-0.00199729j -0.00331123-0.00666958j -0.00731931+0.00271535j -0.000458091+0.00449971j -0.00161918+0.00541955j -0.00610388-0.00264641j -0.00564689-0.00291822j 0.00139222+0.00410517j -0.00382865+0.00505283j -0.00325099+0.00350815j -0.00826113+0.00272085j 0.00292412+0.00368689j 0.00284117+0.00503201j 0.00435825+0.000461294j -0.00397532-0.00686181j -0.00445932+0.00583391j -0.00576478+0.000186546j 0.000363779+0.0012657j -0.00425728+0.00285448j -0.00157953+0.00399329j 0.00634047+0.000157156j 0.00465696-0.00205015j 0.00554703+0.00431882j 0.00392344+0.00455304j -0.00239425-0.00122366j 0.00581398-0.000333057j -0.00307696-0.0163684j 0.00182103+0.00287317j 0.000331636+0.00439245j 0.00761338+0.00140576j -0.00525216-0.000472293j -0.000189978-0.000517706j -0.00466142+0.00827561j -0.0106442+0.00966405j 0.00233964+0.00204621j 0.000251139+0.0011999j 0.000248554-0.00486345j -4.77309e-05+3.68646e-05j 0.00272839+0.00638041j 0.00312658+0.00154061j -0.00237611-0.00235716j 0.00776555-0.000112882j 0.00373912+0.00278215j 0.00201483+1.50876e-05j 0.00368022+0.00324018j 0.00395494-0.00246161j -0.0031812-0.00348733j 0.00393593-0.00365308j 0.000166231-0.00802459j -0.0043625+0.00114931j -0.00440379+0.00390839j 2.04214e-05+0.000140317j 0.000510068+0.00246617j 0.0046157-0.000283924j -0.000495924-0.00416474j 0.00138223-0.00469916j -0.00202391+0.000196616j -9.1739e-05+0.00316475j -0.00433277+0.00111133j -0.00136903+0.00635023j -0.0065441-0.00480979j 0.0038193+0.000597552j -0.00657789+0.00436121j -0.00205228-0.00370005j -0.00500194-0.0100343j -0.00188681+0.00651836j -0.00615752-0.00439322j -0.0109071+0.00418139j 0.00267363-0.00363467j 0.00253796-0.00186939j -0.00153955-0.00484613j 0.00692157+0.00241069j -0.00215862-0.00126881j 0.00180345+0.00100295j -0.00519323-0.0106077j 0.0102706-0.00579965j -0.00654144-0.00241885j -0.00435014+0.00535617j 0.00110684+0.00175899j -0.00116758+0.00274407j 0.00301378+1.82325e-05j 0.00213352-0.00521275j -0.00158086+0.0012054j 0.00186325+0.00348801j -0.00783702+0.000549139j 0.00237962+0.00585432j -0.00143936+0.00313372j -0.00306788-0.00156387j 
0.000321225+0.000147916j 0.0013282+0.00123495j -0.00680718+0.00698091j -6.40121e-06-0.000412279j 0.00466692+0.00963553j 0.00127759+0.0104904j 0.00316384-0.00477638j 0.000205224-0.00611491j 0.00433471-0.0022353j -0.000190168+0.00944687j -0.00129736+0.00521929j 0.00230611-0.000592396j -0.000338571+0.00367768j -0.00412669-0.00704697j -0.000869184+0.00196954j 0.00184648+0.000218828j 0.0010065+0.00574158j -0.00519169-0.00164561j -0.00391535-0.00767424j -0.0128172+0.00804841j -0.00157297-0.00340465j 0.00345576+0.00463641j -0.0035638-0.00141023j 0.0037066+0.00730165j -0.00294448+0.00649053j -0.00155426+0.000194422j 0.000460698+0.00437802j -0.00283005+0.000923822j 0.00195882+0.00781586j -0.00646561+0.000321597j -0.00666657-0.00995615j -0.0116256+0.00665219j 0.00278436+0.00868288j -0.00200603+0.00150947j 0.000569699-0.00182045j 0.00181832-0.00310318j 0.000626352-0.00150638j 0.0040421+0.00830061j -0.0031702-0.00629974j -0.00304502-0.00189798j 0.0043038-0.00340542j -0.00150761-0.00370864j 0.00523269+0.000656934j 0.00672015-0.00221475j -0.000845208+0.000460752j 0.0011882-0.000150642j 0.00293534+0.0062918j -0.00267463-0.00856333j -0.00154491-0.0027709j -0.00314622+0.00542385j -0.00166071-0.000113912j 0.01353+0.00711189j -0.000730898+0.00392565j 0.00388195-0.000182671j 0.00908735-0.00261514j 0.00941538-0.0117735j 0.00252478-0.00247951j -0.0010499+0.0111521j -0.00644811+0.00661049j -0.00488149+0.00063116j -0.00693787+0.00519489j 0.00201259-0.000264204j 0.00247278-0.00010398j 0.0107759+0.00657547j 0.000261601-0.00175836j 0.00721487-0.000641879j -0.000246397+0.00314982j 0.00360039-0.000572047j -0.000261434-0.00383645j 0.00674784-0.00235933j -0.000167011+0.00418919j -0.00093697-0.00142357j -0.00488629+0.0128946j 0.0190627+0.00351019j -0.000812444-0.0152919j -0.00431943-0.000308958j 0.0112936-0.00246671j -0.00135604+0.0104878j -0.00950484+0.00508159j 0.0117428+0.00532252j -0.0020718+0.00834451j 0.000186628-0.0103958j 0.00472787+0.010398j -0.00218007+0.00638112j 0.00594708+0.00233532j 0.00835342-0.011442j 0.0132468+0.000145441j -0.011371+0.00395026j -0.00984586-0.0113209j 0.0003311+0.00659491j -0.00717379-0.00360368j 0.00724131+0.00382192j -0.00804291+0.0099353j -0.00515162-0.0115343j -0.00575725+0.00201213j 0.00655026+0.00767279j -0.00627845-0.00266837j 0.0105042-0.00278525j 0.000745811+0.00050174j -0.00553079-0.00194903j 0.0047239+0.0152943j 0.00316441+0.00528588j 0.00915816+0.00178414j 0.00690606+0.00111895j 0.0080704-0.00645845j -0.00373797+0.0073378j 0.00290327-0.00703069j -0.000578972+0.00630316j 0.00400379+0.018324j 8.72257e-05+0.00799963j 0.00309836+0.00120324j 0.00250673+0.00418595j -0.00167051-0.00459585j 0.00318234+0.0022023j -0.00451601+0.00217132j -0.00563481-0.00225445j -0.00589873-0.00345491j -0.000174316-0.000734956j 0.0112129-0.00122714j 0.00296648-0.00475614j -0.00411681-2.28169e-05j -0.00490503+0.0144233j 0.00158587-0.000321298j 0.00564747-0.00283698j -0.00849635+0.00611336j -0.0142745+0.00221165j -0.0084495-0.0130371j 0.0138366+0.00113189j 0.000543761+0.00567948j -0.0131529+0.00152565j 0.000237018+0.00442064j -0.00695112-0.0159417j 0.00247833-0.00373973j -0.00558076+0.0121913j 0.00142815+0.00178553j -0.0192381-0.00262002j -0.000358884+0.00953932j 0.00360633-0.0131994j -0.00291049-0.0145892j 0.00947176+0.00379488j 0.00923582+0.00348658j -0.0107986-0.00535258j -0.0127715+0.00783457j -0.00682743-0.0185763j -0.0239647+0.0143992j -0.00513654+0.00491599j -0.00110388-0.00957223j 0.00997616+0.00210127j 0.0074482-0.000806375j 0.00945745+0.00171507j 0.010264+0.00397729j -0.00174714+0.0143519j 0.00876492+0.00823697j 0.0120324-0.00631188j 0.00223214-0.00486077j -0.00767677-0.00144577j 0.00137202-0.0110082j -0.00755062-0.00249563j 0.00718895+0.00231513j -0.00197637+0.0067612j 
0.0001366-0.00428852j -0.00224633-0.00209474j 0.00953274+0.00575764j -0.00430903+0.00621581j -0.0114259-0.00292199j -0.00724551-0.0129684j 0.000453665+0.00985802j -0.00651239+0.00456407j -0.00964212+0.00350152j 5.68396e-05+0.00535947j 0.00984306-0.00849784j -0.00341173+5.60321e-05j -0.0029362+0.00350993j -0.00759762+0.00277725j 0.00178541-0.00261945j -0.0109709+0.00909238j 0.00724849+0.00105528j -0.00239709+0.00344837j 0.00768908-0.00219799j -0.00244453-0.00938151j 0.00268131-0.00470101j -0.00174545+0.000710487j -0.013966-0.00243366j -0.000888389+0.0050608j -0.00590897+0.00104549j -0.00992315+0.00767511j 0.00456554+0.00302915j -0.00484997+0.00518031j 0.00098447+0.0112752j -0.0146822+0.00440459j -0.000346243-0.0064276j -0.00696716-0.00166091j -0.00240442+0.00359999j -0.00300504+0.00579728j -0.000497668-0.00962475j -0.00209996+0.0125865j -0.0113091-0.00142247j 0.0135474-0.000112636j 0.00186492-0.00546864j -0.000873287+0.00790772j -0.000754527-0.00694944j 0.00668316-0.00386215j 0.00214462+0.00736904j 0.00904808+0.00879299j 0.0026947+0.00695118j 0.00145994+0.00179559j -0.00485134+0.00856952j 0.00438282-0.00521774j 0.00254801+0.006171j 0.00223916-0.00108086j 0.00257639-0.00524424j -0.00181846+0.0013912j 0.00273554+0.0103156j -0.000316734-0.00292754j 0.0064229+0.0113753j -0.0103756+0.00230271j 0.00149154+0.000152692j -0.00245532+0.00920392j -0.0115353-0.00152797j 0.00495839+0.00240545j -0.000162186+0.00789954j -0.00273543+0.00773388j 0.0110909-0.00345452j 0.00855318+0.00342131j -0.00608895-0.00943887j 0.0126346+0.00682334j 0.00614715+0.000157019j 0.000802914-0.00503541j -0.00228594+0.00125163j 0.00647916-0.00284898j -0.00148616+0.000990831j 0.00310332-0.00325492j 0.00150241-0.00884825j -0.00704633-0.0055798j -0.00649091-0.000111258j -0.00351109+0.00452635j 0.00177403+0.011869j -0.0119298+0.00393088j 0.00337434-0.00134457j 0.00252669+0.000635197j -0.000681258+0.00145292j 0.00849616-0.00242623j -0.00299118+0.00289184j 0.00120526-0.00234076j -0.00786781-0.000580508j 0.0079618+0.000528267j 0.00138911+0.000780423j -0.000373204+0.00698195j -0.00800312+0.00248685j 0.00557636-0.00275129j -0.00671453-0.00576074j -0.000346612-0.00285977j -0.00239976+0.00473538j 0.00210881+0.00176594j -0.0070368+0.00687277j 0.000335458+0.000760492j 0.00230145+0.000212531j -0.00728963-0.0088346j 0.00475525-0.00209164j 0.00318348-0.000563746j 0.00911317+0.00571249j 0.00380199+0.00694055j -0.00459399+0.00108238j 0.00494264-0.00176454j -0.00606548+0.00714796j 0.00368267+0.000783266j 0.00516728-0.00202475j 0.000882791+0.00268891j -0.000629929-0.0104516j -0.002443-0.0065881j -0.000511518-0.00513525j 0.000996844-0.00422717j 0.0029773-0.00115581j 0.00389204-0.00163319j 0.00784452+0.00174998j -0.000907828-0.00231827j 0.00495237+0.000968777j 0.00362475-0.00831171j 0.00457086-0.00692985j -0.00162484-0.00203272j -0.00367666+0.00599071j -0.00229038+0.00376468j -0.00332814+0.00998124j -0.00241846-0.00275375j 0.00720173+0.00515339j -0.0016914-0.00216098j -0.00180431+0.00231768j -0.00705095+0.00122055j -0.00728953-0.00222007j -0.00389256+0.00305638j -0.00553175-0.00501163j -0.00806809+0.0058513j -0.00495481+0.00346214j 0.00276434+0.00621902j -0.00789897-0.00584507j 0.00783726-0.0039157j -0.00414711-0.00540446j -0.00807547+0.00744683j 0.00303524-0.000134621j -0.00763327-0.0101134j 0.00353558+0.00158839j -0.000614328-0.00150393j 0.000456791+0.0020677j -0.000245089+0.000634486j 0.00169693-0.00741787j -0.00437242+0.00182464j -0.000945992-0.00246792j -0.00109286-0.00972542j -0.0140043-0.00222088j -0.0023758-0.00688688j 0.00211492+0.00440183j -0.00824197-0.00755513j -0.00578397+0.00503545j -0.00291797+0.00197013j 0.00190743+0.00322634j 0.00261579-0.00122707j -0.000710884-0.000740463j -0.00109629+0.000822547j 0.00451254+0.0035783j -0.00335123+0.00384189j 
-0.00293948+0.000761894j 0.00172455+0.00329436j -0.00189534+0.00300797j -0.00272584-0.00147269j 0.003346-0.00279375j -0.00147055+0.00326018j 0.00362922-0.000292595j -0.0016428+0.00589711j 0.00454839+0.00265961j 0.00177674+0.00172372j -0.00158376+0.00317704j -0.00194568+0.00244725j -0.00212061-0.00368758j 0.00499441+0.00869176j 0.0046361+0.000279473j 0.00190655+0.00693511j -0.00405546-0.00721266j 0.0056938+0.00396391j 0.00921974+0.0084224j 0.0122818-0.0139226j 0.00477705+0.00453996j -0.00339079-0.0036791j 0.00351731+0.00353371j -0.00767009-0.00763642j 0.00295847-0.0144162j -0.00502045+0.00169664j -0.00158052-0.00231464j 0.00432876+0.00333164j -0.00670474-0.00458867j 0.00357515+0.00112031j 0.00771778-0.001115j 0.000777104-0.00895666j -0.00163719-0.00190367j 0.00693444-0.00136012j -0.0103706+0.00699779j 0.0127216+0.00416099j 0.00246328+0.0115944j -0.00462576-0.00806761j -0.00120532-0.00382717j 0.0048924-0.00221263j 0.0044085+0.00782183j 0.00287198-0.00303218j 0.00223599-0.00182718j 0.00486377+0.00491329j 0.00368926+0.00730751j -0.00552156+0.0038087j -0.00819135-0.00340235j 0.00446052+4.39631e-05j 0.00753242-0.000508941j -0.00252116-0.00255618j 0.00568989-0.0042458j -0.00817952+0.00268639j -0.00693217+0.00649282j 0.000863921+0.00517664j 0.0121877+0.0134323j -0.00964614+0.007624j -0.00177923+0.000787957j -0.00163946-0.00266082j -0.0127132+0.00991696j -0.00615795+0.0150125j 0.00328532-0.00527883j -0.00243543-0.004024j 0.00310265+0.00516252j 0.000866033+0.00225154j 0.00595636+0.00494925j -0.00450318-0.00334258j -0.00372957-0.00170481j -0.00292032+0.00377381j -0.00136803-0.00222494j -0.0036977-0.00239273j 0.00189533-0.00165858j 2.11397e-05+0.000122075j 0.00697923+0.0136081j 0.0145454-0.00559805j -0.000457813-0.00709736j 0.00158546-0.00379556j -0.00372094-0.00343002j 0.00181701-0.00490963j -0.00501322+0.0125528j 0.0134889-0.000725095j 0.00363515+0.0108891j -0.00787282-0.00106043j 0.00331377+0.00397589j 0.000332512+0.00655765j 0.00974179+0.00425452j -0.00126489-0.0137011j 0.00957705+0.00106069j 0.00644244-0.00078779j 0.000952592+0.00803912j 0.00710961+0.000240952j -0.00807337+0.00110022j 0.00747948+0.0015696j 0.00105756+0.00861025j 0.000565477-0.000872106j -0.00639937+0.00849415j -0.00771523+0.00554702j -0.00252219-0.0046681j 0.00937335+0.00169291j 0.0011326+0.00400016j 0.000399439-0.00540461j 0.00597992+0.0172596j 0.00197453+0.00263096j -0.00434895+0.0026665j 0.00436862-0.00351643j 0.00254751-0.00627382j 0.00591564+0.00222662j -0.00709372-0.00769715j -0.00330547-0.00507932j 0.00529469-0.000532884j -0.00202821-0.00675597j -0.00239372-0.0021071j 0.00506604+0.00827556j -0.00340957-0.000188223j 0.0005176+0.00238299j -0.00982823-8.84587e-05j 0.00218899-0.00098012j 0.00366631+0.00572393j 0.0118344-0.00218422j 0.0133518-0.00527066j 0.000656857-0.000668085j 0.00104793+0.0074077j 0.00580049+0.0114024j 0.0124386+0.0094501j -0.00214185-0.0106443j 0.00834474+0.00208276j -0.00346167+0.0134977j -0.0148395-0.00793282j 0.0100312-0.00651583j -0.00898868-0.00439114j -0.000933749-0.0145453j -0.0137828+0.0158118j -0.0167804+0.00725969j -0.00446767-0.00684205j -0.00181646+0.0111054j -0.00468801-0.00461017j -0.00933834+0.00255653j -0.00131289+0.00569307j 0.00468649-0.0155711j 0.000890929-0.00328571j 0.0167075+0.000944808j 0.00315472+0.00323767j 0.00620231+0.000377876j -0.010394-0.00334835j 0.000900888-0.0121422j -0.00907118+0.00584262j 0.00106143-0.00556693j 0.00329237-0.00282607j 0.00311773+0.00191632j 0.000886675+0.000216458j 0.00578241-0.00202915j 0.00500634+0.00294014j 0.00550312+0.00389511j 0.0011038-0.00180814j 0.000353602-0.00380165j 0.00252415-0.00393927j -0.00375988-0.00180709j -0.0017501-0.0011745j -0.00102435+0.000774146j -0.004097-0.00344456j 0.00329132-0.0038746j 
0.000389428+0.00131132j 0.00193825+0.000311481j -0.00134674-0.000824842j -0.00869612-0.00158847j -0.00205505-0.0103474j -0.0078881-0.00179612j 0.0116047+0.00710911j -0.00518534+0.0194098j 0.00523272+0.0114247j 0.00161513-0.00466006j 0.00701926+0.00254464j -0.00517392-0.000430733j -0.00308093-0.00757505j -0.00379641-0.00435178j -0.00312044+0.00870601j 0.0195969+0.00290799j -0.00975499+0.00610987j 0.00112262+0.0119972j -0.012942+0.00653143j -0.00242574+0.011601j 0.0194089+0.00788596j 0.0045254+5.29444e-05j 0.0144315-0.00781931j 0.00355587+0.000747222j 0.000160671+0.00627686j 0.00376847-0.0024703j -0.00907287-5.32126e-05j 0.00183115+0.00977406j 0.0011124+0.00311907j -0.000342969+4.06202e-05j -0.00508989-0.0021738j -0.00227766+0.00581585j 0.00814565-0.00386377j 0.0084265+0.00230372j 0.00158504+0.00695761j -2.61246e-05+0.00430097j -0.00269743-0.00192415j 0.00292628-0.00857869j 0.0128333+0.00183984j 0.00244825-0.00190006j 0.00181616+0.00897784j 0.0105769+0.00303087j 0.00100499-0.00220402j 0.000243178-0.00125092j 0.00422466+0.00959819j -0.0108382+0.00990855j -0.00315506+0.00551232j 0.00181141-0.000421858j 0.0029781+0.00479864j 0.0014629-0.00387127j -0.00911193-0.00173005j -0.00322166+0.00237021j -9.96046e-05-0.000552722j -0.00534754-0.00239049j 0.000675036+0.00101291j -0.0025392+0.00387649j 0.00189278-0.0123679j -0.00322202+0.00485468j 0.00103392-0.00728527j 0.00180866+0.00151541j 0.000864334-0.00449954j 0.00103344+0.00547544j 0.00315309+0.00487423j -0.00267508-0.000257917j -0.00150273-0.00325777j -0.000484018+0.00103375j -0.00446562-0.00290243j -0.00396158+0.00444117j -0.00163055-0.00562183j 0.00452859-0.000297316j -0.00442853+0.00182082j -0.00205661-0.00500592j 0.000616246-0.00574025j -0.00410577-0.000686895j -0.00107064+0.000235673j -0.00216616-0.000796995j 0.00454336+0.00156989j -0.00188525+0.00332451j 0.00145493-0.00411933j 0.00139696-0.0028841j 0.00214752+0.0017073j -0.00400488-0.00299014j -0.00336391+0.00372317j -0.00379363+0.00659462j 0.0028181+0.00667657j 0.00961852-0.00415022j 0.00867941+0.00692697j -0.000821893-0.00317808j 0.00196848+0.000865007j 0.0119601+0.00130705j -0.00489046-0.0058086j -0.00200653-0.00844469j -0.00316831+0.00450016j -0.00368901+0.00398637j -0.00864998+0.00173546j -0.00178201+0.00634791j -0.00537152+0.00615081j -0.00411575-0.00535077j 0.00798309+0.00874417j 0.000990621-0.00734526j 0.00490814+0.000485861j 0.00430493+0.00534104j 0.00534585+9.00735e-05j 0.00790403-0.00592373j -0.00068219-0.00217594j 0.00992759-0.0011945j -0.000767126-0.00734791j -0.000633348+0.00315087j -0.00178219+0.00158032j 0.00283588-0.00288393j 0.000179861-0.00320043j -0.00482969-0.000171033j 0.00120641+0.00232593j -0.00436312+0.00115441j 0.00394919+0.00134251j -0.00265265-0.000165983j -0.00148782-0.00278213j -0.00260771-0.0051563j 0.000742094-0.00276873j -0.000771374+0.00314096j 0.00048996+0.015682j 0.00228037+0.00761006j -0.00233275-0.00227993j 0.000373633+0.000438007j 0.00846458+0.00306838j -0.00718573-0.00266412j 0.002975-0.00343999j -0.00303953+8.56539e-05j -0.00379045+0.00131908j -0.00737326+0.00491756j 0.00124993-0.00295605j -0.00432974-0.00352601j -0.000904995-0.00151939j -0.00822481+0.00712819j 8.48259e-05-0.000814675j -0.000579763-0.003991j 0.00299656-0.0084667j -0.00619789+0.000579199j 0.00361625-0.00260185j 0.000605989-0.00658654j 0.00422077+0.00589254j 0.00481068-0.0011685j 0.00112629-0.00141975j 0.000276112-0.000421845j -0.00699448-0.000718641j -0.00201146-0.00111314j -0.00381603-0.00178923j -0.00565654-0.00205361j -0.000865692+0.0117875j -0.00267582-0.000340863j 0.00632898-0.000621331j -0.00622732+0.006844j 0.00532317+0.00728021j 0.00557862-7.5187e-05j -0.00501864-0.00384489j -0.00439396+0.00544805j -0.00245113-0.00499788j -0.00288763+0.00165171j 0.00173109-0.000301226j 0.000520486+0.00199269j 
0.00263745+0.000972894j -0.00373443-0.00429803j 0.00632201-0.0190424j 0.00527652+0.00244422j -0.0120999-0.00838957j -0.00139731-0.0147839j -0.00932464+0.00614167j 0.00576565+9.60715e-05j -0.00916558-0.00137749j -0.00206381-0.0177717j -0.00126375-0.00724021j 0.00364495-0.00235029j 0.0030917+0.000750025j 0.00337447-0.00133977j -0.00709647-0.00174124j 0.00114267-0.00347755j -0.00192733+6.92081e-05j -0.000314573-0.00234528j -0.00310014-0.00280809j -0.00169222+0.00366228j -0.00540402+0.00111175j 0.00321024-0.00108941j 0.00465142+0.0037618j -0.0013596-0.000148283j 0.000740107-0.0056448j -0.00242133-0.00199184j -0.000930261+0.00311719j 0.00263773-0.0021456j 0.00805464-0.00230054j 0.0032006+0.00628668j 0.00773279+0.00161498j 0.000441117-0.0074698j 0.00191278+0.00590281j 0.000288155+0.0026506j -0.0089311-0.00108111j 0.0069167-0.00115009j 0.00116138+0.00557252j 0.00153091+0.000106515j -0.00993688-0.00431854j -6.3604e-05+0.00197511j 0.00217581-0.00157841j -0.00528617-0.00443981j 0.00145818+0.00137742j 0.00628972+0.00333813j -0.00162267+0.00323572j 0.00158977-0.00199443j -0.00503253-0.00395085j -0.00191507-0.00151468j 0.00372177-0.00314106j -0.00259167+0.00110527j 0.00900835-0.00304309j 0.00182848+0.00235638j -0.00738717+0.00689501j 0.00541459+0.00413762j 0.0144698+0.00974416j -0.00637623-0.00185107j -0.000774698+0.00450306j 0.000214996-0.000849787j -0.0144832+0.0149469j -0.00739398+0.0130762j 0.00267722+0.000719338j -0.00191727-0.00568324j 0.000349385+0.00193325j 0.00203937+0.00268951j 0.00175114+0.00489833j -0.00574394-0.0088515j -0.00690924+0.0091414j 0.00691482+0.00328836j 0.00343186-0.0111588j 0.00921781+0.00365377j -0.000587623+0.00105843j -0.00271369-0.00183279j -0.00209723+0.00457636j 0.0104953+0.003386j -5.56416e-05-0.00955189j -0.00225049+0.00591413j -0.00638711+0.000373124j -0.00137814-0.00606768j -0.00564633+0.00682932j 0.0064341+0.00102679j 0.00131955+0.00110792j 0.00321188-0.00570108j 0.00262783+0.00274667j 0.00265715-0.00275882j -0.00341255+0.0045216j -0.00261955+0.000747421j 0.00165657+0.00460799j 0.00331076+0.00484983j 0.00231547-0.0015742j -0.00411047-0.0084869j -0.007619+0.00156208j -0.000771821+0.00054038j -0.00817242-0.000230042j 0.00474283-0.00635807j 0.00397659+0.00891268j -0.00208952-0.000229431j 0.0015244-0.00215285j -5.78601e-05+0.000397241j -0.00403179-0.00367838j 0.000107793+0.0010796j 0.00188696+0.00928616j 0.000324574-0.000398357j -0.0018699+0.00485992j 0.000553466+0.0035887j -0.00416667-0.0047171j -0.00213838+0.000199715j -0.00112449-0.00136936j -0.00402249-0.0047188j 0.00531923-0.0030192j -0.00240375-0.00386953j -0.002334-0.00115635j 0.00328878+0.000451904j -0.00242459-0.0035517j 0.00284806+0.00202202j -0.00672311-0.000609563j 0.00208998+0.000409076j 0.00314364+0.00294635j 0.00711908-0.000978314j 0.0049381-0.00146256j -0.0019532+0.00205911j -0.000405856-0.00362662j -0.000459567-0.00111009j 0.00519626+0.00662055j -0.00295968-0.00134645j 0.00366633+0.00348223j 0.0055219+0.0113247j -0.00140034+0.000677488j 0.00383611-0.00353069j -0.00520902-0.00491446j 0.00658325-0.00947855j -0.000563206+0.00260503j -0.0117441+0.00803381j -0.00367381+0.00466484j -0.0003147+0.004105j -0.00893374-0.00194725j -0.0035909-0.00186243j -0.00419696+0.00171407j 0.00423799-0.00276266j 0.00464754-0.00313415j 0.0013857+0.0048466j -0.00796073+0.00688293j 0.0037371+0.00450381j 0.0103809+0.00355893j 0.000617314+0.00780486j -0.00645658-0.00300733j -0.000384514-0.000179039j -0.0033148-0.00439672j 0.00621594+0.000644226j 0.00152111+0.00100535j -0.00204823+0.0160914j -0.00732654-0.000205106j -0.0114694+0.00534928j 0.00151452+0.00586466j 0.00559941+0.00906759j -0.00387125+0.000197607j -0.000277073+0.00244425j 0.00741909+0.00111579j 0.00225657-0.00530138j 0.00475401+0.00566799j -0.00595285+0.00487789j 
-0.00712841-0.00281222j -0.00209464+0.00386207j 0.00920785+0.00022903j 0.000864677+0.00870285j -0.0111149+0.00984815j -0.00946081-0.00761791j -0.00190733+0.00707157j -0.00425977-0.00588114j -0.00867594+0.000737184j -0.00218162+0.0113336j 0.00223282-0.0138014j -0.00380759+0.00274869j 0.000964216+0.00618395j -0.00428125-0.0147225j -0.00392476-0.000454778j 0.00187169-0.0187732j -0.00432327+0.00630113j -0.00134418-0.0098651j -0.00991043+0.00220733j -0.000199697+0.0181268j -0.00703513+0.000936598j 0.00423742+0.000662965j 0.00909136-0.00104203j 0.00438204-0.00214935j 0.00836496+0.00318306j 0.00715563-0.0126872j -0.00445357+0.000664505j 0.00141434-0.00804837j -0.00528113-0.00573209j 0.0120983-0.00630752j 0.00192508-0.0106247j -0.00698785+0.00167774j -0.0102438-0.0030773j -0.00189648-0.000584632j -0.0029228-0.00616312j -0.000527288+0.00538698j -0.00841579+0.00230055j -0.0139039-0.00593687j 0.00243011+0.00151606j 0.00218031-0.0019708j -0.00719939-0.000140935j -0.000566745-0.00199717j 0.00151126+0.0121412j 0.00308923+0.00397297j 0.00245172-0.00355585j 0.00773029-0.00481477j 0.00131212+0.00184636j 0.00878666+0.00366086j 0.00235627-0.000325368j -0.0025839-0.00968997j 0.00438189-0.00692731j -0.0107178-0.00120002j 0.00329536-0.00117694j -0.00328062-0.00437752j -0.00250607+0.005985j -0.00452364+0.0091561j -0.00189368+0.00144799j -0.00353606-0.0049422j -0.00146173-0.000618027j 0.00840432-0.00254128j 0.00514097-0.0053104j 0.00612969+0.00428855j 0.00820159-0.00320317j -0.00575341-0.000781222j -0.00606175+0.00334999j -0.00249566-0.000140468j -0.00161368-0.000602082j 0.000620376+8.94944e-05j 0.00309018+0.00671393j -0.00772694+0.00704396j -0.00209676+0.000567359j -0.000564475+0.000484709j 0.00643482+0.00477722j 0.000192125-0.00761588j -0.00218983+0.00617377j 0.00613898-0.0047094j 0.00305127+0.0012775j -0.00182528+0.00236647j -0.00348229+0.0100975j 0.010871+0.00403832j -0.00650448+0.00708832j -0.00162048+0.00034447j 0.000529291+0.00325433j -0.000954641+0.00110639j 0.00661786-0.0045689j -0.000982988-0.00720359j -0.000799553-0.00669881j -0.000502203+0.00286451j -0.00675935+0.00441539j 0.00221726+0.00138028j -0.00928451-0.00252257j 0.00698443+0.00684899j 0.00515989+0.00690737j -0.00066694-0.0074666j -0.00151483+0.00619378j 0.00293125-0.000698535j 0.00111191-0.00772779j 0.00592386-0.00467037j 0.000546655-0.00697687j -0.00126615+0.00187789j 0.00855244+0.00673802j 0.00698946+0.00392226j -0.00497104+0.00181573j 0.00013697-0.00402405j -0.000749637+0.00268042j -0.00213892+0.00418353j 0.00473959-0.00345266j -0.000247939+0.00244267j 0.000864638-0.00213493j -0.00281783-0.00139728j -0.00030024-0.000187181j 0.00806809+0.00211159j 0.00049484-0.00388325j 0.00557763-0.00131535j -0.00354536+0.00244564j 0.000586266-0.00472597j 0.00236186+0.00580389j 0.00477928-0.00612134j 0.00451109-0.00876852j -8.22779e-05-0.00485011j -0.00400934-0.00368548j -0.000672633+0.00909372j 0.00711628+0.00570408j -0.000648121-0.00844161j 0.00115709+0.0018646j 0.000434406+0.003298j -0.00775356-0.00289887j 0.00435188+0.000499213j -0.00415619+0.00139526j -0.00401939-0.00364773j -0.00937714+0.00750898j -0.00809639+0.00471667j -0.00300454-0.00449775j 0.00786322+0.00529745j -0.00763331+0.00243096j -0.00619658-0.00285698j -0.00410722+0.00217237j 0.000280567-0.00148272j -0.00418813-0.00617268j -0.0032893-0.00135926j 0.00768381-0.00466647j -0.00354387-0.00461257j -0.0116837+0.000551965j -0.0018904-0.00689062j -0.00539642+0.00561203j -0.00135334+0.002717j -0.0101764-0.00572398j 0.00745058-0.0112075j -0.0046774-0.0045615j 0.00755039+0.000458966j 0.0030514+0.00393772j 0.00613377-0.000291171j 0.000384803-0.00207421j 0.000422834-0.00381754j 0.00786997-0.00733624j -0.00807018-0.00771727j -0.000283004-0.0029029j -0.00329621-0.000963732j -2.96722e-05-0.00490105j 0.00516476-0.000482158j 
0.00168351+6.91726e-05j -0.00476195+0.00159306j -0.0108716-0.0145701j 0.00416751-0.00531794j -0.0018363-0.0107027j 0.00349327-0.00511122j -0.00506608-0.000981904j 0.0086031-0.00101905j 0.00149006-0.000373108j -0.00821974-0.0176742j -0.00419565-0.000420126j 0.00070478-0.00600098j 0.00240178-0.00644827j -0.0153383+0.00964824j 0.00434098+0.0087428j -0.00502135-0.000350446j 0.00803601+0.00786647j -0.00564229+0.00484283j -0.00628264-0.00395323j -0.0096303+0.0116575j 0.00327749-0.00835925j 0.00339587+0.00790178j -0.0112014-0.00419416j 0.00854027+0.00346145j 0.00455562+0.0185128j 0.00600663-0.00546196j -0.00184095+0.00146783j -0.00783676+0.00595317j -0.00209446+0.00412446j -0.0153833-0.00908978j 0.00262813-0.0032299j -0.0020636-0.009745j -0.00382185+0.00730739j 0.00219918-0.00342243j 0.00361263+0.00658112j 0.00973467-0.00462085j 0.0058281+0.00494273j -0.00574117+0.00270868j 0.00106287+0.00354318j 0.0078874+0.00580178j 0.000762632+0.00199473j -0.00194924+9.39255e-05j 0.00131425-0.000989971j -0.000670031+0.000132775j 0.0021703-0.00246875j 0.00204687+0.00139773j -0.00186307-0.00369052j 0.00232223+0.0013224j 0.00626139+0.000676999j 0.00474812-0.00225185j -0.000399399+0.00311269j -0.0159319-0.000827522j 0.00295416-0.00100997j -0.00177112+0.00497927j -0.00161514+0.0037475j -0.00479116+0.015979j -0.00129786+0.00958931j 0.00072913-0.00843096j 0.0043203-0.00267903j -0.00038833-0.000642796j 0.000841582+0.00283803j -0.00757069+0.000335749j -0.00740609-0.00286799j -0.00209172-0.00324035j 0.00423101+0.00015317j 0.00511107+0.00395282j -0.000206883-0.00739628j -0.00629879+0.0046981j -0.00052185+0.00885263j -0.00901859-0.00181423j 0.00244736-0.00310116j 0.00414211+0.000672376j 0.0058052+0.00798595j 0.00790967-0.00388423j 1.46184e-05-0.00652993j -0.00411466+0.000873903j -0.0087157-0.00463972j 0.00405815-0.00786871j 0.00479004+0.0038345j 0.00039129-0.00382399j 0.00452627+0.00286885j -0.00073795+0.0014324j -0.000693108-0.00240067j 0.00119152-0.000502306j 0.000968112-0.00276821j -0.00327708-0.000622154j 0.00555145-0.000904601j 0.0062722-0.00535927j 0.0018443+0.003223j -0.00618105-0.00264251j -0.000658105+0.00719461j 0.00184217+0.00256593j 0.00327485+0.00578418j 0.0014398+0.0023405j -0.00113632-0.00123288j -0.00482307+0.00535074j -0.002178-0.00425017j 0.00327453+0.00388657j -0.00122662+0.0083593j -0.00340881-0.00315446j 0.00171576+0.00685669j -0.00694218-0.00270413j -0.00180016-0.00043615j -0.0041643-0.000241272j 0.0023443-0.00320883j 0.00237105-0.00045905j -0.0080054+0.000480573j -0.00214977-0.00440111j 0.0046717+0.00113702j -0.00404118-0.00379086j -0.00212636+0.000268838j 0.0014437+0.0044683j -0.00183259-0.000305913j -0.0012223+0.00276604j -0.00625218-0.00314777j 0.00178063+0.0019958j 0.00381927+0.00100448j 0.00622829+0.00131685j 0.00959592-0.000488985j -0.000372839+0.0012856j 0.00433849+0.000478644j 0.00519868-0.00114912j 0.0104934+0.00146823j -0.00149475-0.00130619j 0.00174453-0.00335144j 0.00290605+0.00914139j -0.0143732-0.000208406j 0.00815978-0.00850851j -0.00287912-0.00192159j -0.00109423-0.0121661j -0.00513268+0.0117939j 1.66644e-05+0.00684957j 0.00390408-0.00153326j -0.00116826+0.000637647j 0.00214325-0.003782j -0.000970126+0.00677515j 0.00207715+0.0125012j 0.0030198-0.0112448j -0.00167484+0.00288437j 0.016106-0.00118138j 0.0025315+0.00330392j 0.0049136+0.00187808j -0.00333067-0.00311311j 0.000703262-0.0120263j -0.00239701+0.00265201j 0.00253609-0.000888016j 0.00782191+0.00131903j 0.00159817+0.0040956j 0.000393112-0.00450494j 0.00496109-0.00612329j -0.000491191+0.00295027j 0.00493602-0.000644749j -0.00341064-0.00501212j 0.00118575-0.00414774j 0.000629344+0.00302007j 0.00342874+0.000115827j -0.00141133-0.00200211j -0.00224064+0.00289883j 0.00101538-0.000120276j -5.92152e-05+0.000905484j 
0.00425492-0.00399151j -0.00418099-0.00226867j -0.002612-0.00235844j 0.00212107-0.000279144j -0.000446177-0.00294593j 0.00122592-0.000653404j 0.000972431-0.00207102j 0.00139688+0.00165819j -2.84513e-05+0.000720229j 0.00155787-0.00664884j 0.000281673+0.00114333j 0.00235954-0.00356161j 0.00125026-0.000369882j -0.00759667+0.00742072j 0.00114163+0.00671402j 0.00408997-0.0010447j 0.000103775-0.00162103j -0.00064548+0.00378505j -0.000631284+0.00121082j -6.41214e-05+0.00366177j -0.00136718+0.000581288j 0.00065244-0.0029328j -0.000270113+0.00483137j 0.000283392-0.00172222j 0.00242435-0.00708418j -0.000840107+7.52739e-05j -0.000415266+0.00305851j 0.00091347-0.000645769j -0.0128281-0.0140539j 0.00673587-0.00234995j 0.00683655-0.00229869j -0.000670438-0.00558147j -0.00390071-0.000246887j -0.00446185+0.0110503j 0.00128742+0.00680301j -0.00617848-0.00269734j 0.00509891-0.00407496j 0.00227985+0.00663475j 0.00155289-0.00172265j 0.000797443+0.00225509j 0.00218055-0.0081078j 0.000439977-0.00195412j 0.00473834+0.00299101j -0.00429369-0.000739262j 0.00619887+0.00323688j -0.00117242+0.0028873j -0.00345223+0.00253432j 0.00300549-0.0025893j -0.0059893-0.000856007j 0.00333303+0.00213371j 0.000511629-0.00282976j 0.00101392+0.000471687j 0.00487925+0.00259117j -0.000317132-0.000543531j 0.00215413+0.00122416j -0.00210661+0.00186163j -0.00237172+0.00108115j -0.00424973+0.000413917j 0.00324403-0.00425111j 0.00317913-0.00196981j -0.00201107-0.0015749j -0.00353169+0.00195825j 0.00381001-0.0021497j 0.00195016-2.99232e-05j -0.00127588-0.00362417j 0.00531862+0.00928521j 0.00233687-0.00741136j -0.00312422-0.00300242j 0.00431352+0.00967031j -0.00235915+0.000289657j -0.00636094-0.00294113j 0.00512304-0.00561057j -0.0197056+0.00338726j -0.000759255+0.00854344j -0.00497986+0.00406412j -0.00201018+0.0058078j 0.00334055-0.000279886j -0.00126778+0.00444164j 0.00846253-1.77583e-05j 0.0103137-0.0112364j 0.00286577+0.00162852j -0.000859387-0.000632167j 0.0147036+0.0139363j -0.00126794-0.00646479j -0.00196081-0.00646886j -0.00759674-0.00577485j 7.34058e-05-0.00129118j -0.00711815+0.00327924j -0.00342055+0.000545676j 0.00415262+0.0100005j 0.00535023-0.0013771j 0.00160818-0.0111309j -0.00641643-0.00217942j 0.00183354+0.00396166j -0.00470325-0.00313213j 0.000667114-0.00407628j 0.00112038-0.00333777j -0.00257908+0.00652173j -0.00115469-0.00814719j -0.00448598+0.005681j 0.000494489+0.00766274j -0.000360419+0.00185493j -0.00148114+0.00238023j 0.00420312-0.00390131j 0.00484879+0.000473612j 6.84332e-05-0.00631207j -0.00328037-0.00276658j -0.000585313-0.000283418j -0.00463761+0.0012659j -0.00189475+0.00492589j 0.00741377-0.00751362j 0.000576276+0.00239988j -0.00279404+0.00157549j 0.00142653+5.20556e-05j -0.00335403-3.22015e-05j 0.00153565-0.00419357j -0.00347037-2.949e-05j 0.00164077+0.00206519j -0.00279201+0.00208961j 0.00151336-0.00314791j 0.00162502+0.000368541j -0.00793991+0.0029776j 0.0113701+0.00174783j -0.00465889-0.00302169j 0.00152712-0.00666999j -0.0048347-0.00327248j -0.000200423+0.00286608j -0.00287494+0.0012207j 0.00432199-0.00664479j 0.00100875+0.00236013j 0.00294334+0.00423996j -0.00817541-0.00525441j -0.000363222+0.00762295j 0.00762756+0.00450793j 0.00404916-0.000136702j -0.00613984-0.00132447j 0.00496474+0.00838389j 9.3409e-05-0.00723435j 0.00946375-0.0077697j -0.000131854-0.00282665j -0.0024672-0.00538573j -0.00944947+0.00153504j -0.00293398-7.68869e-05j 0.00211052+0.00084365j -0.000959142+0.00501356j -0.000948701-0.00373345j 0.00753156+0.00344682j -0.000197094+0.000263243j -0.0022635-0.00482621j 0.00514894-0.000290319j 0.00532863+0.00334895j 0.0016849+0.00381214j -0.00446088+0.00545979j 0.00451204+0.00475295j 0.000676236+0.00205514j -0.00115144+0.000808518j 0.00771923-0.00451499j 0.00202001-0.00630719j -0.00614479-0.00318324j 0.00258848-0.00589994j 
0.00661785+0.0078615j 0.00804296-0.00449922j -0.00229686-0.00209128j -0.00285251+0.00200883j -0.00178371+0.00129188j -0.00136672+0.000571821j -0.00199183+0.00328205j -0.00135701+0.00145474j 7.77673e-05-0.00137928j 0.0010855+0.00148937j -0.00132286+0.00566399j 0.000851653+0.00510859j -0.000158463+0.00261987j -0.00415806-0.0153419j -0.00512099+0.000326987j -0.00385499+0.0080662j 0.000509652+0.00488186j -0.000170576-0.000864804j -0.000762727-0.00206176j -0.00258059-0.00051476j 0.00199879+0.00187555j 0.00683183-0.00254545j -0.00410268+0.000519404j -0.000309052+0.00277913j 0.00254651-0.00213535j -0.00222751-0.00437371j 0.00167647+0.000805001j 0.00300514+0.00286232j 0.0119418-0.00775193j 0.00391146+0.00439026j 0.000849348+0.00492814j 0.000901443+0.00143364j -0.000689955-8.16207e-05j -0.000814723-0.00145905j -0.00506657-0.00367135j 0.00535309-0.0058458j 0.00164182+0.0066921j -0.00491279+0.00257956j -0.00191815-0.000320604j -0.00135552+0.000548719j 0.00160363+0.00558724j -0.00123664+0.0012679j -0.00325388-0.00264187j 0.00252275-0.00364048j -0.00441714+0.00348469j -0.00268603+0.00245164j -0.000128001-0.00439256j -0.00122968+0.00130833j 0.00738053-0.00278247j -0.000391571+0.00178412j 0.00106667-0.000597976j -0.00160202-0.000593746j -0.00635692+0.000141058j -0.00142241+0.00277167j -0.00254518+0.00183389j -0.000874804+0.00134762j -0.00178855-0.000267165j 0.00251089-0.00444425j 0.00398506+0.00178715j 0.00207497+0.00141197j -0.00105897+0.00145286j 1.40368e-05-0.00240906j -0.00137701-0.000842851j 0.000852936+0.00101077j 0.00382916-0.00165845j 0.00299687-0.00325252j -0.00351088-0.00469301j -0.00290706+0.00395553j 0.00258469+0.00230614j -0.000547729+0.00217827j -0.0105971+0.000594971j 0.00473867-0.00207979j -0.00974142-0.000626385j -0.00126695-0.00225988j -0.0115323-0.000324774j -0.0013352+0.00916822j -0.00130164-0.0050629j 0.00268867-0.00321441j -0.00370283-0.00424204j -0.0026967+0.000770517j -0.00575449-0.00298501j 0.00365127+0.00558726j 0.00196641+0.0131501j -0.0027076-0.0047582j 0.00127066+0.00198934j -0.000459461-0.00502284j -0.00459981-0.00171557j 0.00591252-0.00627488j 0.0101778+0.00520476j -0.000285046+0.000514911j 0.000849348-0.00262803j 0.00538142+0.00170833j 0.00117083-0.00290086j 0.00437838-0.00597092j 0.00312292+3.22836e-05j 0.00427286-0.00255707j 0.00438495+0.00200992j 5.74033e-05+0.00205151j 0.00503475+0.00419049j -0.00640686-5.64398e-05j -0.000688076-0.00661218j -0.00105409+0.000213513j -0.00234334+0.00580954j 0.000204974+0.000696523j 0.000697596-0.00662107j 0.00858173+0.000687041j 0.0027336-0.00278796j -0.00030181-0.00383527j -0.00155482-0.00281981j 0.00388375-0.00219252j 0.00313732+0.00423552j -0.000334223-4.58891e-05j 0.00100014-0.0075778j -0.00374942+0.00432375j -0.00824156-0.000586527j 0.0073684+0.000907921j -0.00191528-0.00119965j -0.000292165+0.00246913j -0.0063714-0.00221895j -0.000489943+0.00459394j -0.000388679-0.000637778j 0.00148531-0.00297503j 0.00280265+0.00302478j 0.000233272-0.00682158j 0.00363886-0.000957829j 0.00784992+0.00212655j 0.00168556+0.00777303j 0.000836887-0.00132855j 0.00311347+0.000714739j 0.00176662-0.00440468j 0.00225245+0.00191583j -0.00332168-0.00670107j -0.00394101-0.000187539j -0.00275851+0.0036668j -0.00118239+0.00602693j 0.00505265-0.0043186j -0.00119149+7.74046e-05j 0.00352508-0.000421914j 0.00348715+0.00400617j 0.00258516+0.000135288j -0.000645684-0.00218689j -0.00280136+0.00295537j 0.00160066-0.00131511j -0.000956119+0.00665995j -0.0078356+0.00147812j 0.0112053-0.00292311j -0.00502107+0.00345672j 0.00415848+0.000442277j 0.00646718-0.000101453j -0.000945801+0.00625167j 0.00825152-0.00204354j -0.00291952-0.000782628j 0.00445434+0.00627284j -0.0106559-0.00678647j -0.00210418-0.00223494j -0.00187337-0.00106194j 0.0121414+0.00939093j 0.00683344-0.014692j -0.00375617-0.0068995j 0.00617461-0.00159979j 
-0.00134018-0.00507976j -0.00431964+0.00243852j 0.000483393+5.27059e-05j 0.00129017-0.000861336j -0.000282621-0.000499897j 0.000373857-0.000942697j 0.000431323-0.00255979j 0.000295593+2.78536e-05j -0.00036703+0.00097232j -0.000589487-0.00163727j 0.00106085-0.00223476j -0.000307992-0.00193911j 0.00118059-0.000775252j -7.46062e-05+0.0050548j -0.00036667-0.00135829j 0.000385584-0.0030327j -0.000284446-0.00266252j 2.46421e-05+0.000432648j -0.00186009+0.00107078j 0.00209108+0.000421739j -0.00091074+0.00132257j -0.000581966-0.000461669j 5.57474e-05+0.00128772j 0.000738646-0.00137901j -0.000339468-0.00195943j 0.00261118-7.49118e-05j -0.000983968-0.000308187j 0.000592185-0.00175308j -0.00459945-0.00189962j -0.000615662+0.00258346j 0.00324005-0.000363382j -0.00139355-0.00422725j -0.00644127-0.000233012j -0.00186018-0.000958717j 0.00462328+0.00338186j -0.00186419-0.00101757j 0.0030909-0.00125728j 0.00305242+0.00194669j 0.00138016-6.31154e-05j -0.000481579+0.00300805j -0.00023509-0.00500321j 0.000132202-0.00227072j -0.000935901-0.00225556j 0.00145147+0.00241513j 0.000191005+0.000131566j 0.00281717+0.000119098j -0.000391805+0.00407838j -0.00137658-0.00305379j -0.000946502+0.00119403j 0.00275801-0.000747698j -0.000570489-0.00104785j 0.000732521+0.000275483j 0.00371962-0.000120828j 0.000469877-0.00148477j 0.00026706+0.000353964j -0.000437377-0.000104784j 0.000557506-0.000790984j -0.000373207-0.000851147j -8.66969e-05-0.000421144j 0.00340195-0.00185604j -0.0028779+0.000344002j -0.00043507+0.00409489j 0.00291052+0.00105573j -0.00384334-0.0014337j -0.000189961+0.00146468j 0.00039742+0.00211024j 0.00250487-0.00117324j 0.000687631-0.00277282j -0.000682324+0.00214218j 0.000226685-0.00157902j 0.000702194-0.00246455j 0.00211011-0.00134996j -0.00538337-0.00158933j 0.00115531+0.00590594j 0.002848-0.00350386j -0.00684034-0.00029831j 0.00254263+0.00164937j -0.00356164+0.00341568j 0.00377583+0.000852871j 0.00610615-0.00584973j 0.00768578+0.00577661j -0.00325448+0.00522802j -0.00129955+0.00529106j 0.00558599-0.00163358j 0.00237517-0.00629915j 0.00161891+0.00114157j 0.00012703+0.00389476j -0.00451863+0.00492516j -0.00416475-0.00214141j 0.00161933+0.00377138j 0.00302523+0.00160032j -0.00176829-0.000629907j -0.00581162+0.000256666j -0.00136352+0.00790652j -0.00122187-0.000388667j -0.00137449+0.00481116j -0.000321139+0.00130996j -0.000835248-0.00125566j -0.00293154-0.00358574j -0.000118828-0.00310684j 0.00147688+0.0052939j -0.000481058-0.000906237j -0.00038631-0.0010637j 0.000999798+0.00218529j 0.00183128+0.00353084j -0.00269367+0.000888202j -0.0047966-5.5171e-05j -0.000540332+0.00127425j -0.00153803+0.000160007j 1.44449e-05+0.00294209j 3.45107e-05-0.00185152j 0.00149922-0.000239449j 9.24866e-05+0.00113493j 0.00195358+0.000798579j 0.0042839-0.00162922j -0.00405076+0.000521806j 0.00173637-0.00205627j 0.00225767-2.14926e-05j 0.00335253+0.000595445j -0.00072851+0.000312439j 0.00171708-0.000337454j -0.00160525+0.00264879j -0.000128354+0.00320113j -0.00013091+0.00491684j -0.00285638-0.00282739j -0.0069796-0.00059898j -0.00357381-0.00091659j -0.000734869-0.000593607j -0.00150013-0.000466035j -0.00141018+0.0015034j 0.00179599-0.00620456j 0.00336131+0.00216752j 0.000206809+0.00234927j -0.00213689+0.00115742j -0.0020116-0.00165567j -0.000484456+0.00497323j -0.00498618+0.00224148j -0.00508034-0.00351324j -0.000484276-0.00664591j 0.000998764+0.000301481j -0.000276051+0.000302064j -0.00166954-0.0034376j 0.00262455+0.00307818j 0.00491998-0.00466957j 0.000565946-0.000518508j -0.00099203-0.00120616j 0.000641286-0.00113786j 0.000168767-0.0006746j -0.000944925+0.000467055j 0.00340012-0.0028013j 0.00127255+0.00142255j 0.00813159-0.00098905j -0.00148817-0.00374432j -0.000682027+0.00370314j -0.00287473+0.0013605j -0.000736369+0.00304897j 0.000919246-0.00279795j 0.00066508+0.0050094j 0.0112045+0.00398475j -0.00354861+0.0120878j 
0.0148615+0.000454955j -0.00237181-0.0118208j -0.00141675-0.000453802j 0.000194433+0.0019039j -0.00124336+0.00149874j 0.000561336+0.00213728j 0.00378094+0.00221588j 0.00140603+0.00305015j -0.000979737-0.000221248j 0.00526936-0.00318017j 0.00101103+0.0070232j 0.00391293-0.000405501j -0.000363429+0.00560611j -6.65811e-05-0.00574491j 0.000425316+0.00244441j 0.000892167+0.000718035j 0.00417821+0.0023169j 0.00109807+0.00173171j -4.88474e-06-0.00258843j 0.0021774+0.00441634j -0.00354659+0.00270094j 0.00763487-0.00642881j 0.00550281+0.00300426j -0.00271045+0.00150999j 0.00472199-0.0084613j -0.00492599-0.000681476j 0.00184438+0.00369054j 0.00203884+0.00354707j 0.00182589-0.00279663j -0.00445663+0.000504143j 0.00630177-0.00205784j -0.00264174-0.00971492j -0.00189872-0.00503551j 0.00819643-0.00576418j 0.00285917+0.00364538j 0.00146167+4.86799e-05j 0.000490992-0.00157714j -0.000683346-0.00161376j -0.00290283-0.000221818j -0.00548667+0.00256232j 0.00198235-0.00529506j -0.00247838-0.00224274j 0.00170748-0.00707344j 0.00472096+0.00414479j -0.00593649-0.000518519j 0.00763062+0.00228916j -0.00190078+0.00375531j 0.000888434-0.000124859j 0.00238652+0.00320469j 0.00262374-0.000427995j -0.00285116-0.0023651j -0.00216648-0.00335286j -0.000858833+0.000469228j 0.000491955-0.00322357j -0.00236767-0.00353121j -0.00181921+0.000951496j -0.001203+0.00128418j -1.03384e-05-0.00074175j 0.0043176+0.003193j 0.00675558+0.000999416j -0.00312162+0.00244816j -0.00175678+0.00308795j 0.000405177-0.00412062j 0.00233436+0.00334041j -0.00383505-0.00689973j 0.00837903-0.000292291j -0.00351376-0.00738219j -0.00485185+0.0034715j 0.00629385+0.00344104j -0.000515416+0.00937995j -0.0102575-0.00229305j 0.00347194-0.00327829j -0.0103219-0.00300294j 0.00316615+0.0107283j 0.00418173-0.00551774j 0.00404523+0.000812574j 6.24678e-06+0.00181713j 0.00238833-0.00036209j 0.00603791+0.00123293j 0.00575854-0.00204929j -0.000224706+0.00146554j -0.011877-0.005222j -0.00540211-0.0108895j 0.00318141+0.0102546j -0.0077074+0.00287802j -0.00302379+0.00135236j 0.00128289-0.00380118j -0.00453578+0.00292527j -0.00463207+0.00251954j -0.00935695-0.00083246j -0.00737648+0.00126342j -0.00631627+0.00173481j 0.00136358-0.00473369j -0.00528651-0.00236594j -0.00372492+0.00349806j -0.00199487+0.0018519j -0.00384629+0.00468228j 0.00289649+0.0032485j 0.00127368-0.00237495j 0.00929111+0.00032203j -0.00570199+0.00381842j 0.00469069-0.00494452j -7.6117e-05+0.00580845j -0.011388+0.00474349j -0.00160793-0.00518698j -0.00157763-0.00131484j 0.000382745-0.00473077j -0.00702209+0.00110869j 0.000811667-0.00287494j -0.000314772+0.00474754j -0.00419205-0.00664957j 0.00323828-0.00110908j 0.0020552-0.00360615j -0.00265501+0.00471584j 0.000728097-0.000459713j -0.00550562+0.00162114j 0.00220118-0.00189495j 0.00066676+0.00183563j 0.00510087+0.0013868j -0.0032081+0.00226648j 0.000803486-0.00122493j -0.00040792+0.00315833j -0.00411464+0.00404655j -0.0086959+0.00738018j -0.00240902-0.00296794j -0.00658427-0.0010317j -0.00442256-0.00402025j 0.00054646-0.00326222j -0.00516979+0.00435988j 0.00247198-0.00414993j 0.0107622-0.00286087j 0.00037546+0.00533466j 0.000595742-0.00201046j -0.00422228-0.0055087j -0.002763-0.00586016j -0.00389771-0.00368537j -0.00313034-0.00799111j 0.00252949-0.0107331j 0.00481254-0.00286306j -0.000578992+0.00278369j 0.0016659-0.00832948j 0.000730694+0.00121705j -0.00141552+0.0062832j 0.000332661+0.00167549j -0.00160414+0.00302268j 0.0104402+0.00263528j -0.00395796+0.00311323j 0.00216944+0.00126562j 0.006081-0.000288931j 0.010795+0.00539205j -0.000638583+0.00621206j -0.00544171+0.00288376j 0.0025159+0.00712319j -0.00611337-0.00156051j -0.00264429-0.0015466j -0.00201482+0.000907347j -0.003509+0.000710131j -0.00283359+0.00851726j 0.0107385+0.0179488j -0.0207353+0.0123102j 
-0.00978179+0.000644721j -0.00248804+0.00610697j 0.00225326-0.00143617j 0.00097004-0.00360529j 0.00290484-0.00429017j 0.00220186-0.000236579j 0.00141487-0.00151686j 0.00290866-0.00223148j 0.0012808+0.000667417j -0.000227888+0.000433951j -0.00357973-0.00523036j -0.00102433-0.00311055j -0.00356113-0.00291904j 0.00924777+0.00604306j 0.00297952-0.00267279j 0.00056185-0.00510389j -0.00219842-0.0041051j -0.000811314-0.00102695j 0.00232841+0.000910131j 0.00180413-0.000939149j -0.00258868-0.00299697j -0.00520468+0.00535251j 0.00343132-0.00178542j -0.000826251-0.00391529j 0.00331279+0.00228255j 0.00373517-0.000126684j -0.00375713+0.000529556j -0.00436762+0.000951114j -0.000544088+0.00507792j -0.00427476+0.00393736j -0.000327706-0.00161192j 0.000229535-0.00102092j 0.00340752-0.00211093j -0.00115178-0.00202791j 0.00655364-0.00329112j -0.00238674-0.000682504j -0.0028573-0.00140546j -0.000466751-0.00322444j 0.00419434-0.00188124j -0.000208724-0.00461874j -0.000566357-0.00321633j -0.000470749-0.00345434j 0.00105+0.00581235j 0.0034801+9.50116e-05j -0.00184378+0.00104795j 0.00151819-0.000446032j 0.00287723+0.00104423j 0.0020692-0.000123999j -0.00530235+0.00425018j -0.00475055-0.000563818j -0.00167626-0.000981772j -0.000479154+0.00168648j 0.00423918-0.00301089j 0.0011063-0.00301245j 0.00198322+1.199e-05j -0.0018564-0.00137855j 0.00231664-0.00103017j 4.00637e-06+0.00143328j -0.00282001+0.00161473j -0.00492732-0.000619963j 0.0019535-0.00154044j 0.00120805-4.59978e-05j 0.000382805+0.00246838j -0.00139359+0.00037404j 0.00129799+0.00122125j -0.00340476+0.000322282j 0.00386395+0.00376536j -0.0018651-0.00407021j -0.00399355+0.0026717j -0.00351321-0.00441305j 0.00517234-0.00181388j -0.0022554+0.00633753j 0.00175349-0.00624151j -0.00355612+4.97151e-05j -2.68208e-05-0.0019135j -0.00139435-0.00522473j 0.00365497+0.00505546j -0.00241259+0.0030969j 0.00340525+0.0039318j 0.00648862+0.000718072j -0.00121588+0.000940443j -0.00171467-0.00474644j -0.00413891-0.00441522j 0.00372996-0.000228347j 0.0014038-0.00139593j 0.00173614-0.000275231j 0.00277685-0.00115469j -0.00566323+0.00377337j -0.00938698-0.00259401j -0.0015552+0.00318979j 0.00229195-0.000494761j 0.000527023+0.000230219j 0.00374465+0.00413367j -0.00295692+0.00243378j -0.00306027+3.19461e-05j 0.000100956+0.000602996j -0.00331638+0.000126496j -0.00120303+0.000188373j -0.00260023-0.00603737j 0.00306747+0.000527682j 0.00039683+0.00310866j 0.00130287+0.000234428j -0.0012578-0.00440628j 0.000993243+0.00357346j -0.00070571+0.00331914j -0.00774112-0.00133571j 0.00268714+0.00150233j 0.00164729+0.00333057j -0.000166288-0.00155464j -0.00454457+0.00467538j -0.000735712-0.00390261j -0.000896272-0.00193977j 0.000321297+0.00390433j 0.00322789-0.00681607j 0.00423111-0.00473507j -0.00431705+0.00251576j -0.00114141+0.000716796j -0.00288972-0.00228254j 0.00313513-0.00372716j -0.00393927-0.000854814j 0.000655025-0.00172297j -0.00145881+0.00146415j 0.00194763+0.000110913j 0.00153843+0.00441493j -0.00169352+0.00344476j -0.00358466+0.000488646j -0.00181239+1.96741e-05j -0.00447105-0.000406149j 0.000789725+0.000459906j 0.00155246+0.00648606j -0.00445405+0.0014247j 0.00296762+0.000365056j 0.0046384-0.00271035j -8.41011e-05-0.00262873j -0.00411138-0.00291382j -0.00211316-0.00206572j 0.00431899+0.00256935j -0.000127699+0.00055696j -0.00018182+0.000551544j -0.0035302-0.000503845j 0.00127783-0.00180298j 0.00636218-0.00206897j 0.00373492-0.00166583j -0.00687921+0.000823941j 0.000992216+0.000254539j -0.00331321-0.00170898j -0.00503073-0.00620896j 2.39898e-06+0.00067285j 0.00590349+0.00491113j 0.000199437+0.00438732j -0.0041882-0.00107821j -0.00102485+0.00265536j -0.00626843-0.00380753j -0.00282836+0.00176229j 0.00596224-0.0053165j -0.00305112-0.00770238j 0.00237407+0.00863746j 0.00615854+0.00199561j -0.00170092-0.0109477j 0.00980822-0.00365629j 
-0.0116599-0.00721394j -0.00649424+0.0134208j -0.000512035-0.000642103j 0.00112876-0.00225591j 0.000231293-0.00241818j 0.00118848-0.00344165j -0.00324022-0.0051891j 0.00337629-0.00294213j 0.00142556-0.000301716j -0.00747396+0.00060236j 0.00386606-0.00740645j -0.00382229-0.00164595j 0.00192113-0.00253714j -0.00372106+0.00190186j -0.00470167-0.0053249j -0.00626961+0.00135021j -0.00164891-0.000651103j 0.00317871-0.00159952j -0.00333234+0.00408025j 0.00512152-0.00769845j 0.00694237+0.00595704j 0.000493104+0.0014994j -0.00455924-0.00273815j 0.00289326+0.00449336j -0.00321874-0.00108958j 0.00344764+0.0013911j -0.00238209-0.00410406j -0.000500997-0.00196093j -0.00129366-0.00646951j -0.00382791+0.00251112j 0.00120511-0.003313j -0.00227162-0.00215074j -0.00581638-0.00652137j -0.00313293-0.00834793j -0.000435572-0.00300393j -0.00244802-0.00375066j -0.000425762+0.00263299j 0.00125523-0.00124052j 0.0054628+0.00339753j -5.18779e-05-0.000923098j -0.00168927-0.00194426j -0.00346281+0.00172515j -0.00152237-0.00473429j 0.0065181-0.00354038j -0.00648574+0.00223609j 0.00413426-0.00271929j 0.000731048+0.00312239j -0.00106923-0.00665109j 0.00779161+0.00285357j 0.00553768-0.00551227j -0.0033439-0.00169214j 0.00325774+0.00124552j 0.00171312-0.00700491j -0.00165761+0.000420884j -0.00135639-0.00106777j 0.0010852+0.000648703j 0.0026793-0.0041053j -0.00198108-0.00386634j 0.00038705+0.00452473j -0.000754628-0.000838881j -0.0022748+0.000510656j 0.00287631+0.00346528j 0.0040929+0.00537441j -0.0037516+0.000857356j 0.00418358+0.00661645j -0.000400664+0.000642248j 0.00316253-0.0039062j -0.00227277-0.00117248j -0.00152743+0.00539369j -0.000616642-0.00184025j 0.00401285+0.0037867j -0.000843013+0.0013931j -0.00315117-0.000497156j 0.00356081+0.00499631j 0.00389459-0.00214041j -4.46303e-05-0.00641677j 0.00878791+0.00566182j -0.00660362+0.00837075j 0.00198658+0.00243731j 0.000616824+0.00429246j -0.00631001+0.00111042j -0.000718724-0.00268839j 0.00574453+0.00445666j 0.00796454+0.00119867j 0.00842974-0.00707669j -0.00357402-0.00201266j -0.00229059-0.00932084j -0.0040317+0.000426774j -0.00435314-0.00361834j -0.00319018-0.00592528j -0.0029916-0.00402569j 0.00197615+0.00840181j -0.00459079+0.00116263j -0.00227117-0.00247277j -0.000998601-0.00257419j 0.00732135-0.00349643j 0.00809436-0.0069052j 0.000826332-0.00396403j 0.00333373+0.00750908j -0.00363005-0.00387582j 0.00669583-0.000927446j -0.00245191+0.00105619j 0.0046182+0.00295506j -0.00320748-0.00273943j -0.00376185-0.000690164j 0.00179753+0.00236286j 0.0113365-0.000825737j -0.00151785+0.00434601j 0.00217727+0.00570089j 0.00683347-0.00141485j -0.00799714-0.00046917j -0.00303472+0.000310823j 0.00628999-0.00149174j -0.00437264+0.000821898j -0.00552699+0.00795211j -0.00504849+0.00247909j 0.0014934-0.00381671j -0.00574284+0.00385606j 0.00143982-0.00453701j 0.000338517-0.00909971j -0.00425541+0.000877862j 0.00113913-0.00185544j -0.00560721-0.000755744j 0.00737143-0.00600991j 0.000366357+0.00201216j 0.000975009+0.00312255j -0.00626703+0.0043147j 0.0127916+0.00951681j -0.00300041+0.00551816j -0.00863764-0.00458962j 0.006566-0.00734863j 0.00142394-0.000170093j 0.00198561+0.000462982j -0.00170069-0.00287515j -0.000123587-0.000412236j 0.00504389+0.0129749j -0.00509926-0.00221538j -0.00104147-0.0011373j -0.002288-0.00588023j 0.00132324+0.000548885j 0.0035607+0.0071941j -0.000327464-0.00651149j -0.00189125+0.0015526j 0.00300764-0.001088j -0.000179938+0.00236037j -0.00773423+0.00502353j 0.0084857-0.00133332j -0.00590511+0.00149784j -0.0100086+0.0024109j -0.00493466-0.00070864j -0.00780604-0.00122524j 0.00762901-0.00503187j -0.00358579-0.00953796j -0.00876153+0.00926408j 0.00493133-0.00907734j -0.0112808-0.00730982j 0.000937236-0.00508835j -0.00688495+0.00748919j 0.00122915-0.0137537j 0.0151961+0.00353138j 
0.00104718+0.0060606j 0.0032141-0.008195j -0.00106966-0.00231071j 0.000185962-0.000781277j -3.85956e-05-0.00387487j 0.00348991+0.000834451j 0.00283588+0.00275198j 0.00318469-0.00348514j -0.00121338-0.00189694j 0.00330976+0.00140902j -0.00293202-0.00135371j 0.00711895-0.00418995j -0.00687025+0.000252569j 0.00352599-0.000900386j -0.00340219-0.000472886j 0.00216581-0.000896215j -0.0012745-0.000869456j -0.000937917+0.000155918j -0.00214349-0.00199044j 0.000918944+0.000146048j -0.00296301+0.000947051j 0.00233994+0.00180619j 0.000961112+0.00181209j -0.00264355-0.000619194j 0.000103339-0.00528693j -0.00452703-0.00226055j -0.001706+0.00428257j -0.000371567+0.000590516j 0.001241+0.00159938j -6.17609e-05+0.00529924j 0.00204913-0.00489966j -0.00192+0.00123654j 0.00330905-0.000279506j -0.00307174+0.000444399j 0.00519031-0.006969j -0.00744959-5.2031e-05j -0.00318623-0.00258399j -0.00124439-0.00018121j 0.00419292-0.0027063j -0.00602275-0.00390296j 0.000346601-0.0051065j -0.0035133-0.00181589j -0.00104073+0.00737146j 0.00625079-0.00291328j 0.000121125+0.00243219j 0.0014891-0.0019137j 0.00328888+0.000526205j 0.00341275-0.00600142j -0.000902235+0.00658031j -0.00493368+0.00228979j -0.00571025+0.00278801j -0.0027496+0.000343516j 0.00351399-0.000434183j -0.000219323-0.0031727j 0.00124862-0.000658612j -0.00565772+0.00173249j 0.00116299-0.000301301j 0.00191225+0.00101337j 0.0014052+0.00287536j -0.00352963-0.00146689j -0.00435549+0.00209341j -0.00334449-0.00378008j -0.00226637-0.00159668j -0.00217112+0.00151534j 0.0010506-0.000935804j -0.00333305-0.00431754j -0.00453628+0.00205645j -0.00621934+0.00217475j 0.000770576-0.000480762j 0.000812836-0.000230655j -0.00153117-0.00222755j 0.00240023-0.00143195j 0.000598322+0.00110317j -0.00249793-0.000453987j -0.00185584+0.00474101j 0.00344351-0.00149694j 0.00396512+0.00594143j -0.00561695+0.00333815j -0.00692097-0.000430836j -0.00338188+0.00257688j -0.000501859-0.00327366j 0.00625253+0.00431335j 0.00256883+0.00513854j 0.00186402+0.0044253j 0.00150075-0.000236361j 0.00166865+0.000760782j -0.00231039-0.00265576j -0.00609569+0.00107922j -0.00325781-0.00217988j 0.000623047-0.00150084j -0.00358226-0.00562611j 0.0022642-0.0013162j 0.00541613+0.00116677j -0.00105262-0.00563358j -0.000953725+0.00377264j 0.00792707-0.00191092j 0.00376989-0.000652624j 0.00321206-0.00188021j 0.00184396-0.00361486j 9.86067e-05+0.00153262j 0.00191036-0.00167167j 0.00190288-0.00109695j -0.00156617+0.000686169j 0.00149584+0.0020817j -0.000582144-0.000164011j -0.00021276+0.00205783j 0.00746131-0.00557511j 0.0022116+0.00378689j -0.00412258-0.000680128j 0.00466065+0.0030431j -0.00107059-0.00463797j -0.00293478-0.00208426j -0.000222782-0.00326437j -0.000536753-0.00280976j -0.0022919+0.00326708j -0.000691873+0.00136524j -0.00226076+0.00390086j -0.0036006+0.0034721j -0.00564801-0.00334781j -0.00037462+0.00177305j -0.00277271-0.00149529j 0.00231196+0.00278861j 0.00154901-0.00121847j 0.000369451+0.000267466j -0.000283796+0.00290011j 0.000807673+0.00128323j -0.000261149+0.00398796j 0.00206647+0.00474712j -0.00316051-0.000250235j 0.00357155+0.00240165j 0.00199956+0.000718311j -0.00340398-0.000350368j 0.00126251-0.00665177j -0.00288127-0.00357152j -0.00373897+3.90409e-06j -0.0012403-0.000856712j 0.00544798+0.00111978j -0.000853511+0.00266165j -0.000193315+0.00571919j -0.00213246+0.00175459j -0.00130865+0.000891628j 0.00788269-0.00327776j 0.00026048-0.00388798j 0.00269671-0.00388863j 0.00298869+0.00430822j 0.00112781-0.00228498j -0.00501373+0.00242591j -0.000700935+0.00120266j 0.00757202+0.00171468j 0.00136226+0.00851039j -0.00649902-0.00270796j -0.00272189-0.00558098j -0.00332178-0.00326761j 0.0069521+0.00670315j -0.00290983-0.00629426j -0.00829355+0.00449213j -0.00626776-0.000568704j 0.0045442+0.00629281j 0.00664937+0.00717136j -0.00504685+0.0067101j 
0.00356068+0.00515734j 0.0116757-0.00435335j -0.000831068-0.000796289j -0.000696715+0.00318349j -0.00412834-0.00012083j -0.00251844-0.00269684j 0.00190842+0.00655015j -0.00531327-0.00343876j -0.0015893+0.000872765j -0.000375931+0.00487556j 0.000612246-0.000282531j 0.00396711+0.00462624j 0.00197635-0.00245412j -0.00728785+0.00321831j -0.00447851-0.00544443j -0.00439381+0.000943266j -0.00362024+0.000771713j -0.000969607+0.00401225j -0.00495827-0.00271521j -0.00198931+0.000387781j -0.00100792-0.00177606j 0.00231251+0.0036576j -0.00169412+0.00091393j -0.00375762+0.00324334j -0.0040287-0.00428853j 0.00111012+0.00206042j 0.000116475+0.00179949j 0.00551416-0.000955875j -0.00222267-0.0046879j 0.00139789-5.04139e-05j -0.00591996-0.00178912j -0.00224612+0.0099922j -0.000596584+0.00218418j -0.00165264-0.00613456j 0.00297631+0.00179965j -0.00138797-0.00125153j -0.000430356+0.000294822j 0.00171111+0.00402248j 0.00202562+0.00200635j -0.0014005-0.00156769j 0.00281852+0.00583768j 0.00188113+0.00234974j 0.00108074-0.00438045j -0.00156687+0.000453422j 0.000726704-0.000198772j -0.000178976-0.0011545j 0.00369175-6.34367e-05j -0.000682349-0.00365478j 0.0055878-0.00333377j 0.00076842-0.00192167j -0.000832635+0.00141379j 0.000712689-0.00446366j -0.00243549-0.00387656j 0.00108906+0.00200721j -2.62486e-05-8.32853e-05j 0.000406962-0.00176562j -0.00343116-0.00228487j -0.00221622-0.00248936j -0.00366802+0.00228431j -0.00313092+0.00151021j 0.000265834+0.0027881j 4.287e-06-0.00454577j -0.000978156+0.00219836j -0.00245752-0.00316255j 0.000517813+0.00302872j 0.00228072+0.00179214j 0.000987731+0.00179054j 0.00212354-0.000350022j -0.00274692-0.00315245j 0.0044012+0.000422285j -0.000281085+0.00175103j 0.00478274-0.00291172j 0.00623389+0.00561355j -0.00164886-0.00602479j -0.00344085+0.00790129j 0.00436454-0.00252305j -8.59258e-05-0.00206214j 0.00108479-0.00109585j -0.00290698-0.00339196j -0.00358585-0.00185496j -0.00187065-0.00119383j -0.00566821+0.00310731j 0.00202014+0.00255437j -0.000991451-0.00324325j 0.00100598+0.00240782j -0.00116112-0.00275667j 0.00316753+0.00152567j 0.00516154-0.00239494j -0.00346845-0.000293286j -0.00237068+0.00426687j 0.00895493-0.00491127j -0.00136159-0.00563683j 0.00581855+0.00289264j -0.00610298-0.00683722j -0.00258194-0.00273899j 0.00122155-0.00355103j -0.00256732+0.00913822j -0.000319309+0.00988141j 0.00549541+0.00256661j 0.00187627+0.0031009j 0.000429694-0.00426829j 0.00258453-0.00288571j -0.00280964-0.0014169j 0.0015434+0.00456927j 0.00435153+0.00510442j 0.00335368-0.0017362j -0.000731754-0.00148796j 0.00200444-0.00223335j 0.00259637-0.00414339j 0.00299994+0.00279402j 0.00280604+0.0022091j 0.00209349-0.000937648j 0.00110629-0.00140142j -0.00485079+0.00337071j -0.00463193-0.00160896j 0.00259042+0.00356751j -0.00445311-0.00347335j -0.000535755-0.000139183j -0.00613967-0.000424887j -0.00217936+0.000807482j 0.000783458+0.00137634j -0.00335995+0.00256008j -0.00383062-0.00277925j 0.000313648-0.000216912j 0.00333567+0.00360304j 0.00189768-0.000175615j 0.00240834-0.00521185j 0.00149057-0.00245725j 0.000600801-0.00121657j 0.000603228+0.00533905j 0.000325463-0.000538374j 0.000897073+0.0085193j -1.55131e-05-0.0141557j -0.00104372-0.0029083j -0.00180208-0.00350144j -0.00098648+0.00365002j 0.00425425+0.00267372j 0.00608645+0.00111264j -0.0061247+0.00769313j -0.00692436+3.37654e-05j 0.00307186-6.89067e-05j 0.0147247-0.000419573j 0.002466-0.00509659j 0.00839233+0.000824809j -0.00142565+0.00662335j 0.0036046-0.00136287j 0.00364674+6.20556e-05j -0.000323833+0.00266407j 0.000618028+0.00193935j 0.000720451+0.000993299j 0.00477585-0.00299627j -0.00364074+0.00106037j 0.0043352+0.00947066j -0.00624163+0.00861632j -0.00598664+0.0106571j 0.00968098+0.00276356j 0.00180482+0.00654517j 0.00261432+0.00512316j -0.0052939+0.00368263j -0.00270614-0.002881j 
0.00261564-0.00202597j -0.000212477-0.00335608j 0.000560619+0.00103839j -0.00104617+0.000825463j 0.000803905+0.00106595j -0.000490623+0.00250882j 0.00252502-0.00226868j 0.000732349+0.0038559j 0.000115228+0.00219087j 0.00256374-0.00156549j -0.00265702+0.00336889j 0.00036008+0.00351543j 0.000944+0.000117922j 0.0030011+0.00330932j 0.00141113+0.00402607j 0.00141178+0.00478093j -0.00437662-0.00202745j -0.000826639-0.00482406j -0.00749407-0.000421881j 0.00126544+0.000412054j -0.00212765-0.00109858j 0.00471682-0.00265537j -0.00528164+0.00227423j -0.00121082-0.00490867j 0.00308195+0.00217647j 0.0039607-0.0092127j -0.00043839-0.00298614j -0.00108835-0.000898534j -0.00362415+0.00509464j -0.000334142-0.000391532j 0.0071447+0.00297456j 0.00114158-0.00737233j -0.00841096+0.00628287j -0.004159+0.000963115j 0.00615853+0.00072865j 0.00363185+0.00520458j 0.00186285-0.00185944j 0.000388126+0.00275217j -0.00187502-0.00609106j -0.00891931+0.00272521j 0.00490774-0.00410525j 0.00105138+0.00248896j 0.00024909-0.00127458j 0.0048519+0.00191041j -0.0021939+0.00062757j -0.00187747+0.00246088j -0.00446613-0.000684364j 0.00159227-0.00395457j -0.00205871+0.00163183j 0.0013985+0.00491246j 0.00220505+0.00106669j -0.00226819+0.00407897j 0.00121345+0.00558j -0.00137652-0.0054214j -0.00237492+0.00208683j 0.000236063-0.000834144j 0.00109162-0.00389862j 0.00364538-0.00696877j -1.05026e-05+0.00339495j 0.00558257-0.000827357j -0.00581618-0.00143391j 0.00180182+0.00554701j 0.00197248-0.00126899j -0.00853321-0.00732562j 0.00084704-0.00307424j -0.00162289-0.00229517j 0.00171418+0.0017433j 0.000753211-0.00246696j -0.000950724-0.0029242j -0.000148461-0.00651551j 0.000661554-0.00368544j 0.00255906-0.00186054j -0.00278485+0.00503125j 0.00120922+0.00394181j 0.00533673-0.000306425j -0.00441104+0.0017443j -0.00247245-0.00200005j -0.000589084-0.00156865j 0.000215254-0.00205638j -0.00120064-0.00447199j 0.00475953+0.00148077j 0.00476253+0.00404294j 0.00137527+0.00393792j -0.00212951-0.00318534j 0.00167104+0.000534624j -0.000966843+0.0048879j -0.000873838-0.00177633j 0.00197491+0.00213164j -0.00123536+0.00100539j 0.00077926-0.000197771j -0.00287588+0.00117924j -0.00300721-0.00362165j 0.00563639+0.00174355j 0.000699861+0.00639274j 0.0013962+0.00275737j 0.00119895+0.00265123j 0.00618221-0.00317924j -0.00328878+0.00269407j 0.00116859+0.00122584j 0.0039085+0.00711221j -0.00345292+0.00332341j -0.00370325-0.00692433j -0.00676555+0.00184246j -0.00385063-0.00521624j -0.00145073+0.000112758j 0.00117347+0.0024938j 0.00413789-0.00278014j -0.00294109+0.00214912j -0.00221663-0.00650894j -0.000647075+0.00357095j 3.05989e-05-0.00718985j -0.00269931-0.00219442j 0.000870375-0.00444849j -0.00400984+0.00324027j -0.00351677+0.00212163j -0.0016484+0.00282845j 0.00590096+0.00182334j 0.000737912+0.00385173j 0.00169951-0.00370269j 0.00678313+0.00566839j -0.00091473-0.00528714j -0.00263696-0.00521987j -0.000453118+0.00738989j -0.00414403-0.00214381j 0.00158866-0.00289395j 0.000131582-0.00445093j -0.00497697+0.00488323j -0.000895325+0.00222134j -0.000707417+0.00389573j 0.00232131-0.0029605j 0.00555276-0.000493953j -0.00323565+0.000531903j 0.00509881-0.00260342j 0.00464623-0.00571941j -6.17979e-07-0.0106708j 0.000479446-0.0068599j 0.00316569-0.00917122j -0.0064091+0.00213904j -0.00196514+0.00164591j -0.00129452+0.00130544j -0.00189905+0.00023294j -0.00712015+0.0022709j -0.00262707+0.00627205j 0.000573497-0.0104579j 0.00338851+0.00623611j 0.00995457+0.00594832j -0.00308326+0.000114345j 0.00450271-0.00402487j -0.000833988-0.00476162j 0.00554341+0.000294531j -0.00159153-0.000263728j -0.00885385+0.00305935j 0.00902541+0.00837563j 0.0071798+0.00724234j 0.00286464-0.00719475j -0.00874884-0.00132079j -0.00432394-0.00160622j 0.00372498+0.00453273j 0.00847491+0.00388674j -0.00166581+0.00921953j 
-0.00115342-0.00220741j 0.000956888-0.00159881j 0.000872799+0.000457352j 0.00299486+0.0017003j -0.00188811+0.00287793j -0.00163633-0.00222077j -0.00576622-0.000496164j -0.00290953+0.000373969j -0.00274976-0.00307812j -0.00258718+0.000448002j 0.004328-0.00116075j 0.00376207+0.00218819j 0.00275302-0.0047167j 0.000567713+0.00244698j -0.00181303+0.00104967j 0.000748116+0.00304656j -0.00079276+0.00101365j 0.00390342-0.0014878j -0.00637637+0.0006766j 0.00107377-0.0044458j 0.00475819+0.00394688j 0.00620984-0.000405228j -0.00738444+0.00274572j 0.00208811+0.00251763j -0.00288753+0.00113254j -0.000784348-0.00366041j 0.000378237-0.00266281j 0.000996396-0.00439089j 0.000480198+0.00176363j -0.00680316-0.00201349j 0.00142648+0.00149644j 0.00175559-0.00214285j 0.00304014+0.00467333j -0.00042881-0.00252318j 0.00148599+0.00454121j 0.00035735-0.00060118j 0.000891992+0.000190344j -0.000198584-0.00188966j 0.00365642+0.00251188j -0.00387215+0.000394828j 0.00263094+0.00304571j -0.000387179+0.000296375j -0.00426861+0.000866002j 0.00405653-0.00081141j -0.00376156+0.000258012j -0.00166044-0.00228498j -0.00150966-0.000677232j 0.000187445-0.00372195j 0.00831735-0.00282659j 0.00129422-0.000620492j -0.000225594-0.00103093j -0.000160852-0.00226325j -0.0029581+0.00355261j -0.000693848+0.00279546j -0.00713854+0.00152604j 0.00189572-0.000621182j 0.00222533-0.00309497j 0.000404937-0.00295082j 0.00291102+0.00316111j 0.00355111-0.00163964j -0.00262382+0.00256073j -0.000704571-0.000775676j 0.00452033-0.00069078j -0.00208948+0.000405186j 0.00112923-0.000386524j -0.00125663-0.0060839j 0.000366126+0.00108812j 0.00391521-0.00200312j -0.00346984-0.000253025j 0.00151171+0.000316901j -0.000404961+0.00330637j 0.00094084-0.000311288j 0.0044942-0.0033549j -0.00147204+0.00405145j 0.0068116+0.000301687j 0.00674953-0.00645271j 0.00230353+0.00246009j 0.000362626+0.00351684j 0.000149773+0.00916387j 0.00872015-0.00138073j 0.00657348+0.0017132j -0.00415672-0.00321386j 0.000647642-0.0100012j -1.33535e-05-0.00412548j -0.00337899-0.00436927j -0.00198274+0.000187074j 0.000965373+0.00623497j -0.004176+0.00139774j -0.00326843-0.0034549j 0.00256858+0.0050875j 0.00509431+1.59135e-05j -0.00146222+0.000413486j -0.00198725+0.00081119j -0.00109195+0.0112545j -0.00420318-0.00123972j -0.00119512+0.00181414j -0.00240616+0.0016641j -0.00250914+0.000183969j -0.00253085-0.0060068j 0.00250167-0.000843376j -0.00166126+0.00224306j -0.0070144-0.00235214j 0.000879227+0.00348102j 0.00219195+0.000291969j 0.0019645+0.00108817j 0.000351584-0.00198354j -0.00484073+0.00379383j 0.000757405-7.06861e-05j -0.000892727+0.000954209j -0.00440002+0.00168404j -0.00388405-0.00766517j -0.000861536-0.00254247j -0.000235537+8.96356e-05j 0.000300432+0.00642963j -0.00150927+0.000390076j -0.00125891+0.00490175j -0.00299491-0.00405742j -0.00210645+0.00271548j 0.00195967-0.00156239j 0.00375163-0.00250255j 0.000677748+0.00361473j -0.00349383-0.00110357j 0.000135188+0.00373002j 0.00195149+0.00076682j 0.00175843-0.000375782j -0.00260139+0.00306409j -0.00617708+0.00869203j 0.00111547+0.000474444j 0.00217662+0.000724216j 0.000461001+0.00119123j 0.000897507+0.000919326j 0.00278961-0.00294263j 0.00127634-0.000998852j 0.00168725-0.00224722j -0.00601696-0.00524984j 0.00146773-0.000262866j -0.00184623+0.00113287j -0.00198656+0.00381392j 0.00095534+0.0027148j -0.00361756+0.000642456j -0.001124+0.000126182j 0.00230222+0.000682014j 0.00538198-0.00372662j -0.00271262-0.00990001j -0.00216507+0.00117436j 0.00783303-0.00626933j 0.000345033-0.00559541j 0.00141258-0.000882005j 0.00322442+0.00633575j -0.00113646+0.00839895j 0.000976953-0.00511455j -0.00457465+0.00300742j 0.000551817-0.00174907j -0.00948208-0.00237612j -0.00418224-0.00330486j -0.0014589+0.00197094j 0.00718789+0.000390199j -0.00427275-0.00525733j -0.0032325-0.00266641j 0.0032383-0.00440338j 
-0.000907797-0.0025257j -0.000441601+0.00152441j 0.001101-0.000152146j -0.000712715+0.000653875j 0.00242907+0.00147673j -0.00308736-0.0047455j 0.00470853+0.00372014j -0.00190492-0.00255432j 0.00409452+0.000510675j 0.00052698-0.000301381j 0.000516368+0.000540191j -0.00184707+0.00234594j 0.00319743-0.000984516j -0.00051624-0.0010501j 0.000861204-0.0043251j -0.00263232-0.00392643j 0.00514911+0.000835178j 0.00204236+0.00218271j 0.00303571-0.00293495j -0.00114106-0.00106606j 0.000713954-0.00134097j -9.67397e-05+0.00334198j 0.0056192+0.000726297j 0.00441781+0.00123389j 0.00294278+0.000992344j 7.93687e-05+0.00110401j 0.000767879-0.00158686j 0.00146339+0.00147793j 0.00334572+0.00059846j -0.000847898-0.00101702j 0.00142619+0.00019308j -0.000866484-0.00126908j -0.00193816+0.00315076j 0.00462953-0.0007508j 0.00259695+0.00591428j 0.00118267-0.000686853j -0.000936929+0.00187004j -0.00119323+0.00586157j 7.2572e-05+0.00160995j 0.000852343-0.00118087j -0.000733043+0.001885j -0.000952125-0.00124912j 0.00152602+0.00342112j -0.00647309-0.00291039j 0.00563071+0.000861233j -0.00770206-0.000595803j 0.00023495-0.00267353j 0.000802489-0.00205746j -0.00642348+3.23718e-05j -0.00108121+0.000808107j -0.00178622+0.00124885j 0.00111042-0.000396302j 6.2426e-05-0.000729617j 0.00223187-0.000929378j 0.00239237+0.000479116j -0.00374731+0.00155762j 0.00150609+0.00168855j 0.000632696+0.00390976j 0.000404507-0.00446424j -0.000928139+0.00400806j 0.00507635-0.0030822j 0.00113875-0.00252081j -0.000828747-0.000536293j 0.00224732-0.00208852j 1.13834e-05-0.00120088j -0.00222475+0.00177994j 0.000291304+0.00270133j -0.00079195+0.000218167j -0.00107448-0.00344351j -0.00182515+0.000418231j 0.00190781+0.000225427j -0.00219867+0.00418363j 0.000746408+0.000819573j -0.000344202+0.00367559j 0.00435112-0.00465883j -0.00834862+0.000805212j 0.00211975-0.00164095j -0.00272612+0.00168703j -0.00465723-0.00387894j 0.00172708-0.00110752j -0.00140755+0.00670703j -0.00494764-0.00295324j 0.00987801+0.00025658j -0.000946381-0.0021496j 0.00569123+0.00249124j -0.00699256-0.00245518j -0.0042045-0.00273542j 0.00515572+0.000745809j 0.000204074-0.00095266j 0.00298299+0.000313053j 0.00632122+0.00469557j 0.00437227+0.00435703j -0.00186338-0.00080065j 0.00121875+0.00423947j -0.000706901-0.00382463j 0.00449109-0.00122469j 0.00432133-0.00832367j -0.00231206-0.000251452j 0.00439945+0.00709565j -0.00258114+0.00593599j -0.0013097+0.000228408j -0.0056346+0.00507455j 0.000314023-0.0018343j 0.000342975-0.00624835j 0.00585318+0.00203584j 0.00436904-0.00405789j -0.00287167+0.00882963j -0.00230783-0.00137095j 0.00358971+0.00539902j 0.000365145-0.00331462j -0.000914599-0.000239147j -0.00183164-0.00128895j -0.00467724-0.000695567j 0.00147307+0.000686149j -0.00617762-0.000614798j -0.00198629+0.000871821j -0.00221012-0.00397844j -0.00151962+0.00176243j 0.00265563-0.000396617j 0.0114235-0.00445784j -0.0013116-0.000651071j 8.43308e-05-0.00409833j -0.000394693-0.00385778j 0.00579877-0.00865389j -8.36909e-05+0.00132271j 0.00519354-0.000847839j -0.000373757+0.00146611j -0.000164948+0.0042741j -0.000756776-0.00386878j -0.0031833+0.00173307j -0.00265552+0.00231499j -0.00166412+0.000650102j 0.00121947+0.00129705j 0.00796164+0.0023931j 0.00328462-0.0039956j -0.00129967+0.00260563j -0.000996554+0.00228761j -0.00369743+0.0038838j -0.00309179-0.000184063j -0.00572478-0.000701423j -0.00591706-0.00115845j -0.0029719-0.00239193j 0.00308381+0.000774201j 0.00469843-0.00183572j -0.00032354-0.00221681j -1.39715e-05-0.00684156j 0.00340134+0.00643848j 0.00207119-0.00518857j -0.00296004-0.00561552j -0.00315169+0.00526005j 0.00324117-0.00036878j -0.0123568-0.000753082j -0.00244669+0.00623706j 0.00469967-0.0122274j 0.00143459+9.90303e-05j 0.00282958+0.00137042j -0.00592182+0.000732096j -0.00146882-0.00183596j 0.00138317+0.00437425j -0.00429389-0.000214908j 
-0.000892144-0.00243024j 0.000224859-0.00147834j 0.00113792+0.000147786j 0.00352885+0.000995864j -0.00488993+0.00187459j -0.000856447+0.00104503j -0.00684618-9.68798e-05j -0.00438892+0.0014046j -0.00644478-0.000198425j -0.00489585+0.00200791j 0.00506754-0.00155379j 0.00334183+0.00132711j 0.00191708-0.00466527j 0.00273259+0.00447106j 0.00186186+6.67361e-05j 0.00209339-0.00051277j -0.00354676+0.000490459j -0.00200578+0.000508422j 0.000258168+0.00164391j -0.00178197+0.00180591j -0.00153982+0.000441973j -0.00202097+0.00104988j -0.00270595-5.29615e-05j -0.0025225+1.42141e-05j -0.00261818-0.00142395j -0.00162277+0.000446145j -0.00139078+0.00197157j -0.00139517-0.000682833j -0.00281066+0.00180337j -0.00143542-0.00190733j -0.0016209-0.000286865j 7.97863e-05+0.00236797j 0.00514952+0.00197521j -0.00258957+0.0100987j -0.00607445-0.00140939j 0.000363273-0.0056685j -0.00398332+0.000877118j 0.00224876+0.00259689j -0.000476044+0.00309086j 0.00328244+1.23069e-05j -0.00428179+0.00386356j 0.00556754+0.00387088j -0.00165556+0.00201145j -0.0080167+0.000405542j 0.00931581-0.00538686j -0.00547979-0.000525598j -0.00301477+0.000215802j 0.000507749-0.00746935j 0.00524411-0.00254767j 0.00516212-0.000731706j 0.000663056+0.00130873j 0.00301867-0.00579247j -0.00166658+0.00243958j 0.00214415+0.00807419j -0.00231866-0.00263227j 0.0036016+0.00446981j -0.000503948+0.00289904j -0.00102211+0.00311356j -0.00300535-0.000206024j -0.00216753-0.000529813j -0.00293832-0.00197621j -0.00424422-0.00270342j 0.00263109+0.00107753j -0.000427631+0.00124522j -0.00608217+0.00400186j -0.00120739-0.00092345j 0.000380198-0.00226876j 0.000383146-0.00449852j 0.000726646+0.00068438j -0.00656868-0.000907958j 0.0023824-0.0043912j -0.00160241+0.0029692j -0.000836299+0.000566941j -0.0020485-0.000276575j -1.38207e-06+0.000543919j 0.00214183+0.00284485j 0.00153041+0.00171703j 0.000329269+0.00500844j 0.00215608+0.00168412j -0.00184798+0.00107129j 0.0084775-0.00762027j 0.00695213+0.00167316j -0.00275157+0.00409051j 0.011247+0.00799331j 0.00274462+0.00564637j 0.00228208+0.00392437j 0.00224076+0.00584285j 0.00295709+0.000812925j 0.00199114-0.00108464j 0.00456759-0.0026592j 0.00149572+0.00348748j 0.00478397-0.00528433j -0.00203046-0.0065652j -0.00632503-0.00376945j -0.00129589+0.00538954j 0.00112096-4.66671e-05j 0.00244289-0.00277612j 0.00227101+0.00119923j 0.00158509+0.00723947j 0.000874507+0.00311267j -0.0014026+0.00265516j -0.00101658+0.00139822j 0.00599449-0.00262146j 0.000319727-0.00579189j -0.00218194+0.00608132j 0.00361055+0.00123748j 9.38456e-05+0.00367688j -0.0028378+0.000423873j 0.00255646+0.00398164j 0.0020524+0.000509684j -0.00495164+0.000618797j -0.000697206-0.000929536j -0.000405404-0.00139442j -0.00348054+0.00685301j -0.0123308+0.00973989j 0.00263794-4.52179e-05j -0.0062581+0.00106474j -0.00301508+0.00346734j -0.00213926-0.000575752j 0.00744962-0.00571617j -0.00156013+0.00580091j -0.00195747-0.0045545j -0.00440645-0.00254314j 0.000511987-0.00294671j -9.4419e-05+0.00588321j 0.00356002+0.00712947j 0.00333619+0.00307606j 0.00790592+0.00603343j -0.00433515+0.00315068j -0.00126805-0.00324621j 0.00464878+0.00244113j -0.00276548-0.00487633j -0.000341207+0.00030317j 0.00609182-0.000414111j 7.52998e-05+0.000797364j 0.000844276+0.00125726j -0.00310846-0.000574336j 0.00115445+0.00127602j -0.00243456+0.00111589j -0.00788786-0.000337101j 0.00275757-0.00429653j 0.00258992-0.00105987j 0.000660923-0.00489176j 0.00387581-0.00137075j -0.00324438-0.000547931j 0.00703039+0.00314172j 0.00452434-0.00376841j 0.000687533+0.00073644j -0.00883132+0.00479022j -0.0103035+0.00162686j -0.000760153+0.00543369j 0.00355619+0.00183693j 0.00198664-0.00810965j 0.00871989-0.00386376j 3.33572e-05-0.000750173j -3.37296e-05+0.00215047j -0.00325958+0.00227086j 0.00370948-0.000931025j -0.00138841+0.00375603j -0.00259306-0.00315262j 
-0.00102903+0.00302366j -0.000619206-0.00134218j -0.000478931-0.000582507j 0.00188796-5.68468e-05j -0.000868713-0.00243429j 0.0011677-0.000324017j -0.00483117-0.00103904j -0.000153336-0.000634241j -0.003113-0.00401833j -0.000990739+0.000668215j 0.000704093-0.00201095j 0.00177141-0.00313153j -0.00310981+0.000198852j -9.30657e-05-0.00251006j 0.000865334+0.00395182j -0.00271517+0.00719149j -0.00980398-0.00464268j -0.00165168-0.00432841j -0.00499587+0.00203666j -6.46778e-05+0.00483137j -0.00298491-0.00643824j -0.00134926-0.00841579j -0.00829719-0.00471362j -0.00799197-0.00467376j -0.00206666+0.000568775j 0.00135586+0.00115762j -0.000805759-0.00121752j -0.000969923+0.00192418j 0.00242856-0.00235433j 0.00341794+3.9567e-05j 0.000677406-0.0021111j -0.00127821+0.00123321j 0.0013325+0.00660263j 0.000262482-0.00781259j 0.0118003-0.000631966j 0.00425548+0.00168068j -0.000479018-0.00287292j 0.00882921+0.005313j 0.00242358-0.00671252j -0.00162531+0.000430937j -0.00267228+0.00262723j 0.00216566+0.0035584j 0.00333034+0.0103396j 0.000510409-0.00161498j 0.00230339+0.00130592j -0.00705634+0.00385118j -0.00242953+0.00105475j 0.00173617+0.00289483j 0.00077922+0.00174848j -0.00386036-0.00210152j 0.00195219-0.00326438j 0.00661898-0.00228311j -0.00290934-0.00461477j 0.0024153+0.00414523j 0.00320305-0.00257901j -0.00243893+0.00084538j -0.000149264-0.00365475j 0.000604438-0.00239783j 0.00546348+0.00258729j -0.00709312+0.00117141j 0.0105626-0.00559964j 0.00266511-0.00292625j 0.000884415-0.00416778j -0.00323991-0.0110149j 0.00527512-0.00276198j 0.00423167+0.00338686j -0.00168931+0.00109555j -0.000383043+0.00115487j 0.00246274+0.0027373j -0.000843004+0.0052516j -0.00154476+0.00384346j -0.00419375+0.00247659j 0.00119401-0.00286635j -0.000632922+0.000667657j 0.000699263-0.00171571j 0.00201997-0.00289765j 0.00321589+0.00408538j -0.00246088+0.00197529j -0.000481511+0.00144217j 0.00370079+0.00178871j -0.00302506+0.00172595j -0.00111126-0.0024622j 0.000714182-1.98463e-05j -0.00347108+0.000602685j 0.00416533-0.000555541j -0.00877156+0.00137309j -0.00386796-0.00677632j -0.00587944-0.000883561j -0.000485064-0.00582018j 0.000221065-0.00228011j 0.00823296-0.003019j -0.00295411+0.00195823j -0.00375136+0.00113705j 0.00358799+0.00759881j -0.00572736-0.00346032j -0.00231997-0.00810854j 0.00226405+0.00301422j -0.00564115-0.00391626j -0.00302451+0.000414399j -0.000489162-0.00465327j 0.00478095-0.00307753j 0.0019514+0.00767473j 0.00193834+0.00412765j 0.000649244-0.00259607j 0.000919634+0.00399303j 0.00329232-0.00071285j -0.000648985+0.00354105j 0.00436638-0.00327348j -0.000947745+0.00601107j -0.000628057-0.00559196j -0.00275901+0.00308541j 0.000429665-0.00299245j 0.000218242+0.00243871j -0.000116393-0.000841884j 0.00394842-0.00180849j 0.000585242+0.000241023j 0.00139023+6.97968e-07j 0.00214712-0.00543207j -0.0034845+0.00515487j 0.00307482-0.00373419j -0.00120932+0.00578363j 0.00469175-0.00183024j -0.00451463-0.000195549j 0.00382716-0.00281411j -5.34956e-05+0.00115424j 0.00134966+0.00113112j 0.000427705+0.0036372j 0.00520535+0.000661347j 0.000320374-0.00166364j -0.00319912-0.000812601j -0.00656794+0.00134317j 0.000414396-0.000847649j -0.00303667-0.00314029j -0.00330125-0.00307791j -0.00150239+0.00526465j 0.00272471+0.00576277j 0.00231259+0.000269079j -0.00481027+0.00251361j -0.00305673-0.00849815j -0.000324999-0.000265061j -0.00104686+0.00694001j -0.00120683+0.00431403j -0.000152253+0.0023223j -0.00119281-0.00587581j -0.0070444-0.00509334j -0.0047143-0.0038889j 0.00676435+0.0033993j -0.00190362+0.000406345j -0.00181823-0.0049912j 0.0024259+0.00676322j -0.00664496-0.00306336j -0.00544498+0.00817536j 0.00298858-0.000270934j -0.00616175-0.000529255j -0.000591718-0.00325879j -0.000703794+0.00073942j -0.00634014+0.00384281j -0.00163113+0.00481089j -0.0023378-0.00217295j 0.000279244-0.00274138j 
0.00137366+0.00377378j 0.00615157-0.00702626j -0.000715785-0.000112817j 8.32859e-05+0.00214257j 0.00109751+0.000839544j -0.00167133-0.00358287j 0.000746171+0.00449783j -0.000611338-0.00311652j 0.00109824-0.0046969j 0.00203345+0.00173576j 0.000432323-0.00084977j 0.00605623-0.000745495j -0.00222743-0.00227231j 0.00125785+0.00107345j -0.00521259+0.00589768j 0.00291852-0.00581941j 0.00221426-0.00425817j -0.00435993+0.00602636j -0.000952496-0.00318441j 0.000376911-0.00189612j -0.000352716+0.0016526j 0.00134515+0.00329105j 0.00268771+0.00323167j 0.00042683-0.004433j -0.000404541-0.00193562j -0.00449529-0.000111803j -0.00102634+0.00751374j -0.00359468+0.000246495j -0.00178308-0.000119504j 0.00666409+0.00675965j -0.000102969+0.000908297j -0.00185559+0.00381139j -0.0076192+0.00392146j 0.00327514+0.00499564j 0.000574604+0.00179221j 0.00125989+0.00222012j -0.00059544-0.00177955j 0.00190517+0.00785953j -0.000565891+0.00194562j -0.00438717+0.0031889j 0.00471801+0.000132446j 0.00377794+0.00486357j -0.000225544-0.0031828j -0.00597448+0.00179243j 0.00453879-0.00900453j -0.00332323-0.00137534j -0.00402674+0.00250112j -0.0011999-0.00753798j 0.0071216-0.00365722j 0.00740128-0.00299236j 0.0024605+0.00442815j 0.00246262-0.00492665j -0.000236203+0.00434593j 0.0021996+0.00106896j -0.00469036-0.00082888j 0.00263627+0.0020147j 0.0017956-0.00155551j 0.000266948-0.00137377j -0.00203467+0.000872711j 0.00539924+0.00291802j -0.00222019+0.00214674j 0.00118133-0.000290359j 0.00511489-0.00287949j -0.00286447-0.00373551j -0.00305559-8.47385e-05j 0.00168785+0.000916438j -0.00284681-0.00050377j 0.00346177-0.00334298j 0.0035108-0.00105515j -0.00175331-0.000313219j -0.00318892-0.00475806j 0.000284363-0.00472382j -0.00296359+0.00130535j -2.1941e-05-0.00109351j 0.000105621-0.00196934j -0.00788748+0.00186302j -0.00415365+0.00137427j -0.00160504-0.00294669j 0.00596948-0.00875966j -0.00294639-0.00365929j -0.0030837+0.00569773j 0.000307198+0.000620252j 0.00046978+0.0015302j -0.0115293-0.0024023j -0.00182511-0.000223266j -0.00209407-0.00193347j 0.00182124-0.0054941j -0.00124631-0.00134318j -0.00154212+0.000722932j -0.000462927+0.000437217j -0.00118762-0.0052591j -0.00356902-9.51987e-06j 0.00188857+0.00225019j -0.00166803-0.00143693j 0.000845563+0.000127575j 0.00167268-0.000608203j -0.00182447+0.00382705j 0.00190118+0.00127669j 0.000322996-0.000805964j 0.00350736-0.00217445j -0.00100598-0.0011553j -0.00106566-0.001818j -0.0042135+0.00125348j -0.00182743+0.00180785j 0.00174262-0.00111783j 0.00142378+0.00088082j -0.000779101-0.00148064j 0.00324429+0.0015637j -0.00268259-9.65626e-05j 0.00294632-0.000491046j -0.00339218-0.00156521j 0.00102009-0.00309187j 0.00166877-0.00208414j -0.000846496+0.000727951j 0.00222203-0.00217816j -0.000832006+0.00301789j 0.00227337+0.00169866j 0.00046776+0.000426846j -0.00112358+0.00103383j -0.00128222+0.00563003j -0.00104726+0.000639309j 0.00252224+0.00431022j -0.00193525-0.000656515j 0.00195196+0.000993551j 0.00021172+0.000350918j -5.85204e-05-0.00168164j -0.00149443-0.000424409j 0.000662205-0.00245465j 0.000114038+0.000910688j -0.000136095-0.000689561j -0.000427108-0.00455523j 0.00186015+0.00444891j -0.00156637-0.00700826j -0.00421637-0.00327093j -0.00402551+0.000281865j 0.00139558-0.000420027j -0.00281824-0.00213499j -0.00116762-0.000206057j -0.0021965+0.00341785j 0.000889295+0.00419673j -0.00105783+0.00574699j 0.00491935-0.00470777j -0.0008898+0.00237271j 0.000416672-0.00471062j 0.00196369+0.00341359j -0.00172188-0.00139471j -0.0040023+0.00128684j 0.00126182+0.000156933j 0.00449084-0.000678005j 0.00383988+0.00334869j -0.0016614-0.00188225j -0.00494462-0.00542128j 0.00158452+0.00459754j -0.00171264+0.00807176j -0.00193509+0.00277513j 0.00214317+0.0039557j -0.0105846-0.00178622j -0.000200187+0.00793883j 0.0121668+0.00469946j -0.00381195+0.0108097j 
-0.00380898+0.0037149j -0.000932206-0.0022646j -0.00150345-0.000567693j 0.00280145-0.00253651j 0.00221827+5.48159e-05j 0.00253549-0.00537335j -0.00850512-0.000261159j 0.00369653-0.00526273j 4.23586e-05-0.0117466j 0.000827617-6.04958e-05j 0.00309556-0.00516228j 0.00658241-0.00792718j -0.0078015-0.00138193j 0.00257042-0.00822038j -0.00315466+0.000314291j 0.00252939+0.00157812j 0.00865661+0.00230324j 0.00390657-0.00130593j 0.0033168-0.00199938j 0.00256164-0.00331655j 0.00369223+0.00505464j 0.00153953-0.000298215j 0.00105518+0.00110179j 0.00730349+0.00276867j 0.00134392+0.00078829j -0.00542881-0.00188625j 0.000429976-5.51627e-05j -0.00042983-0.000143282j 0.00121389+0.00285199j 0.000456033+0.00292372j 0.000516107-0.00120544j 0.00106869+0.00016055j 0.00286309-0.00245324j -0.00178757+0.00117786j 0.00110083-0.00288884j -0.00563056+0.00267422j -0.00228346+0.000598147j -0.000556922-0.00386251j 0.00283426+0.00067323j 0.000133942-0.00306137j -2.61767e-05-0.00157283j -0.000619311-0.00518273j -0.00427245+0.00679385j -0.00340969-0.00555885j 0.00314033-0.00438032j -0.0037276-0.00125148j -0.00577533-0.000275944j -0.000268497-0.00258365j 0.00283505+0.00745383j -0.00066361-0.00351724j -0.00655602-0.00130221j 0.00353336-0.0015525j 0.00228176+0.0038531j -0.00293402+0.00575064j -0.00515942-0.000213531j -0.00225341+0.0045243j 0.00895714-0.00321897j -0.00404025+0.0017315j 0.00446598+0.00141818j -0.00451092+0.00339254j -0.00260055-0.000711947j -0.00387556-0.0056203j -0.0022215-0.00583305j 0.000903462+0.001086j 0.00202727+0.00333438j -0.00183567-0.00270598j -0.00436918+0.00378562j 0.000259008+0.00275919j 4.97561e-05+0.000846368j 0.000276583+0.00198584j 0.00104659+0.00249545j -0.00380947+0.00214248j 0.000429812-0.00147664j -0.00148249-0.00252743j -0.00430463+0.00091098j 0.00338222+0.00132435j 0.00211608+0.0065269j -0.00464216+0.000229731j -0.00146938-0.00335895j -0.00209117-0.000237104j -0.00585798-0.00102035j -0.00354332+0.000161482j 0.000306872-0.0017942j -0.000891595-0.000490946j -0.00123103-0.000764213j 0.00588994-0.00114891j -0.00486721+0.00111375j -0.00149268+0.000433682j -0.000194297+0.00246089j 7.15371e-05+0.00253014j -0.00318992+0.00104822j 0.00512954+0.000676661j -0.000883767+0.00327887j 0.00546198+0.00207222j 0.00460667+0.00118196j 0.00341347-0.000205506j -0.00319959-0.00817659j -0.000325139-0.00330921j -0.00187359-0.00706625j -0.00376813+0.000830791j -0.00393795-0.0010169j 2.53e-05+0.00471333j 0.000646729-0.00183116j -0.00251922-0.00300279j -0.0027762+0.00150928j 0.00736205+0.00252847j -0.00113854+0.00262839j -0.00105931+0.000680735j -0.00286193+0.00805816j -0.000754139-0.000462751j -0.00655693-0.0108337j -0.000686801-0.00238506j 0.00142575-0.00237184j -0.00136763+0.00327496j -0.0021724+0.00337533j -0.0022948+0.00228265j -0.00161346-0.000767684j -0.00740535+0.0120625j -0.00105956-0.00415835j 0.00673609+0.00129676j -0.00254341+0.0102831j -0.0016438-0.00276638j -0.000108323+0.00609269j -0.00160495-0.00429398j 0.00489892-0.00281238j -0.00270189-0.00486283j -0.00538374+0.00812377j 0.00330723-0.000337299j -0.00113626+0.0082015j 8.10273e-05-0.00791218j 0.00323095+0.00315826j -0.00638486-0.00455747j 0.00358763+0.00908487j 0.0046081-0.00435273j 0.00340746-0.00115661j 0.00391354+0.00177615j -0.00299195-0.00413082j 0.00126142-0.000170241j 0.00595967+0.0063343j 0.00409581+0.00846723j -0.00291696+0.00278032j -0.00217058-0.00127469j 0.000534149-0.00309128j -0.00138202-0.00148806j 0.00221622+0.00637605j -0.00343601-0.00493601j 0.00467036-0.00494826j 0.00312229+0.00590632j 0.00481407+0.000834697j 0.00104813+0.00348264j 0.00519912-0.0016727j 0.0021202+0.00103014j -0.00066857+3.9241e-05j -0.0008395-0.00308085j -0.00257855-3.03176e-05j -0.00102202+0.00319548j 6.34334e-05-0.00160223j -0.00191152-0.00110624j -0.00142767-0.00123371j 0.000820678-0.00241324j 
-0.000268739-0.00123762j -0.00371914+0.00254079j -0.000468654+0.00112291j -0.00118115-0.00158539j 0.00161444-0.00141425j 0.00291029+0.00104172j 0.000736089-0.00375648j 0.00427942+0.000254641j 0.00303871+0.000524977j 0.00186368-0.00269696j -0.0023643-0.000193929j -0.00350612-0.00332844j -0.0017503+0.00422617j 0.0013729+0.0027556j 4.28475e-05+0.000418057j -0.000655418-0.00292702j -0.000595899-0.00116801j -0.00164577+0.000867317j 0.00111262-0.000266622j 0.000779925+0.00116878j -0.00288864-0.00205578j -0.0032565+0.00252834j 7.76892e-05-0.00319875j -0.00151571-0.000968628j -0.00222125+0.00165722j 0.00136032+0.000753316j -0.000716196+0.000859735j -0.00342029+0.00224681j 0.000180179+1.28366e-05j 0.000656685-0.000201007j -0.00113516+0.000804162j 0.000194799-0.000940321j -0.000796464-0.00389474j 0.00214027-0.00401677j -0.00456517-0.00487578j 0.0054353+0.000825167j -0.00303911+0.00138448j -0.000964415+0.000269905j -0.00322968-0.000555445j 0.00558639-0.000461685j -0.00224993+0.00466081j 0.0022548+0.00468868j -0.00364339+0.00125438j -0.00273705-0.00106485j -0.00133653-0.00184041j -0.00195031+0.000613615j -0.00331656-0.000502104j 0.00226796+0.00768028j 0.00176685-0.0036295j 0.00172835-0.00312558j 0.00534908-0.00329359j 0.00693568+0.00161833j -0.00654518+0.000651557j 0.000692714+0.00296406j -0.00366543-0.00270134j 0.00450421+5.89224e-05j 0.000815459+0.00127932j -0.00291772+0.00183162j 0.00172559-0.00353652j 0.0051624+0.00144057j 0.00617614-0.00317152j 0.00581142+0.00438353j 0.00500805+0.000503617j 0.00684047+0.00167657j -0.00623812-0.00488493j 0.00417626+0.00126024j 0.00549571-0.00013373j 0.00591567-0.00220749j -0.00137545+0.00184888j 0.000346001+0.00361599j 0.000564615+0.00619189j -0.00257648+0.00352945j 0.00105167-0.00251859j 0.00117008+0.00105024j 0.000392952-0.00076321j 0.00326415-0.00175103j -0.00190753+0.00434729j -0.000617826-0.00101383j -0.000512706+0.00514655j 0.000977022+0.000466666j 0.00229165-0.00193071j -0.005017-0.000124132j -0.000695105-0.00337375j -6.50294e-05+0.00203315j 0.00394791-0.00286974j -0.0021421+0.00219865j 7.07106e-05-0.00259892j -0.010895+0.00280724j -0.00212535-0.00350527j -0.000904481-0.0017183j -0.00106251-0.00101772j 0.00213348+0.00135181j -0.00152856+0.00724091j 0.00750618+0.0140234j 0.00330066-0.00252903j 0.00801525+0.000137494j 0.00167635-0.0101762j -0.00365673-0.00526413j -0.00566972-0.0102503j -0.00109784-0.00121086j 0.00255896+0.00149706j 0.00455447+0.00171229j -0.00963851-0.00139666j 0.00830715+0.00197311j -0.0028624-0.00459082j -0.0092414-0.000254963j 0.00556861-0.00468688j -0.000987728+0.00351406j -0.00631848+0.000109922j -0.000554925+0.00517531j -0.00508372-0.0140428j -0.00793391-0.000880686j -0.00195991+0.00696175j -0.000105149-0.0150811j 0.00375092-0.00565779j -0.00950846+0.00431831j 0.00109619+0.00256206j -0.00644876+0.00087048j 0.00368401-0.00473432j -0.0027489+0.00212713j -0.00237774-0.00322676j 0.00320851-0.00058286j 0.00955413-0.000352714j -0.000171208-0.00157783j 0.000347636-0.000782208j -0.00428621+0.00232052j -0.00143313+0.00600142j -0.00562968+0.00466941j -0.000588855+0.00467859j 0.0029667-0.00341116j -0.00121935+0.00256459j -0.00370755-0.00513707j 0.00964126+0.00262132j -0.00772274-0.00148404j 0.00277045+0.000667717j 0.00387818+0.00270257j 0.00548789+0.00454813j -0.00216322+0.00214586j 0.0026171+0.00219945j 0.00901463+0.00418435j -0.00467742+0.00584042j 0.00443896-0.00164251j 0.00336251-0.00494393j -0.00692164-0.00163564j 0.00091101+0.00364109j -0.00538749-0.00764998j 0.00139078-0.000726685j -0.00313881+0.00511261j 0.00426024+0.00579935j -0.00102061+0.0109178j -0.00557484-0.000612413j 0.00315158+0.00250918j -0.00608566-0.00692965j -0.0049555-0.00135905j -0.00076784-0.0108516j -0.00721209+0.000341355j -0.000748252+0.00286549j 0.00095468-0.000370988j -0.00545958-0.00501359j 0.00362513-0.00602348j 
0.00394794+0.000391848j -0.00402988+0.00292319j -0.00205778+0.00205371j 0.000391171-0.00176797j -0.00111591+0.0019919j 0.00158832-0.000247379j -0.0133182-0.00912164j 0.00417696+0.00728038j 0.00229657-0.00504142j -0.000105794-0.00690571j 0.00169971+0.00434082j -0.00464295-0.00114503j 0.00064361+0.00447392j -0.000113883+0.00190693j -0.00214187+0.00422111j 0.000630076+0.00473221j 0.000988157-0.0013184j 0.000448503-0.00178798j 0.00326971-0.000306188j 0.00265221+0.00195573j -0.00356526-0.00114361j -0.00319808+7.10245e-05j -0.000379623-0.00414909j -0.000189663-0.00202144j 0.00108899+0.00366861j 0.00230166-0.00248952j -0.00174939-0.000347632j -0.000484749+0.00108373j -0.00344787-0.000944222j 0.00243776-0.00163646j 0.00290808+0.00285233j 0.00264776-0.00575462j -0.00261284-0.00103876j -0.00438204+0.000147551j -0.00178655+0.000238927j 0.00152666+0.00180496j 0.00253367+0.00256492j 0.00245516-0.00353972j 0.000879367-0.0027859j 0.0025081-0.000938926j -0.00248792-0.00145515j 0.000722052-0.00295879j -0.00214644+0.00544674j -0.00192227-0.000653316j -0.00194453-0.00393428j -0.00114807-5.14259e-05j -0.0110582+0.00366902j 0.00251702+0.00422166j -0.000239568+0.00557239j -0.000419359-0.00148782j -0.000804248-0.00355378j 0.00596098+0.00223555j 0.00335059+0.00719173j -0.00424666+0.00724988j -0.00430887+0.000406057j 0.0046337+0.00169276j 0.00515987-0.00038249j -0.00280442-0.000180018j 0.00296447+0.00362151j -0.00250683-0.00257362j -0.000708311-0.00211466j -0.00422756+0.00195245j -0.00208694-0.00315514j 0.00347905+0.00216j -0.000998137+0.00308925j 0.00172731+0.000440482j 0.00107969+0.00086835j 0.000115543+0.000318557j -0.000783456+0.00249601j -0.00204114-0.00146288j 0.000881041+0.00126425j 0.000163771+0.000848559j -0.000193817+0.00316699j 0.000367356+0.00127013j 0.00231972+0.00202879j -0.00289931-0.000237872j -0.000952796-0.00548317j 0.00163596-0.00349361j -0.00112475+0.00337219j 0.00460523-0.003104j 0.00137784+0.00389737j 0.00130443+0.00289653j 0.00264443+0.00502006j 0.00311955-0.00450735j 0.00673403+0.0011703j -0.00122795-0.000349231j 0.00804348-0.00278498j 0.00594647+0.000162782j 0.00112536+0.000887981j -0.00108991-0.00169448j -0.000814583-0.000565396j -0.00330138-0.00174829j 0.00404191+0.00131268j 0.00318399-0.00408147j -0.000780498+0.0010463j -0.00644818-0.00361527j 0.00313976+0.00173117j 0.00404874+0.00621514j 0.000742572+0.00411698j -0.000492007+0.000492173j 0.00399429+0.00565795j 4.06999e-05-0.00149537j -0.000202174-0.00269814j -0.00067084-0.00160162j -0.00248711+0.00334217j 0.00329747+0.00315799j 0.00781037+0.00102385j -0.00476046+0.00272589j -0.0025245+0.00121163j -0.00127191+0.00173184j 0.00115283+0.00191282j 0.00483626+0.00574145j 0.0076255+0.00791092j -0.00110243+0.00329837j 0.000768356+0.00717838j 0.00674584-0.00215237j 0.00405016-0.00551352j 0.00488963-0.00533716j -0.00159133-0.00623065j -0.000590952+0.00222141j -0.00281883-0.00327328j -0.00731837+0.00372328j -0.00188231+0.00725152j 0.0015962+0.000787793j 4.96523e-05-0.00609676j -0.00745517-0.00160623j 0.00688789-0.00130795j -0.00136016-0.00193623j 0.00282188+0.0058726j -0.00461945-0.000953015j -2.49326e-05-0.00200842j 0.00165079-0.00537156j 0.00366866-0.00364777j 0.00353214-0.00337725j 0.00180076-0.00317196j -0.00506181-0.00767436j 0.00252842-0.00476739j -0.00508054+0.00239671j -0.00200424-0.00320287j 0.00075665-0.0034663j 0.00191589-0.000967161j -0.0105802+0.0041667j -0.00144551+0.00465264j -0.00468019-0.00244901j 0.00520117+0.00156899j 0.0058342+0.0092455j -0.00320837-0.000224846j 0.00132651-0.00215122j 0.000765641-0.0021048j -0.000182295-0.00493752j -0.000377179-0.00414064j -0.00189009-0.000461509j 0.00454809+0.00411591j 0.000939543+0.00172483j 0.000618462-0.0035864j -0.00322-0.000386806j -0.000780466-0.00181326j -0.00103479+0.00120418j 0.00103903-0.00209649j 0.00177256+0.00130792j 
0.00107115-4.14196e-06j 0.00126117+0.000486529j 0.000775497-0.00119652j -0.00164925+0.00112639j 0.00302945-0.00015314j -0.00275386-0.000107559j 0.00661673+0.0025104j -7.06023e-05+0.000313799j 0.00286849+0.00302897j 0.000577137+0.000226588j -0.00116405+0.00191914j -0.00231993+0.00428244j 0.00328478+0.000283898j -0.00120897-0.00319042j 0.00545754-0.00153798j -0.0022723+0.00134224j 0.000653023+0.00120687j 0.00129882+0.0017516j 0.00389217+6.19375e-05j -0.00146037+0.000957923j 9.63309e-05-0.000263809j -0.00139889-0.000934893j 0.00536692+0.000690688j 0.000301603-0.000660844j 0.00557125+0.00208018j 0.000207854+0.001188j 0.00178078-0.00431507j 0.00274939+0.00382497j 0.00372074+0.00146458j -0.00253672-0.00446625j -0.000559132-0.00300256j -0.0024991+0.000181818j 0.00181353+0.00234663j -0.00256865-0.00351836j 0.000933859+0.00156945j -0.00352452-0.00180865j -0.00535319-0.000895125j 0.00169371+0.00153188j 0.00219603+0.00225635j -9.92997e-05-0.00100915j 0.00275762-0.00183787j -0.00326661-0.00148651j -0.000846701+0.00641858j 0.000384068-0.00510363j 0.00107862-0.00129123j -0.0020679-0.00137399j 0.000706904-0.00170616j 0.000814548-0.0105965j 0.00906523-0.00209042j 0.0020973-0.00782309j -0.00196812-0.000504809j 0.00270279-0.00944368j -0.0027784+0.00154368j 0.000268373+0.00594329j -0.00587837+0.000995649j -0.00266639+0.00380519j 0.00173731-0.00152904j -0.00413098-0.00213991j 0.00377107+0.00414011j -0.00300844+0.00177087j -0.000713655+0.00194836j -0.00419124-0.00831165j 0.00203796-0.00503197j 0.0018481-0.000199921j -0.00105991+0.00109647j 0.00346645-0.000583329j 0.000861656+0.00555259j 0.00457823-0.00146936j -0.0057656+0.00302416j 0.00226447-0.00144602j -0.00337668+0.00113762j 0.0040733-0.00271114j 0.000453015+5.77079e-05j -0.000165917+0.00167412j 0.000851751+0.000272855j 0.0010432-0.000344892j 0.000310958-0.00356174j 0.00415443-0.00229371j -0.006299-0.00136537j 0.00277548+0.00226504j 0.00152494-0.00167617j 0.0017397-0.00224791j 0.000450615+0.00101198j -0.00162123+0.00199556j -0.0036114-0.000267357j 0.00185253-0.00276245j 0.00169853+0.00261149j 0.000769848-0.00179467j 0.00372161+0.00169547j -0.00051478-3.84789e-05j -0.00262559+0.000287258j -0.00196918+0.0012668j 0.00124302-0.00299861j -0.00211918-0.00283913j 0.00368724-0.000294488j 0.000415637+0.00920301j -0.0012531+0.00364394j 0.00222897-0.000250792j 0.00286166+0.00155488j 0.000270771+0.000746683j -0.00145272-0.00131247j 0.000808913-0.00498782j -0.00487876-0.00083979j -0.00155479+0.00638419j 0.00333591-0.0111969j -0.00811035-0.00259428j 0.00110959-0.00419902j 0.000808136-1.02639e-05j 0.00167174-0.00750518j -0.00177849+0.00287574j 0.00824339+0.00227835j -0.000744671+0.00174083j -0.00251792+0.00164107j 0.00124109-0.00948804j 0.00438452-0.00932887j -0.00357063-0.00617987j 0.00300439+0.00488816j 0.00264294-0.00500141j 0.0061315+0.000768024j -0.00961509+0.00291948j 0.00320368-0.0111906j 0.0036476+0.00490916j 0.00681882-0.00464772j 0.000288303+0.00660818j -0.00596203-0.000238244j -0.0017551-0.00153162j 0.000320347-0.00726003j -0.0128099+0.00129287j -0.00141226-0.00746321j 0.00354513+0.00533038j 0.000985428-0.00230095j 0.000396772+0.00481269j 5.88061e-05-0.00148239j -0.00263919+0.00693553j -0.00121169-0.00286007j -0.00178728-0.00600698j 0.00340041+0.00389912j 0.00234559-0.00315926j 0.00445392-8.70811e-05j 0.0012574-0.00406163j -0.00205054-0.00285556j 0.000211748-0.00376558j 0.000163615+0.00321283j -0.00367186+0.00543064j 0.00551847-0.00393461j -0.00299336+0.00195507j -0.00733246+0.00214294j -0.00150011-0.00277239j 0.00523089+0.00242403j 0.00448011-0.00149145j 0.00188083+0.000518397j 0.00354117+0.000173154j -0.00280205-0.00137667j 0.00306772+0.00131862j 0.00249508-0.00271603j -0.00131443-0.00490378j 0.00373138+0.00101183j -0.00121572-0.0013664j 0.00136613-0.000912173j -1.1056e-06+0.00258948j 
-0.00108255-0.000135533j -0.000615089-0.000982228j 0.000547018-0.00199099j 0.00116421-0.000634666j -0.00643498-0.0012797j 0.0045836+0.0107301j -0.00373353-0.00348153j -0.00427846+0.00498031j -0.011968+0.007793j -0.00455654+0.00422087j 1.84581e-05-0.00174689j 0.0020628+0.000706905j -0.00106273-0.00216941j 0.00109484-0.00298194j 0.00235417-0.0017537j 0.000187495+0.00298011j -0.00368509+0.000753664j -0.000774359-0.00359703j -0.00104697+0.000139405j -0.00073555+0.00364298j -0.000101659-0.00157334j -0.00105722-0.00238183j -0.00216825-0.00324725j -0.0015243+6.82143e-05j -0.00121512+0.000495498j 0.00028397+0.00130697j 0.000904713-0.00225761j 0.0010305+0.000599387j 0.00245642+0.00203021j -0.00221935+0.00149758j -0.00042102+3.94824e-05j 0.000351709+0.000725181j 0.00343812-0.00530021j -0.000224901+0.00292682j -0.000751926+0.000237099j -0.00646733-0.00258912j 0.00283562-0.000910554j -0.000181879-0.00576453j 0.00640351-0.00294284j -0.00476883+0.00318835j -0.00969098+0.00140719j 0.00584613+0.00762419j 0.000677552+0.0027186j 0.00507342+0.00565596j 0.00136769+0.00249064j 0.00275229-0.0029937j -0.00256867+0.00235544j 0.00209632-0.00376789j 0.00328895-0.00149421j -0.000185536-0.000243991j 0.00358497+0.00193528j -0.00201951-0.00154794j -6.04463e-05+0.000487463j 0.000797762+0.00851673j 0.00098425-0.00132501j 0.00416595-0.000976151j -0.00566615+0.00350492j 0.00585432+0.000297703j 0.00322892+0.00775397j -0.00761883-0.00755356j -0.000110204-0.00409442j -0.00690212-0.00307667j 0.00193995+0.00273946j 0.000793592+0.000323437j -0.000712406+0.00154694j -0.00208367-0.00230983j -0.000956181+0.00193827j 0.00143019-0.000100919j 0.000205606-0.000420765j 0.0015448+0.00121192j -0.000934618-0.000495959j 0.000892499-0.00164743j 0.000532964-0.000798116j -0.000363544-0.0022881j -0.00337692+0.000190967j 0.00121409+0.00270305j -0.000584162+0.00225952j -0.00139569-0.000664745j -0.00141773-0.000467355j -0.00056379+0.00179699j -0.00216747-0.000905534j 0.0030448-0.000136581j -0.00441769+0.000179379j -0.00273786+0.000537868j -0.000382721+0.000332568j -0.000285172+0.003646j -0.00151324-0.00362096j -0.00548031-0.00177309j 0.00143791-0.00326942j -0.00319897+0.00202292j 0.00354517-0.00190702j -0.0027455-0.00172507j 0.000930256+0.00151367j -0.000240726+0.00712083j -0.00424872+0.00705999j -0.00352327-0.00691321j 0.0090897+0.00458729j -0.00912459-0.000990901j -0.00353207+0.00327076j 0.00855964+0.000829734j 0.0046461+0.00114473j 0.00513204+3.94092e-05j -0.00188687+0.00324759j -0.000128524-0.00287103j -0.00211009+0.00387082j -0.00087428-0.000462004j -0.00243926-0.00172734j -0.000933084-0.00195874j -0.00178743-0.00537592j -0.00161411+0.00263071j 0.00360913+0.000527407j -0.000849847+1.66024e-05j -0.00061608-0.00321587j -0.000653796-0.00540136j 0.00252035-0.0035037j 0.00103568+0.000299953j 0.00501248+0.00610787j 0.00351601-0.00595j -0.00383879+0.00688482j 0.0013765+0.00510892j 0.00327039-0.000969934j 0.00423353-0.00769612j 0.000193836+0.00311392j -0.0019334-0.000577628j -0.0014372-0.00112922j 0.00275339+0.002383j 0.00187394-0.00175688j 0.00361891+0.00098142j 0.00397774-0.00154144j 0.00936837+0.00213164j -0.000415717+0.00224242j -0.00016948-0.00260026j -0.000100008-0.00171609j -0.000905438-0.00554203j 0.000943854+0.00974178j -0.00168531-0.00032018j 0.00378482-0.00247227j -0.00829161-0.00250086j -0.00292955-0.00559434j 0.00553483-0.00433894j 0.000987274+0.000601857j -0.00162457+0.00804189j -0.00632122+0.00229175j -0.00230202-0.00957839j -0.00979079-0.000342929j 0.00350327+0.000548799j 0.000114358+0.00184535j -0.00126234+0.00118232j 0.000447614+0.000786636j 0.00111341+0.00399245j -0.00387342+0.00209108j 0.00381413+0.000562108j -0.000991822-0.00506802j 0.000933814+0.000979683j -0.000976993-0.000192887j -0.000715977+7.79448e-05j 0.00220819+0.000156981j 0.00041464-0.00159432j 0.0001409-0.000388273j 0.000480088+0.000612567j 
-0.00231032-0.00145998j 0.00118505-0.00333855j 0.000474557-0.00153713j 0.000879005+0.00242994j -0.00600898-0.00135915j 0.00127041-0.00921505j 0.00204592+1.98723e-05j -0.00736976-0.00556557j -0.000277639+0.00491371j 0.000210245+0.00441842j 8.35342e-05+5.43055e-05j 0.00157014-0.000506373j 0.00322453-0.00108116j 0.00434086+0.00160195j -0.00612155+0.000936738j 0.00108369+0.0112843j 0.0071822+0.00292007j 0.00173841-0.000812759j 0.00952362-0.0033266j 0.00631083+0.0065629j -0.0077619+0.000205223j -0.00647358+0.00168919j 0.00170217-0.011526j 0.00219134+0.000601601j 0.000668981+0.00223795j 0.00213509-0.00395208j -0.00292924+0.00208491j 0.00209085+0.00157479j -0.00472864+0.0041782j -0.00241683+0.000980619j -0.00174715+0.000780492j 0.000764448+0.000875738j -0.00347098-4.38832e-05j -0.00633887+0.00032164j 0.00090009+0.00248206j -0.00202427+0.00051015j -0.00140475+0.000897768j -0.00247457-0.00431355j 0.00563273+0.00948384j -0.00376297-0.000415358j 0.00407782+0.00051487j 0.00377213+0.00546442j -0.00278139+0.000933751j -0.00048155-0.00942172j -0.00285521-0.00933297j -0.0025176+0.00666147j 0.00219185+0.000108038j -0.00358998+0.00585622j 0.00342905-0.00354376j 0.000652838+0.0125029j 0.00219249-0.00769158j -0.00321424+0.000626617j 0.0109977-0.00866904j 7.07031e-05+0.00157254j -0.000544613-0.00238443j -0.00143452+1.22992e-05j -0.00887177+0.000783472j -0.00654928-0.0042356j -0.00441572+0.00442439j -0.00189599+0.00389011j 0.00392139+0.000876685j 0.000106227-0.00105499j 0.00309329+0.00348639j 0.00425077-0.00160257j -0.00113109-0.00021881j 0.000325373-0.00281485j 0.000634908+0.00113448j 0.00109774-0.00215922j 0.00046745-0.00385817j 0.00501457-0.00201138j 0.000265598+0.00278937j -0.00172927-0.000318133j -0.000779956-0.000106188j -0.0020654-0.00151032j -0.00181032+0.0027076j 0.00304762+0.00175678j -0.00174604+0.00271151j -0.00116348-0.000824242j 0.00100922-0.000563157j 0.00045125-0.00278122j 0.000736981-0.00079419j -0.0035862+0.0022568j 0.00138556-0.00329431j 0.00446866-0.00129746j -0.00249657-0.000241465j -0.00205329-0.00129433j -0.00018825-0.000671866j 0.000109659+0.00326198j -0.00161051+0.00168138j -0.00310179-0.00219649j -0.00185313+0.0016441j 0.00394233-0.000154794j -0.00696585-0.000281268j -0.00465973-4.0258e-05j -0.00706085+0.00138478j 0.00206629-0.00108751j -0.00185052+0.00023752j 0.00241311-0.00309103j 0.00295403+0.00289432j -0.0045194-0.00132469j -0.00349939+0.00441193j 0.00315096+0.00371942j 0.00610047+0.000214575j -0.00614459+0.000897305j 0.00783897-0.00352071j 0.000487826-0.00370922j 0.00449051-0.00147785j 0.00295738+0.000763279j -0.00236512+0.00865868j -0.00336661+0.00380394j 0.00312595+0.00627428j -0.00107802+0.00207365j 0.00378661-0.000984368j -0.00427563-0.00456011j 0.00200582-0.00690006j 0.00823559-0.00565019j 0.00725335+0.00424425j 0.00243599+0.000681394j -0.00190104+0.00275561j -0.00102688-0.00154877j 0.00240256-0.00129081j 0.00412931+0.00747395j -2.97723e-05+0.000531134j 0.00784992+0.00484667j -0.00795207-0.00533527j 0.000446034+0.00101397j -0.00131527+0.00415672j 0.00442972-0.0054633j -0.0116713+0.000803194j -0.00232783+0.00142665j -0.00966318+0.00324837j 0.00186578-0.00257536j -0.00529887-0.00433651j 0.00489297+0.00112124j 0.00711101-8.67847e-06j -0.00546542-0.00985563j 0.00861769-8.69815e-05j -0.00595319+0.00171667j 0.0071496+0.00397307j -0.00570331+0.000155575j -0.00746953+0.00963163j 0.00197617-0.00162566j 0.00966003+0.00457323j 0.00263261+0.00471924j -0.00373171-0.00232891j 0.000468241+0.000944146j -0.000891399+0.00229097j -0.00127838-0.000583464j -0.000264352-0.000831119j 7.5718e-05+0.000307801j -0.00254916+0.000494732j 0.00382622-0.00170091j -0.000768468-0.00355086j -0.000187014-0.00168584j 0.000938353+0.00177634j 0.00141171-0.00123855j 0.00108578+0.000427078j 0.00083927-0.000839842j -0.00147716+0.0004903j 0.000114238-0.00135356j 
-0.00131876+0.000300836j -0.00309001-0.00154979j -0.00155197+0.00128188j 0.00437825+8.98982e-06j -0.00479831+0.00294437j -3.8853e-05-0.00843879j -0.0107369-0.00101895j -0.00411189-0.00232681j -0.0021391-0.00613921j -0.00150923+0.00144621j 0.00396121-0.00332399j 0.00310216-0.00568548j -0.00143232-0.00431611j -0.000201138+0.000922049j -0.00262551+0.000826667j 0.00190219+0.00157602j -0.000295775+0.000296128j 0.00170142-0.000755162j -0.00336347-1.69319e-05j 0.000725703-0.0033737j 0.00351999+0.00283713j 0.00330551+0.000539749j -0.00408139-0.000810406j 0.000164072+0.00247562j -0.00385396-0.00133602j 0.000708911+0.000820026j -0.000367113+0.00132687j 0.00132777-0.00422674j 0.000110944-0.00172576j -0.00128987+0.00557824j -0.00139324+6.17647e-05j -0.000225245+0.000936347j -0.000477622+0.000787437j 0.00278684-0.0003422j 0.00142083+0.000186762j 0.00269938+0.00721776j 6.55367e-05-0.000136143j 0.00128331+0.000270509j -0.00103724-0.00712782j -0.00103114-0.000435566j 0.000731749-0.00772632j -0.00128231-0.00183473j -0.00485455-0.0121455j 0.00243872-0.00364009j -0.00659051+0.00696932j -0.000627236-0.00902648j -0.000181683+0.00361512j -0.0015681-0.00194697j 0.00243999-0.00702163j -0.00351551-0.001392j -0.0002296+0.00170632j 0.000481463+0.00463353j 0.00138555+0.00260216j -0.00235556+0.000554483j -0.00545797+0.00941429j 2.33267e-05-0.00296862j -0.00132128-0.00529693j -0.00323807-0.00645457j 0.00251164+0.00387437j 0.00411097-0.00282915j -0.00587407+0.00527135j 0.00317512+0.000945889j -0.00123803+0.000104382j -0.00860363-0.000570937j 0.00659975+0.00451806j 0.00029635-0.00208164j -0.00205566-0.00235549j -0.00103556+0.00264612j -0.00107082+0.00241371j 8.55592e-05-0.00389483j -0.00527262-0.00516304j 0.00562658-0.0108683j 0.00254811-0.00256424j -0.00136859-0.00115103j 0.000473749+0.000215706j -0.00348711-0.000104391j -0.00175754-0.000683241j -0.000825078-0.00104552j 0.00114547+0.00259401j -0.00205033+0.000396446j -0.00337366+0.00220725j -0.00049573-0.00219523j 0.000554256-0.0029815j -0.00418971+0.000112244j 0.00265172-0.00212834j 0.00303087-0.000913699j -0.000874149+0.00407646j 0.00452734+0.000488544j -5.95535e-05-0.00117532j -5.04783e-05-0.00201156j 0.00593122-0.000876875j 0.0021206+0.0024926j -0.00073221+0.00540255j 0.000163728-0.00742608j 0.00180689+0.000418151j -0.00690551-0.00016343j -0.00239476+0.00349338j -0.00501171-0.00166086j -0.00159614+0.00354856j -0.00581711+0.00231892j -0.000343613-0.00584007j 0.00864901+0.00493103j 0.00237948-0.012117j 0.00174743-0.00155472j 0.00209056-0.00298704j -0.00430955-0.00545449j -0.000818365+0.00681523j -0.00382154-0.00391853j 0.00563991+0.00378206j -0.00595952-0.000439146j 0.00944292+0.00617901j 0.00238389+0.00115172j 0.00110594+0.0110166j 0.00151188-0.0160488j 0.00286867-0.00753639j 0.000438918-0.00862752j 0.000503727+0.00354796j -0.00126943-0.00619695j 0.000122856+0.00658839j -0.0061741-0.00169642j 0.00474479-0.000176926j 0.0043689-0.000924044j 0.00109441-0.00423266j 0.00241577-0.00382185j -0.00597123-0.00121922j 0.00173094-0.00502253j 0.00859235-0.0110819j -0.0100983-0.00242679j -0.00649612-0.00186282j 0.00622372+0.000792257j -0.0081263+0.00828138j -0.00426907+0.00017741j 0.00198843+0.00489359j 0.00498398+0.00523988j 0.0056692+0.00503705j -0.00736126+0.00376984j 0.004386+0.00420886j 0.00105139+0.00146498j -0.00206077-0.00531757j 0.00540195-0.00579985j 0.00559377-0.000963269j -0.00191043+0.00582147j 0.000650786-0.000769183j -0.00282902+0.00729321j 0.00305646-0.00837215j -0.00559161-0.00223681j -0.0010998+0.00572459j -0.0009651+0.00169383j 0.00420665-0.00521938j 0.00109254-0.000897938j -0.00207837+0.000595618j -0.000551785-0.0033541j -0.00142668+0.00196112j 0.00520353-0.00639287j 0.0039211-0.000362176j -0.00251944-0.00406578j -0.000170467+0.000139165j 0.00348722+0.00168943j 0.000861672+0.00358256j -0.00231631-8.14597e-05j 
-0.000629366+0.00113744j -0.00356967-0.00294264j -0.00132668-0.00189298j 0.00239484+0.0035615j -0.0117772+0.00397842j 0.000773528-0.0130127j 0.000544937-0.00239126j -0.0121823-0.00218238j 0.00313269+0.00868626j 0.00141272+0.00370575j -0.000832884+0.00400677j -0.00163396-0.00167759j 0.00492467-0.000899844j 0.00184522-0.00402451j -6.03736e-05+0.00268601j 0.00180732+0.00249095j 0.00272186-0.00174438j -0.000169269+0.0011762j 0.0050761-0.00178442j -0.000529737+0.00304087j -0.00493199-0.00123162j -0.00344701-0.00254974j 0.00414454-0.00397788j -0.000179879-4.08788e-05j 0.00108184+0.00071844j -0.00176787+0.00220759j 0.00168064+1.29936e-06j 0.00136458+0.00204506j 0.00421075+0.000386113j 0.00210516-0.00176517j 0.00109289-0.00296585j -0.00130533+0.000122253j 0.00415429+0.00491882j 0.00183075+0.000377577j -0.00035736-0.00212582j -0.0023215+0.000392763j -0.000421771+0.00142434j 0.00833831+0.00781726j 0.00251312-0.00372041j -0.00122603-0.00364752j -0.000334361+0.00386513j 0.00331073-0.00511713j 0.000157097-0.00193232j -0.00542852+0.00287564j 0.00312335-0.00401032j -0.00314712-0.00837755j 3.91729e-06+0.00491167j 0.00611785+0.00113024j 0.00187452-0.00113391j -0.00452611+0.0111103j -0.00443616+0.00375186j 0.000532958-0.00123838j -0.00111841+0.000638035j 0.00842096+0.000664325j -0.0043258-0.00230564j -0.0023744+0.00649204j 0.000458053+0.00497388j 0.00652571+0.00152151j -0.00499076-0.00374382j 0.00230765-0.000661194j 0.00193162-0.0023021j -0.000103518-0.00195097j 0.00119914-0.00324644j -0.000525092-0.000442704j -0.00380543-0.00227044j 0.000140499+0.00180351j -0.00178171-0.00221985j -0.00188744+0.000942259j 0.00244799+0.0013225j -0.0030906+0.0073196j -0.000286106-0.00165297j -0.000627183+0.00211679j 0.0046948-0.00483408j -0.00204451-0.000114265j 0.00217967-0.0032045j -0.00244081-0.0016685j -0.00097371+0.00312057j -0.00331029-0.00176605j -0.00470756-0.000936988j -0.00152831+0.00168623j 0.00138155+0.00104596j 0.000537714+0.00153429j 0.00440448-0.000481593j -0.00213717-0.000425649j 0.00317897-0.00154753j 0.00163819-0.00224779j -2.1432e-05+0.000997335j 0.00547669-0.000534545j -0.00380715+0.00289354j 0.0039093+0.00209792j 0.00200517-0.00224205j -0.0028528+0.00133494j 0.00129317+0.00604168j -0.00669725+0.00357643j 0.00336228-0.003407j 0.00353772+0.000428065j 0.00648601+0.00247445j 0.00285782+0.00357064j -0.00107685-7.54379e-05j 0.00165412+0.000719846j -0.00123673-0.00083386j -0.00414345-0.0068804j 0.00781243-0.000716215j 0.0031113+0.00316425j -0.00433921+0.00223575j -0.00287268+0.000361029j -0.00435874-0.00331361j -0.00442436+0.00781179j -0.0015482-0.00209846j 0.00488563+0.00259832j -0.00118598+0.000744715j -0.000659796-0.00140518j 0.00169531-0.00209755j -0.00700127+0.00199635j -0.00378888+0.00446493j 0.00412512+0.0035299j -0.000988012-0.00325324j -0.000485159+0.00706546j -0.0084944+0.0017081j -0.00767992-0.00257057j 0.00351334+0.00143764j -0.00829292-0.000193273j 0.000434031+0.00638558j -0.00128059-0.000690078j 0.000247224-0.00248406j 0.00037363+0.000456919j -0.00783178-0.000784145j 0.000633176-0.00118511j 0.00387467+0.0102924j 0.00112138-0.00681692j -0.000846354-0.000643893j 0.00240889-0.000573858j 0.00197851-0.00145747j -0.00221726+5.7932e-05j -0.0092963-0.000987135j -0.0071013+0.00651524j -0.00662631-0.00367065j 9.51863e-05-0.00140958j -0.00172361-0.00442278j 0.00446796+0.00106709j 0.0105615-0.0021809j 0.00433423+0.00274514j -2.0997e-05-0.00759619j -0.00079698+0.00203979j 0.00920341+0.00773849j 0.0046094-0.00205045j 4.25236e-05-0.00390049j 0.0012404-0.000727249j -0.00274349+0.00320107j -0.0043279+0.000573067j 0.00262461-0.000315057j -0.00676014-1.32172e-05j 0.000227058+0.00293382j -0.000944395+0.0067337j -0.001606+0.00250646j 0.00297679+0.00149706j 0.00263601+0.000981343j -0.000848707-0.00261758j 0.00100484-0.000967136j 0.000345927+0.00080952j 
-0.00166544+0.00144959j -0.00234841+0.00167873j 0.000422846+0.00111137j 0.00117543-0.00138892j 0.00468197-0.0010576j -0.0016813-0.00559502j -0.00085342+0.000654402j 0.00485945-0.0044606j 0.00489309-0.00826577j 0.00264653-0.00300418j -0.000224704-0.00159068j -0.00127949-0.00418496j -0.00278158+0.00166779j 0.00101944-0.00319742j 0.00375642-0.00035585j 0.000739845+0.00227466j 0.00391887+0.00155537j 0.00499745-0.00326826j 0.000502619+0.00159666j 0.000212099-0.00574581j 0.00630404+0.00447277j 0.00298014-0.00254192j 0.00235536+0.00492985j 0.00616469+0.00342336j 0.00384375+0.00218955j -0.00272434-0.00272306j 0.00287969-0.00392109j 0.00109779-0.0016184j 0.00197348+0.0053457j -0.00151931-0.00369762j -0.00208126-0.000952135j 0.000411646-0.000482559j 0.00534065+0.00229852j -0.00473695+0.0033117j -0.00328803-0.00133534j -0.000394777-0.0028915j -0.00317197-0.0010211j -0.00295415-0.000490954j 0.00225849+0.0020053j -0.0041928-0.00174211j -0.00206689-0.000947531j -0.0021887+0.00236351j -0.00332055-0.00241774j 0.00113405-0.000577761j -0.000538034+0.00276423j 0.00212429-0.00451753j 0.0050027+0.000180096j 0.00352266-0.00335227j 0.0027885-0.00583317j -0.00252622+0.00779943j -0.00020352+0.00442067j -0.00831408+0.000899874j 0.0008072+0.0013873j -6.10015e-05-0.00274224j -0.0022017+0.00219865j 0.00191875-0.000496344j -0.006715+0.00307072j 0.00264587+0.00174914j -0.00291483-0.000866142j 0.00604861-0.00312813j -0.00397657+0.00421517j -0.00414938+0.00120033j 0.00213872+0.00366851j 0.00345676+0.00696113j -0.00472244-0.00187682j -0.00441091-0.0030685j 0.00245468-0.00131268j -0.0019575-0.00180651j -0.00369857-0.00187827j -0.001323-0.00175381j -0.00145063-0.00129902j 0.00210043-0.00147558j 0.00559909+7.88275e-05j -0.00268754-0.00210162j 0.000314198+0.00290237j 0.00530087+0.00139251j -3.42473e-05+0.00233086j 0.00111077+0.0013571j -0.0075211+0.00398951j 0.00161651+0.00476056j 0.00870549-0.0049704j 0.00860372+0.00272209j -0.000553751+0.0068045j 0.0053109+0.00586965j 0.00482983+0.00182195j -0.0033803+0.00292245j 0.00429046-0.00379622j -0.00458094+0.00113788j -0.00298715-0.00464347j -0.00341065-0.00687123j 0.00501183-0.00187687j -0.0054895-0.00812766j 0.00105355+0.00432293j -7.04511e-05+0.00173944j -0.00216097-0.00234347j -1.85361e-05-0.000699783j -0.00116367+0.00344251j -0.00127987+0.00373046j -0.00502976-0.00238553j -0.00209548-0.000436807j 0.00115534+0.000714809j 0.00730542+0.0044525j -0.00507227-0.00367005j 0.00273684+0.00352619j -0.00386746+0.00520768j -0.00163045+0.00139659j 0.0029649-0.00722207j 0.00509774-0.00229838j -0.00603048+0.000534612j 0.00109799+0.00516856j -0.00157483-0.00552283j -0.00207336-0.00173687j -0.00233476+0.00594956j -0.000756232-0.00477888j 0.000459338-0.00220176j -0.0019972+0.00177693j -0.00293044+0.00500787j -3.03809e-05-0.00174372j -0.00376596-0.000537738j -0.00236681+0.00192019j -0.00130753+0.00288993j 2.96743e-05+0.00101985j 0.00671181-0.00552661j -0.00192406+0.00353273j 0.00174453+0.00329842j -0.00138998+0.00082122j 0.00465262+0.00410683j -0.00202386-2.30771e-05j -0.00237219-0.00231076j 0.00178166-0.00223224j -0.00125987+0.00430115j -0.00574552-0.00208532j 0.00952459-0.00481368j -0.00881386-0.00488301j -0.00131662+0.000936919j -0.0027522-0.000536476j 0.0107391+0.0089125j -0.00159359-0.00277069j 0.00273448-0.00351136j 0.00281912-0.00204415j 0.00342552-0.00277047j 0.00127861+0.00342716j -0.000181089-0.0046007j 0.00263178-0.00195526j -0.00204835-0.00248527j 0.00472742+0.0025175j -0.00370702-0.000812083j 0.00037672+0.0026237j 0.00213579+0.00357206j -0.006331+0.00500895j -0.00518184-0.000606255j 0.00267063-0.000520057j -0.00119587-0.00867321j 0.00574746-0.000775498j -0.0032203-0.00326599j -0.0026093+0.00358782j 0.00339745+0.00228047j 0.00349657-0.00345725j -0.00146494-0.000288232j 0.000221614-0.001811j 
0.00129909+0.000210663j -0.000365021+0.00125725j -0.000405748-0.00076601j 0.00115336-0.000601927j -0.00489841+0.0028276j 0.00299817+0.00700533j -0.00998958-0.00351184j -0.00195754+0.0076625j -0.00686423+0.00344313j -0.00466454+0.000368712j 0.00225493+0.00101946j -0.0014926+0.0027085j 0.00214201-0.00196135j -0.000431656-0.00103005j -0.000203137+0.000761752j -0.000889772-0.00199138j 0.00517173-0.000369945j 0.00338319-0.000839962j 0.000938326-0.000999116j -0.00157313-0.0042256j 0.00551294+0.00188338j 0.00462326+0.00144331j 0.00243769+0.00296362j 0.00584388+0.000378003j 0.00254557+0.00153449j -0.00090406-0.000909675j 0.00239359-0.00107529j 0.000471675-0.00196029j 0.00141754-0.000614431j -0.00168516+0.000217441j 0.000283149-0.00017181j -0.000422991-0.00108863j 0.00032983-0.000542072j -0.0028296-0.0026043j 0.00268705+0.00184103j -0.00253801-0.00309933j 0.000867776-0.00235334j 0.00193582-0.00041817j 0.00356775-0.00357189j -0.00294896+0.0043998j -0.0025727+0.00511867j 0.0100858+0.00375774j 0.00263327+0.000964007j 0.00651692+0.00197178j 0.00105565+0.00295501j 0.000792004-0.00119969j 0.00186744+0.00436409j 0.00538355-0.000190756j 0.00227796-0.00579589j -0.00108059+0.00409613j 0.00275802-0.00244306j -0.00259574-0.00342579j -0.000807642-0.00459147j 0.00506426+0.00450627j 0.00119451-0.00228662j -0.00246919-0.000110317j -0.0109722+0.00416468j 0.00421587-0.00362272j 0.00420362+0.00434823j -0.00527928-0.00439222j 0.00675103-0.00769634j -0.0014645-0.00408736j 0.00312152-0.000351085j -0.0025484-0.00659396j 0.00158789-0.00545168j 0.00561014+0.00317859j 0.00233315+0.00280251j 0.00148846-0.00186677j -0.000301803+0.0014835j 0.0037008+0.00084258j -0.00202054+0.00304824j 0.00187764-0.0013932j -0.000964603+0.000439708j 0.00106829+0.00203514j 0.000542885-0.00175386j -0.00535414+0.000378641j -0.000659775-0.00243898j -2.2028e-05-0.00412516j -0.00321497-0.00447776j 0.00156803-0.00132039j -0.00564443+0.0037934j -0.00539249-0.0037465j 0.00793626-0.00244006j -0.00490519-0.00249749j -0.00177077-0.00052719j 0.00702784-0.0100409j 0.00523276+0.00716348j 0.00343695-0.00177958j 0.00603651+0.00264777j 0.00625193+0.00265741j -0.00306483+0.00135955j 0.00495145+0.000323978j 0.00351374-0.000177192j 0.00736414-0.00182503j 0.00848976-0.00159852j 0.00136491+0.00442969j -0.0052469-0.00932354j 0.00402097-0.0011294j 0.000769603-0.00174425j 0.00242329+0.00335004j 0.0021708+0.0019563j -0.00350198-0.00135105j -0.00789123-0.00137852j 0.00252886-0.00115408j 6.9764e-05-0.00745606j -0.00488442+0.00146834j 0.00249803+0.00601924j -0.00516675+0.00443187j 0.000130259-0.00198495j -7.84406e-05-6.066e-05j 0.00062999-0.00600413j -0.00108144+0.00661333j -0.00051423+0.00518197j 0.00146199-0.00672021j 0.00271605+0.000979306j -0.00479602-0.00270864j 0.00245943-0.00241516j -0.000190052-8.11265e-05j 0.00546844-0.00614215j 0.000588851+0.00248206j -0.00268179-0.00817996j -0.00361263+0.0031645j 0.00364229-0.0011236j -0.00112036-0.000812497j -0.000619782-0.0039217j -0.00587914-0.0021211j 0.00323909-0.00602238j -0.00771424+0.00517782j 0.00338954+0.00113861j 0.00230372+0.000943169j 0.00388151-0.00265053j 0.00151325+0.00079352j 0.00343059+0.00490127j 0.00525895+0.00116384j 0.00362084-0.00314201j -0.000392895-4.1312e-05j -0.00295646-0.00426852j 0.00296209+0.00152609j 0.00311969+0.00601274j 0.00319335+0.000391114j -0.00546226+0.000734117j -0.00023865-0.00520439j 0.00115661+0.00488614j -0.00706572+0.0053581j 0.0121493+0.00207746j -0.00734204-0.00428167j -0.00250412-0.00135482j 0.00040283+2.82703e-05j 0.00532956+0.00166305j 0.00272727-0.00250277j 0.00440511-0.00117463j -0.00162521-0.00124675j -0.00142009+0.00491349j 0.00337863-0.00107936j -0.000118045-0.00176054j -0.00097604-0.000204625j -0.00398976-0.000276708j -0.000922589+0.00392647j 0.00175161-0.000781556j 0.00122935+0.00204249j 
0.000570747-0.000409271j 0.00065832-0.000608813j 0.000122543+0.000246295j -0.00171336+0.0015232j 0.00120678-0.000911419j -0.000534852-0.00234881j 0.00737038-0.00036274j 0.00171318-0.00311311j 0.00595419+0.00211333j 0.00311887-0.000756113j -0.00381466+0.00204257j -0.00245806-6.53635e-05j 0.00181215+0.00274049j 0.000705805+0.00248668j -0.00236082+0.00326145j 0.00332099-0.00347225j 0.000896842-0.00011307j -0.000148274-0.00396833j -0.00606697+0.0033683j -0.000871836-0.00714078j 0.00623033+0.00238705j 0.00749121-0.00263312j -0.0042289+0.00916641j 0.00372978+0.001868j -0.0030302-0.000990945j -0.00213556-0.00407477j 0.00226624+0.001745j -0.00352547-0.00785233j -0.0031982+0.000545288j 0.0011693+0.00216733j 0.00256474+0.00143477j 0.000396419-0.000538306j 0.00119488+8.46213e-05j 0.00271221+0.00281708j 0.00151418+0.00117896j -0.00068701-0.000858776j -0.000601222+7.64909e-05j 1.01622e-05+0.00292046j 0.0012045+0.00303653j -0.00209266-0.000171064j -0.0025278-0.000399046j -0.000527105-0.000203138j -0.000973961-0.00244693j -0.000943717+0.00242968j 0.00458054-0.00202012j 0.00197534-0.00157835j 0.00321168-0.000927351j 0.000999051-0.00243499j -0.00149757+0.00255337j 0.00273852+0.00474215j 0.000419601+0.00139344j -0.00132069+0.00165909j 0.00196474-0.00529295j 0.000130328-0.0009359j 0.00540448-0.0032697j -0.0026565+0.000436466j -0.00262339+0.00455693j 0.00429085-1.80057e-05j -0.00567784+0.000993146j -0.000386396-0.000572929j -0.000225029-0.000986072j 6.64856e-05+0.000317232j 0.00184768+0.00324893j -0.00319439-0.000122469j 0.000189142+0.00293349j -0.00305817-0.00163782j -0.00261922-0.000181017j 0.00029534+0.000405334j 0.0020302+0.000692741j -0.00409405+0.000739084j 0.00226048-0.00135042j -0.00367412+0.00299806j -0.00244341-8.45459e-05j 0.00124054+9.5213e-05j -0.000776785-0.00208695j -0.000939567+0.0011887j 0.00191896-0.00373031j 0.00321414+0.000898563j 0.0027471+0.000549217j 0.00104273+0.00326751j -0.00255033+0.000797805j -0.00109601+0.00296636j -0.00689474-0.000421608j 0.00461575-0.00106538j 0.00391542+0.0048798j -0.00436798+0.00366273j -0.000742591-0.00332991j 0.00456191-0.000869216j 0.00525581+0.00147126j -0.000637032-0.00551784j -0.0089205+0.00632103j -0.000117843-3.01557e-05j 0.000619568-0.0042514j 0.00993+0.00640612j 0.00486662-0.00953813j 0.00687356+0.00255364j 0.00569261-0.0129585j -0.00389903-0.00339215j 0.0116653+0.0122427j 0.00336896+0.00546763j -0.0034941-0.00455879j -0.00166673-0.0127964j 0.0090012+0.00840096j 0.00115197-0.00137133j -0.000126796-0.0202621j -0.00975977+0.00222081j 0.00962733-0.0127578j -0.00691585+0.00596123j 0.00723632-0.011148j 0.000465307-0.00375244j 0.0149134+0.0164689j -0.0116586+0.00777059j -0.0111205+0.000312567j -0.00964584-0.0117704j 0.00888604-0.00246509j -0.0012102-0.00724202j 0.0126323+1.19168e-05j 0.00781367-0.00572784j 0.00357722-0.000324689j -0.0109996-0.00741704j -0.00397113-0.0218578j 0.000773038-0.0023591j -0.00180287+0.00526671j -0.00306976-0.00261405j -0.00928253-0.00265606j 0.00408325-0.00224678j 9.73547e-05-0.00655561j -0.00386025+0.00388412j -0.000260726-0.000490113j -0.00409365+0.00718693j -0.00306518-0.00419336j 0.000629309-0.000141277j -0.00222465+0.00142338j 0.000490824+0.0190642j 0.00125036-0.00576276j 0.00442297-0.00886592j 0.00385238-0.00891786j 0.000792445+0.00249441j 0.00198727-0.00625422j 0.00467648-0.0100783j 0.00043502+0.00238405j -0.00695848+0.00424606j 0.000165009-0.000498724j 0.000188747+0.00162374j -0.00429756-0.00446853j -0.00265375+0.00168842j 0.00149924+0.00894559j -0.0104919-0.00267509j -0.000581224+0.0036042j 0.00284203-0.00841058j 0.0061252-0.00160109j -0.000604837+0.00259801j 0.00165249+0.00344588j -0.00576275-0.00839888j 0.00225836-0.00296345j -0.00366651-0.00113849j -0.00148365-0.00397978j -0.00213564-0.00244661j -0.000657948+0.000325956j -0.000109569-0.00168141j 
0.000557549+0.00212362j -0.00121801+0.00208555j -0.000129456+0.000103458j -0.00159085-0.00258441j -0.00268291-0.00197175j 0.00758647+0.00985636j -0.00513041-0.00538267j 0.00496767+0.00455344j -0.0041127+0.00320953j -0.000246424-0.000990269j -0.00298278+0.000582417j -0.00186819-0.00273285j -0.00468498+0.00551092j 0.00110124+9.13307e-05j -0.000255949-0.000436668j 0.000649276-0.00370322j 0.00214821-0.00213413j 0.000460087-0.00064731j -0.000906013-0.000315419j -0.00142285-0.00234201j 0.00415691+0.00179683j 0.00233163+0.00150906j 0.00366898+0.00297253j 0.00459292-0.000924337j 0.000738867-0.000775801j -0.00362304-0.00113177j 0.00141129+0.00102674j -0.00147072-0.000655726j 0.000919189+0.00286518j 0.00479877-0.000630237j 0.00177243+0.000698015j 0.000381642-0.00231116j -0.00146465+0.00288691j 0.00413362+0.00509898j -0.00189021-0.00307098j 0.00164227+0.00261385j -0.00157838-0.00304941j -0.00275563+0.00108287j -0.00520523-0.00305468j -0.00550061+0.00274644j -0.00381922+0.0022192j 0.00115372-0.000470265j -0.00186409-0.00397374j 0.00312084+0.00410191j 0.00254403-3.65201e-05j -0.00108307-0.00615931j -0.0016388+0.00303039j 0.00245521-0.00076558j -0.000837888-0.000715844j -0.000324797+0.00961104j 0.00382623+0.00464958j -0.00327436+0.00717597j 0.00254699+0.00660068j -0.00201984-0.00368449j -0.00191237+0.00190822j 0.00422937-0.00334948j -0.000117997+0.000242082j 0.0081265-0.00438581j 0.000408693-0.00137749j 0.00691253-0.00542657j -0.00451088+0.00117787j 0.00162493+0.00454454j 0.000888574-5.656e-05j -0.00675663+0.000711308j 7.25547e-06-0.00220173j -0.00750262-0.00144016j -0.000774443-0.00248778j -0.00280611+0.00139306j -0.00260331-0.0064816j -0.00343655-0.00193353j 0.00104108-0.0013607j -0.00205896+0.00128801j 0.00419226+0.00067816j -0.000829504+0.00133847j 0.00527306-0.000951712j 0.000658934-0.00296918j 0.000273533+0.00529916j -0.0047628-0.000472806j -0.0041052-0.00469757j -0.00167617+0.00101255j 0.00127928+0.00243219j -0.00810706+0.00011587j 0.00740531+0.00134978j 0.00546712+0.00442153j 0.000510638-0.00263918j 0.00243958-0.00460083j -0.00145461+9.55397e-05j -0.0038813+0.00096485j -0.00575475-0.00270403j -0.00705274+0.0038197j -0.00124693-0.000418255j 0.0102816+0.00555281j -0.000779424+0.00675133j -0.00354695-0.00625164j -0.0143946+0.00577489j 0.00363264-0.00764953j 0.00415688+0.00102716j -0.000664972-0.00175528j 0.00530547+0.00630946j -0.00051435-0.00382732j 0.00862334+0.000279098j 0.0024071+0.00176498j 0.00796313+0.00463137j -0.00114029+0.003516j 0.00639327+0.00512604j 0.00246922-6.67712e-05j 0.00223864+9.5192e-06j 0.00109265-0.000275848j 0.00226196+0.00088252j -0.00101705+0.000233238j 0.0022669+0.00763854j 0.00114382+0.00937629j 0.00331212-0.00702729j -0.000291041+0.00162236j -0.00276285-0.00374061j 0.00685748+0.00380854j -0.00154646-0.0049269j -0.000307057-0.00118188j -0.00331404+0.00347919j -0.00364409-0.00668313j 0.00372944+0.00219824j 0.00209871+0.000753297j -0.00141619-0.000739645j 0.00611675+0.000510131j -0.00119842-0.00301801j 0.00645571+0.00711427j 0.000229591+0.000205002j 0.0146335-0.00581329j 0.000972934-0.00221506j 0.00162607+0.0108959j -0.00231412+0.00236281j 0.00756654+0.00151859j -0.00537754-0.00644198j 0.00145358-0.00793219j 0.00536509+0.00440048j -0.00270468+0.00294049j 0.00246163+0.00524711j -0.00515566-0.000503898j 7.78837e-05+0.00593633j -0.00469017-0.00662458j 0.00122474+0.00371209j 0.012784+0.00129223j 0.00959784-0.000792092j 0.00372883+0.00395366j -0.00630673+0.00418742j 0.00585169-0.00621943j 0.00292908+0.00445483j 0.00143747+0.00033787j -0.000892472-0.00435771j -0.00242025+0.00473263j -0.00245092-0.000521007j -0.0101134-3.41901e-05j -0.000229368+0.00280461j -0.00431589-0.000618275j 0.000341713+0.00211058j 0.00242562+0.000814291j 0.00392168+0.000731886j 0.000470202-0.00524479j -0.000681533+0.00226128j -0.00304424-0.00176998j 
0.0017669+0.000866567j 0.000854743-0.000572612j -0.000427714+0.000632169j -0.00184783-0.000158483j 0.00313185-0.0008351j -0.00109457-0.00227573j 0.00473061+0.00129888j 0.0032691-0.00268328j 0.00594389-0.00309689j 0.00346704-0.00315305j -0.00125032+0.00177098j -0.000626112-0.00127057j -0.00142663+0.00367623j 0.000750384+0.000987704j -0.000595491+0.000799848j 0.00209239-0.00534921j 0.00297459-0.00135608j -0.00171589+0.00525803j 0.00356707-0.00229693j 0.000461393+0.000842886j -0.00313476+0.000899046j -0.00325064+0.00409342j 0.004774-0.00100541j -8.23877e-05-0.00130022j 0.000365492-0.00151201j -0.00239729+0.00143747j -0.00136878+0.00353544j -0.00169333+0.00350693j -0.00259941-0.000101828j 0.00283523-0.000526769j 0.00124621+0.000456178j 0.000441431+7.15568e-05j 0.000681792-0.000889699j 0.00300812+0.00260327j 0.00018702-0.000175039j -0.00133927-0.00157413j 0.00236699-0.000944518j 0.0022778-0.000571342j 0.00190761+0.000439512j -0.00476045+0.00473657j -0.00692274+0.00269202j 0.00478031+0.00516501j -0.0010661-0.00522001j 0.00639837+0.00530598j -0.000510211+0.00300256j 0.0035792-0.00105094j 0.00163274+0.00328935j -0.000388594-0.000769082j -0.00218867-0.00108244j 0.00127015+0.00521953j 0.00380981+0.000720037j -0.00370203+0.00277849j 0.00257775-0.0048468j -0.000514583-0.000100936j 0.00705487-0.00128034j 0.00219252-0.00338848j -0.00906213+0.00478411j 0.00703389-0.00425521j -0.000463512+0.00509411j -0.00189106-0.00911009j 0.000240693-0.00226081j -0.00108845+0.000650007j 0.00227049+0.00455239j -0.00723915-0.00136263j 0.00182383-0.00152739j -0.00214742-9.46176e-05j -0.00317781-0.00473067j -0.00364742+0.00268804j 0.00160168-0.00274502j -0.000523598-0.000944319j 0.00184743-0.00175526j -0.00108879+0.000124373j -0.00123476+0.000230882j 0.00105353-0.00100875j -0.000736562+0.000167264j 0.00118472-0.00125738j 0.0022416-0.00181605j 0.00153904+0.00185345j 0.00421545+0.00121478j 0.00155991+0.00134754j -0.00293125+0.00261594j -0.00323623+0.000878457j -0.00852649-0.0045866j 0.00155098-0.00298975j -0.00665978+0.00400809j -0.00543645-0.00125229j -0.00165088-0.000157752j 0.00588892+0.002183j -0.000913489+0.00251794j -0.00400789-0.00281502j -0.00226193+0.00375337j 0.00146459+0.00366547j -0.00118039-0.00226585j 0.00061533-0.00997705j 0.00615926-0.00392278j -0.00788834+0.00542549j -0.0116155+0.00885091j 0.00312578+3.32242e-06j -0.00434214-0.0109142j -0.0166234-0.00493274j -0.00825815-0.00382318j -0.00225985+0.011363j 0.00195809-0.00783902j -0.00218281+0.00198972j -0.00460279+0.00711499j 0.015137+0.000705774j -0.00264153+0.0103167j 0.00399417-0.00802818j 0.00272602+0.0125211j -0.00318534-0.00807798j -0.010401-0.00158418j 0.00947736-0.0109643j 0.00582152+0.00280459j 0.00998444+0.016369j -0.00171202+0.0078873j -0.00137918+0.000627541j -0.00875235-0.00913614j -0.00560413+0.00678548j 0.00186718-0.00876036j 0.0113728+0.00225792j -0.00274763+0.0175189j -0.0018226+0.00123794j -0.0091937+0.00188479j 0.0030164-0.00393502j 0.00914777+0.00298707j -0.005227-0.00634232j 0.000741181+0.00953451j -0.00491033-0.00493708j -0.00430492+0.00332861j -0.0131251-0.0100026j 0.000796358-0.000662109j -0.00347345-0.00318254j 0.00082622+0.00857913j -2.88204e-06+0.00163332j -0.000869777-0.00517955j 0.00672182+0.0020866j -0.00751286+0.00145779j 0.00739249+0.00358242j -0.00108628+0.000450111j -0.00657429+0.0113557j -0.00238041-0.00502918j -0.0103617-0.00181922j 0.000833983-0.00136695j 0.00364287+0.00154369j 0.000403923+0.00164293j -0.00177414+0.00282716j 0.00284662-0.00152774j 0.00643233-0.000192699j -0.00073198-0.00793409j -0.000516055-0.00155315j 0.00352552-0.00213567j 0.00085679-0.00117448j 0.00174328+0.00198022j -0.00825627-0.00421172j 0.00307445+0.00190243j 0.0016937-0.00221358j -0.000811063-0.00176278j -0.00231313-0.000264576j -0.00081041+0.00152281j -0.002498-0.00107761j 
-0.00136981-0.00202867j 7.94048e-05-0.00039689j -0.000216112-3.86215e-05j 5.73102e-06+0.000624628j 0.00137378-0.000186253j -0.00151981-0.00324634j 0.00295935+0.00190443j -0.00193858-0.00276067j 0.000685538+0.000339422j -0.000188295+0.00175714j 0.000957891-0.00216403j 0.00165053-0.000352184j 0.000845031-0.0022501j -0.00171208+0.00176033j -0.00325848-0.00255709j -0.0016657-0.00235921j 0.00673375+0.00109686j 0.00341523+0.00409013j 0.00594866-0.00340432j -0.00099401-0.000902025j 0.00101659+0.00351024j -0.00139931+0.00802823j 0.00768594-0.00183581j 0.00603004+0.00335127j 0.00153532-0.00205735j -5.14215e-05+0.00111497j -0.0017061+0.00295451j 0.00125547+0.000411823j -0.0010965-0.00208286j -0.00286786+0.000103081j -0.000611086+0.00109799j 0.00206527+0.000509933j 0.00285445-0.00226126j -0.00411274+0.00309965j -0.00361363-0.00590335j 0.000572805-0.00058406j 0.00476058-0.000934401j -0.00118789-0.00655419j -0.00430005-0.00835016j 0.00095491+0.00412337j -0.00843363+0.00244241j 0.00375323+0.00305274j 0.00103291+0.00692147j 0.00384803+0.00519241j 0.000719919-0.000411689j 0.00188288+0.00227591j -0.0114727+0.0033809j 0.00118879+0.000722799j -0.000937073+0.00530806j -0.000817231-0.0102853j 0.00376292+0.00117103j 0.00578249-0.000386604j -0.00269932+0.0115612j -0.00463913+0.00922571j -0.00321633-0.00084297j 0.0112748-0.00148517j 0.00387049-0.00228074j 0.00253363+0.000800091j 0.0106451+0.0030923j -0.00408096-0.00708868j -0.00207577-0.0059602j -0.00560986+0.000561164j -0.00331432-0.00161147j -0.000211136+0.000724866j 0.000415955-0.00104997j 0.00173707-0.000856567j 0.00217674+0.000695556j 0.00218701-0.00145683j 0.0013096+0.00317092j -0.00214475+0.00121357j -0.000780728+0.00014944j -0.000114736+0.000302991j -0.000344466+0.00109558j 0.00154418+0.00114955j 0.000970615-0.000395371j 0.00148416-0.00122291j 0.000967034+0.00307301j -0.0037632+0.00344641j -0.00020723+0.00254669j -0.00444709-0.00161066j 0.00189517-0.00183925j 3.87276e-05+0.0035968j 0.00131168-0.00181599j 0.00230646-0.00220736j 0.00177171-0.000164367j -0.00273577-0.00225107j 0.00240517-0.00237206j 0.00044322+0.00170642j -0.00399919+0.00150318j 0.00599338-0.00110981j 0.000791637+0.00186625j -0.0006307-0.00478072j -0.00528273+0.000179627j -0.00960805+0.00301783j -0.00101393-0.00425632j 0.0109847+0.00384947j -0.00168029-0.00235114j 0.00112822-0.00127027j 0.00633109+0.00379147j 0.00111058+0.00360493j -0.00498766-0.000889073j -0.00143759-0.00686149j 0.0066581+6.15233e-05j -0.00139622+0.000680444j 0.00713704-0.00894733j -0.00804547-0.00181443j -0.000251625-0.00784784j 0.00215581+0.00454521j 0.00226066-0.00360339j 0.0038382+0.00193563j 0.00641383+0.00847984j -0.00495685-0.00098413j -0.00502604-0.0052865j -0.00917028-0.00734919j -0.00248391-0.00562744j 0.00204145-0.00277104j 0.00257367+0.00619947j 0.00221205+0.004504j -0.00276135+0.00539448j -0.0119505-0.00651217j 0.00341986-0.00681624j 0.00341141+0.00447622j 0.00178935-0.00447109j 0.00290296+0.00303184j -0.00768036+0.00245901j 0.00893099+0.00287753j -0.00877462-0.000840854j 0.00239044-0.000319876j -0.00813857-0.00139306j 0.000986068+0.00320957j -0.00512888-0.00120062j -0.000538353+0.00609462j -0.00324753-0.00548379j 0.00208467+0.00576448j -0.00300678-0.00541918j -0.00230752-0.00105675j 0.00158662+0.00191523j -0.000215027-0.00212645j 0.00453872-0.000609679j -0.00282198-0.00262695j 0.00154548+0.0026836j 0.00739323-0.00457552j 0.00328974-0.00515452j 0.00634985+0.00530096j 0.00156892-0.00409516j 3.24572e-05-0.000822732j -0.00170034+0.000715778j -0.00453275-0.00154184j -0.00292194+0.00496011j -0.00213257-0.000257473j -0.000324367+0.00161715j -0.000350401-0.00266503j -0.00317535-0.00047151j 0.00167817+0.00248296j -0.000424125+0.000371233j 0.000190302+0.000146171j 0.00103414+0.000317273j 0.000461537-0.000133874j 0.000126464-0.000301522j 0.000697738+0.000102073j 
-0.0029103-0.00257538j 0.00057822+0.00090355j 0.00123909-0.00202273j 0.00101741+0.00183709j -0.00368289+0.0028049j -0.00168308-0.00137441j 0.00301891+0.000185135j -0.00715555+0.00113167j -0.000608391+0.00779979j -0.00237978+0.00329193j 0.000974643+0.00133621j 0.000304816+0.00551208j 0.00584648-0.00471808j -0.000105664+0.000505806j -0.00178416+0.000387058j -0.00140249-0.000911207j 0.00387148+0.00116812j 0.00295477-0.00473189j -0.00227444+0.00254066j -0.00331056-0.00664438j 0.00816034+0.00158248j 0.00708645-0.00204575j -0.00104572+0.00681925j 0.00735252+0.00370259j -0.000847991+0.000845502j -0.00150526-0.0024831j 0.00258357-0.000531871j -0.000713945-0.00617314j -0.000231882-0.000235998j -0.00462343+0.00097686j -0.00143898+0.000805237j 0.00106137+0.000916305j 0.00222885-0.00142143j -0.00530636-0.00145712j -0.0016546-0.00057548j 0.00221794-0.00142537j 0.00111635+0.000378909j -0.00202411-0.00203322j 0.00320324+0.00247191j 0.00207891-0.00054478j 0.00388209+0.00356829j 0.00322245+0.000656894j 0.00196237-0.00312539j 0.00301823+0.000600134j -0.00373501+0.00680778j 0.00639327+0.00395572j 0.00639341-0.0040757j 0.00643505+0.0126489j -0.0103493+0.000553225j -0.000580874+0.0092033j -0.000122497-0.00366884j -0.00627798+0.00663311j -0.00468052-0.00744242j -0.00107159-0.0103009j 0.00715911-0.00657792j -0.00224468-0.00379208j -0.00516358+0.00943209j 0.00191028+0.00275419j -0.00341317-0.00426161j 0.000700276-0.000168612j 0.00614894-0.00596853j 0.00365091+0.00215003j -0.000759328+0.00346596j 0.00780086+0.0010071j -0.00265918-0.00686918j 0.00406055+0.00306168j -4.0609e-05-0.00256095j -0.00351358+0.00363208j -0.00138214-0.00271435j 0.00523007-0.000856603j 0.00096319+0.00177633j 0.00194578+0.0016388j -0.000427554-0.00170727j -0.000715125-0.00100506j -0.00202357+0.00140474j 0.00149396+0.00153338j -0.00150456+0.000162225j -6.07031e-05+0.00196287j 0.000337893+0.0035239j -0.000305751-0.00163525j 0.00223393-0.00126123j 0.0047222-0.00185091j 0.00294045-0.000113231j -0.0055348-0.00159257j -5.71145e-05-0.00297517j 0.00446769-0.00235029j 0.000880318+0.00269871j -0.00278727+0.0008713j -0.000896337-0.00223155j 0.00694276+0.00144213j 0.00964668-0.00194648j -0.00137077-0.00235097j -0.00306738+0.000267896j -0.00115185+0.000208907j -0.00267792+0.00428275j -0.00120884-0.00423942j -0.00451005+0.0010493j -0.00223925+0.000666891j -0.00690669-0.00367391j 0.00520821-0.000294918j 0.00230971+0.00372126j -0.00296568+0.00672937j -0.00413366-0.00367849j -0.00202843-0.00681316j -0.000288412+0.0082242j 0.000132334-0.00259455j -0.00672798+0.00666971j 0.00283985+0.000231237j -0.00456944+0.00220168j 0.00123749+0.00239231j -0.00724284-0.00778467j 0.00355476-0.000698589j 0.000699105+0.000216933j 0.00382278+0.00223568j -0.00393994+0.000807361j 0.000521475+0.00384477j -0.00606329+0.00567652j -0.000152893+0.00220564j -0.00276454+0.00301828j 0.00505154+0.00138821j 0.00116058+0.00575195j -0.00104981-0.000447852j 0.00402357-0.00466505j -0.00294838+0.0014667j 0.000934432+0.00178906j 0.00261409+0.00260093j 0.00120268+0.00252902j 0.00465394+0.00147554j 0.00247257-0.000968719j 0.00693963-0.00307402j -0.000483542+0.00140239j -0.000838822-0.00143305j 0.0034193+0.000706972j 0.00374443-0.00851056j -0.00333516+0.00357099j -0.00211303+0.00435587j -0.00336046+0.00391972j -9.67379e-05-0.00191372j -7.90939e-05+0.000407015j -0.000695996+0.00225328j 8.34747e-05-0.000190909j 0.002607-0.00257028j -0.00457147+0.000479319j -0.00181284-0.00152921j 0.0013911+0.000911838j -0.00306577-0.00177545j -0.00417589-0.00614442j 0.00211745-0.000545089j -0.000798818+0.00267476j -0.00103874+0.00331976j -0.00457061+0.00417751j 0.00269254-0.00136571j -0.00263129-0.00415527j 0.00506207+0.00209362j -0.00206008-0.000216955j -0.000373479+0.00118884j -0.00142797+0.00185805j 0.00250836+0.00134379j -7.37787e-05-0.000618061j 0.00214777+0.000270381j 
0.000719614+0.000348309j 3.79078e-05-0.00131061j -0.000458952+0.000579211j 0.000995592+0.000217692j -0.000388315+0.000891808j -0.0013254-0.00213745j -0.00129507+0.000832975j 0.000578678-0.000364501j 0.00136234-0.0014438j 0.000225903-0.000413605j 0.00143421+0.000619789j 0.00119014-0.00149512j -0.000173067-0.000613448j 0.00233549+0.00172397j 0.00334833+0.00351769j 0.0015087-0.0110317j 0.00407991-0.00360379j -0.00153666+0.00830277j 0.00597851-0.00300118j -0.00369047-0.00263027j 0.00175493+0.00199495j -0.0028127+0.00910517j 0.00946967+0.00113851j 0.00469783-0.00222257j 0.00217713+7.44116e-05j -0.00599441+0.00350843j 0.00225949+0.00577678j -0.00419362+0.00529403j -0.00221249+0.00123775j 0.000812849-0.000562596j 0.00120903+0.000393992j 0.00164871-0.000191807j 0.00300195-0.00228616j 0.000868665+0.000740005j -0.00262629-3.89299e-05j 0.000228544-0.00403019j 0.00153991+0.00416872j 0.00225926-0.00202133j 0.0032489+0.00345535j 0.00282347-0.000824641j 0.000362545+0.000303773j -0.000311561-0.00022672j -0.00344148-0.00080943j 0.000387068-0.00317122j -0.00490686+0.00122905j 0.00101771+0.00143254j 0.00112231+6.02214e-06j -0.00312107+0.00049808j 0.00199946-0.00127487j 0.000262918-0.00358133j -0.0029909-0.00309973j 0.000311501-0.00281891j 1.93821e-05-0.0020103j 0.00045826+0.00228778j -0.000679819+0.00120399j -0.00245029+0.00181857j 8.74755e-05+0.000952164j -0.00503624+0.00120937j -0.000126352+0.000101565j -0.00197388+0.00119051j -0.00146806+0.00264054j -0.000810626-0.0033719j -0.00102851+0.000243165j 0.0043463+0.00424859j 0.000766089+0.00168668j -0.000342965-0.00105279j -0.000717033-0.00020482j -0.000861764+0.00169653j -0.00143141+0.00206457j 0.00103677-0.00128851j 0.000218318+0.000514972j 0.00172144-0.00117552j -0.00239656-0.000227837j 0.00164957+0.000704606j -0.00123315+0.00112209j 0.00383818-0.00105984j 8.0081e-05-0.00161541j 0.00112452+0.000124281j 0.0038396+0.00734184j 0.00708884-0.00175846j 0.00290776+0.00104492j -0.000522192-0.00136587j -0.0101489-0.00337643j -0.00472332-0.000960326j -0.00939951+0.00020332j 0.00604831-0.000327565j -0.0012694+0.0118312j 0.00138172-0.000140651j 0.0055301-0.00205073j 0.00692901+0.00890989j 0.00895278-2.28779e-05j 0.00547853+0.00753674j -0.00375578-0.00298415j -0.00394453+0.00619727j -0.0102889+0.0167588j -0.00544671-0.0108695j 0.0112612+0.0103645j -0.0141304-0.00129045j 0.00271423+0.011863j 0.0184142+0.000791155j 0.00703124+0.00168998j -0.0102787-0.000287033j 0.0131761+0.00299666j -0.00561865-0.0118612j 0.00308434+0.00772797j -0.00117385-0.00316544j -0.00722038+0.0125299j -0.0127696+0.00319973j 0.00790431-0.00613939j -0.00684043+0.00721153j 0.00395322+0.0100849j 0.00579128+0.00539521j 0.0044415-0.0094293j -0.00229763+0.00496639j -0.00356916+0.00695779j 0.00867091-0.0012746j 0.00630345-0.00464509j 0.00403449-0.00436612j -0.00554595+0.0120202j 0.00574887+0.00130368j 0.00703086-0.00454827j 4.92144e-05-0.0121985j -0.00905437+0.00914513j -0.000171557-0.00396859j -0.0128908-0.00415942j 0.00813487+0.012167j 0.000331139-0.00440188j 0.0162971-0.000100879j 0.010721-0.000563572j 0.0117349+0.007068j -0.000567539-7.61008e-05j 0.0067956-0.00677763j -0.0085601+0.000583606j 0.017561-0.0103651j 0.00130989+0.0101292j -0.00109989-0.003773j -0.0104789-0.00944314j -0.00868596-0.000537417j -0.00537381-0.0048366j -0.00644363-0.00855941j 0.00280259+0.000498037j -0.00168719+0.00409543j -0.00784477+0.00322514j -0.00383259-0.00762752j -0.0145595+0.00150444j 0.00371923+0.00278341j -0.00333587-0.00222006j 8.93212e-05-0.00866672j -0.00797775-0.000474022j 0.00445696-0.00171395j 0.000806503+0.00473219j 0.0028135+0.00387616j 0.00292166+0.000140662j -0.00446683-0.000281633j 0.00297415-0.00157356j -0.00151715-0.00311066j 5.20807e-05-0.000816988j -0.0029065-0.000206617j 9.94852e-05+0.000683358j -0.00192089-0.000429671j 
-0.00114423+0.00191721j -0.00148079+0.00134439j -0.00198066-0.00115067j 0.00231887-0.000657073j -0.00325267+0.00277248j -0.000902732-0.00731909j -0.00431919-0.00145031j -0.00427748-0.00229401j 0.0011151-0.00206319j 6.93497e-05+0.00125582j 0.00131119-0.000646205j 0.00039931-0.00235969j -8.74675e-05-0.00226156j -0.00213427-0.00200413j 0.00562219-0.00375798j -0.0052826-0.00684821j -0.0115535+0.00118395j -0.00378427+0.000946593j -0.00984316+0.00722036j -0.00677477-0.00209302j 0.00588587-0.00532679j 0.00416987-0.00524226j -0.00390526+0.0107113j -0.00516374-0.00183899j -0.00137765-0.000211842j 0.000541372+0.00201156j 0.0023125-0.00356201j -0.00278452+0.000572022j 0.00296077-0.00203649j -0.00140897-1.03361e-05j 0.00199337-0.000495281j 0.000238736-0.0021755j 0.00126799-0.00199892j 0.0023468-0.00271396j -0.000138794-0.0027525j -0.000595444+0.00445881j 2.06961e-05+0.00462253j 0.00713006-0.00113442j 0.00341433-0.00414937j -0.000437065-0.00338791j 0.00093533-0.000523637j 0.00390546-0.00165987j -0.00368005-0.00471956j -0.00419647-0.00307976j -0.00671938-0.0015267j -0.00275387-0.00587137j -0.00205746+0.00625668j 0.0045544+0.00970743j 0.000653416-0.00306259j -0.00508408+0.0103943j -0.00330594-0.00238717j 0.00467606+0.00363797j 0.00191812-0.00151561j 0.00400349+0.00337232j -0.00420074+0.000900256j -0.000234599+0.00360997j -0.000766455+0.00214854j -0.00023848-0.000758822j -0.000503138+0.000994664j 0.0011032-0.000868156j 0.00245105-0.00325794j 0.00140112+4.83882e-05j -0.000238921-0.00260749j 0.00140543-3.63567e-05j 0.000205423-0.00133089j 0.000911418+0.00187753j 0.00113153+0.000442021j -0.0012418+0.00113845j -0.00192834-0.000221407j 0.00163145-0.000668309j 0.00016721+0.00237872j 0.000528257+0.000549267j 0.000760707+0.00199963j 0.00106144-0.00131035j -0.00188468+0.00173377j 0.00392149-0.00125141j 0.00047051+0.00464087j -0.00380214+2.13917e-05j 0.0020365+0.00195361j 0.00345187-0.00420678j 0.000535749+0.000228978j 0.000483208-0.00320739j -0.00252627+0.000410763j -0.00156071-0.0023743j -0.00384233+0.00263087j -0.00536416+0.00233711j -0.00263686+0.00106538j 0.00533666+0.00319008j -0.00327753+0.00792852j 0.00565578-0.00460439j 0.00290141-0.00638989j -0.00466152-0.00167004j -0.00499879-0.00465618j -0.00724063+0.00306962j 0.0016824-0.00536857j 0.0112218+0.00339025j -0.00887037+0.00463754j 0.00292235+0.000119815j 0.00796569-0.00408249j -0.00428423+0.0039291j -0.0108969-0.0021204j -0.00807425+0.00441851j 0.010644-0.00935714j -0.00224293+0.000574687j 0.0128471-0.00416827j -0.00251401-0.00273679j -0.00348432-9.41574e-05j -0.00305169+0.00602369j 0.00520212+0.0109635j -0.00102422+0.00650436j 0.00052201+0.00757256j -0.00344133-0.00954446j 0.00176601+0.000945056j -0.0116383-0.00373965j -0.000113855+0.00282351j 0.0040963-0.00617867j 0.00584747-0.00468912j -0.00291385+0.012468j -0.0100491+0.00673103j -0.00539165+0.00400199j 0.00203242-0.000727254j 0.000936067+0.0105885j -0.00300246+0.000614622j 0.00197837+0.00260531j -0.0129485-0.00206309j 0.0024638+0.00266996j -0.011748+0.00791401j -0.000903455-0.00659766j -0.0128165+0.00253694j -0.00694226-0.00576335j -0.00980149+0.00312702j -0.0100604+0.00570112j -0.00628164-0.00377112j 0.00719504+0.0093434j -0.00558193-0.00769072j -0.000456725-0.00357078j -0.00126067+0.00174038j 0.00238555+0.00133744j 0.00284037+0.00257307j -0.00738461+0.0038728j -0.00528498+0.00203021j 0.00196063-0.00541684j 0.00283113+0.000360924j 0.00525141+0.00270931j -0.000182646-0.00411736j -0.00281675+0.00128545j -0.00262492-0.000564207j -0.00106606-0.00278374j -0.00239778+0.000989839j 0.000193141+0.000380471j 0.000405076+0.00103096j 0.00141676-0.000689764j -0.00182812-0.000391126j -4.88867e-05+0.00128601j 0.000686649-0.000142714j 0.0001197-0.000892459j -0.000107337+0.000536217j -0.000651159+0.000840738j 0.000447488-0.000562873j 0.000312515+0.000717534j 
0.00231133+0.000573389j -0.000250615-0.000224497j -0.00205569+0.000197216j 0.00136295+0.000252469j -0.00528822+0.00295939j 0.000587818-0.00484016j -0.00400761-0.00156184j -0.00460518+0.000223853j 0.00126317+0.002598j 0.000807683+0.00186778j -0.00048884+0.00130138j -0.000554107+0.000440672j 0.00156779-0.00106585j -0.00567654+0.0020494j -0.00200075-0.00644629j -0.0046375-0.0046007j 0.00214057+0.00321395j 0.00434189+0.00354905j 0.000846625-0.00115079j -0.00375085-0.000764811j 0.00371821+0.00125366j 0.003153+0.00609816j 0.00742073+0.00343488j 0.00401893+0.00311891j 0.00245696-0.0056597j 0.00137527+0.00129255j -0.00187715+0.00092322j 0.00279162-0.00170962j -0.00213476-0.0073185j -0.00175236-0.000557557j 0.0015857-0.00102506j -0.000769181-0.00100415j 0.00317592-0.00233709j 0.000150776+0.00335896j -0.00458503-0.00219863j -0.00396306+0.00186965j -0.000781345+0.00250434j 0.0052475-0.00245918j 0.000543433-0.000965982j 0.00015976-0.00122394j -0.00390153-0.00135268j 0.00442965+0.00107793j -0.00542058-0.0043138j -0.00464976-0.000649377j -0.00116863-0.00695057j -0.00111998-0.0049085j -0.00100021+0.00673113j 0.000422102+0.00201976j 0.00417085-0.00327087j 0.00257487+0.00636925j 0.000346065-0.0012253j 0.00394025-5.46329e-05j 0.00521834-0.00379531j 0.00392122+0.00569116j -0.00193042+0.000839944j 0.000878082+0.00384771j -0.00417661+0.00433639j -0.00275205-0.000433194j -0.00484806+0.00397929j 0.000211119-0.000248853j -0.00127334-0.00110753j -0.000265284+0.00199651j 0.00473386+0.000118368j -0.000665146+0.00332821j -0.00378325+0.00463807j 0.000714818+0.000481377j 0.000674632-0.00158356j -6.27925e-05-0.00394331j 0.00191278+0.000823854j -0.00134502-0.000460432j -0.00139831-0.000613024j -0.00127145-5.39383e-06j -0.00326449+0.00441847j 0.00282228-0.00384348j -0.0070409-0.000697941j -0.001546+0.00532082j -0.00385163-0.00119319j 0.00253172-0.00529543j -0.00106031-0.00159601j -0.000590012+0.00230888j -0.00278193-0.00369592j 0.000488367+0.00123996j -0.00101257+0.00304954j 0.00940956+0.00506463j 0.0019597-0.000550592j -0.00437739+0.00344129j 0.00264734-0.00323642j -0.0113469-0.00254827j 0.00625621-0.00339057j -0.0109666-0.00340271j -0.012634-0.00395478j -0.000258959-0.00235732j 0.00955978+0.00233403j 0.0102348+0.00482674j -0.000953119+0.0024278j -0.00719595-0.00907748j 0.00460866-0.00260969j -0.00148796-0.00523815j -0.00560047-0.00574676j 0.00262842-0.00565269j 0.012417-0.00077703j 0.0111403+0.00113866j -0.0138898+0.00679307j 0.00888558+0.0056152j -0.00645741+0.0050678j 0.00149577+0.00465167j 0.00782803-0.00686737j -0.00330624-0.00432948j -0.00553994-9.78341e-05j -0.00387614+0.000201724j -0.00564342-0.0109777j 0.00146757+0.00335543j 0.00284671+0.00642614j 0.00542675-0.00519116j 0.0125322+0.00531577j -0.00752876+0.000578897j 0.00607717-0.00467854j -0.00195492-0.0103419j 0.0024015-0.00413008j 0.00598671+0.0127873j -0.00740798+0.00055381j 0.00617298-0.00399673j -0.000369373+0.00103957j -0.0037493+0.00174324j 0.00431656-0.00574438j -0.0133609+0.00424349j 0.00997799-0.00258969j -0.00158106-2.05218e-05j 0.0106128-0.00139544j 0.00073427+0.000435612j 0.00525908+0.00055832j 0.00146003-0.00632035j 0.00470496+0.00198741j -0.0150218-0.00964256j 0.0115021+0.0066155j 0.00859495-0.000897468j 0.00899896-0.00283907j -0.00275283-0.00277295j 0.00228113+0.00285146j 0.0108838+0.00173014j -0.00606279+0.00155352j -0.00311947+0.00292556j -0.00189167+0.00515307j -0.00317666-0.00725841j -0.00298692-0.00033738j 0.000879066+0.00149127j 0.00585878+0.00253224j -0.00030379+0.00736247j 0.00515974-0.00150031j 0.00342111-0.000406749j -0.00296727-0.00155052j 0.00583892+0.001966j 0.00124924-0.00474397j 0.000819075-0.00129851j -0.0017895+0.00115729j 0.000946009+0.00192304j -0.00249109-0.000583388j 7.69339e-05+0.0026651j -0.000520795+0.000192496j 0.000381432+0.000111331j 
-0.000556833-1.13272e-05j -0.000677023+0.00213321j -0.00106882-0.000156001j -0.000948956+0.00120295j -0.00495022-5.64901e-05j 0.00261751-0.00270603j 0.00441174-0.00379879j -0.00356357-0.000712568j 0.00336377+0.00853493j 0.00198674+0.00251873j -0.00375273+0.00209302j -0.00282901+0.000803102j 0.00193176+0.00241872j -0.00440061+0.00153851j -0.00321689-0.00584187j -0.00188672+0.00532103j -0.00296012+0.00441251j 0.00287543-0.00259468j -0.00243349+0.000304467j 0.002303+0.00299745j -0.00186024-0.000402814j 4.16596e-05-0.000950108j -0.00348542-0.00184072j -0.00253261+0.00327684j -0.00239807-0.00287567j 0.00557201-0.000330287j -0.00329455-0.00275813j 0.00433776-0.00374972j -0.00173265-0.00394572j -0.00222282+0.000652421j -0.00222541-3.83935e-06j -0.000292368+0.00096293j -0.000220446-0.000477913j -0.00110381-0.0013875j 0.00239857+0.000140249j 0.00214641+0.00558844j 0.00172711-0.00169108j -0.00375207-0.00427566j -0.00441389-0.00189649j 0.00225362-0.000655621j 0.00107681-0.00825785j -0.0102952-0.00685326j -3.4908e-05-0.000594141j 0.000713358-0.00333271j 0.00124017+0.00652437j 0.00324581-7.69617e-05j -0.00262275-0.00277872j -0.00409168+0.00161356j -0.00305001+0.0120059j -0.00343841-0.00704291j -0.00343592+0.000725561j 0.00403222+0.00538617j 0.00367524+0.00392563j -0.0105727-0.00201107j 0.00311368+0.0050665j -0.00357736-0.00257161j 0.00809702-0.0105999j -0.00512326+0.00037262j 0.00039039-0.0032319j 0.000538382+0.00446109j -0.00244325+0.00777108j 0.000881807+7.48695e-05j -0.00865769+0.001275j -0.00324973+0.000458724j 0.00926488+0.004533j -0.00192266+0.000730518j -0.00127048+0.00068357j -0.00130931+0.00323852j 0.000543103+5.46015e-05j -0.00100579-0.00307668j 0.000677865-0.00155487j -0.000153618-0.000728054j -0.000214627+0.00164716j 0.000613158-0.000495771j -0.000352082+0.0015001j 0.0004303+0.00105205j -0.00132747+0.00109233j -0.00277219-0.00106887j 0.000200236+0.0032053j -0.000471352+0.00253297j -0.00557245-0.00239984j 0.0044016-0.00350724j 7.74695e-05+0.00100013j 0.00336243-0.00125072j -0.00283288-0.00177581j 0.0112808-0.00179922j -0.000713683+0.00851678j 0.000439496-0.00109117j 0.00382787+0.00127174j 0.00441297+0.00125968j 0.00167457-0.000845037j 0.00293149-0.00114884j 0.00410391-0.000592483j 0.00125205+0.000909715j -0.000761331+0.00624963j 0.000821192-0.00835242j -0.00136636-0.00290724j -0.00419088-0.00497721j 0.00127396-0.00140858j 0.00709794+0.00359052j 0.00321694-0.00115705j -0.00537817+0.0018767j 0.00369527-0.00294077j 0.0017703-0.00594534j 0.00172444+0.00715237j 0.00245499-0.000297023j -0.00269501+0.0063717j -0.00789744+0.00355177j 0.00202037+0.00258776j -0.00350511+0.00328039j -0.00358831-0.0031877j 0.00190644+0.00269008j 0.000907893-0.000635554j -0.000228214+0.00217763j -0.000601064+0.0107551j 0.00256092-0.000519868j 0.000399047-0.00542119j -0.00176906+0.00620385j -0.00618253+0.00252j 0.00680298+0.00310467j 0.000242265+0.00228629j -0.00243441-0.00576132j -0.00146559+0.00413502j -0.00338679-0.000726702j -0.00339168-0.00455115j 0.000468405+0.00468131j -0.000284914+0.00181343j 0.00664224-0.000660437j 0.00661224+0.00262813j 0.00503586-0.00221759j 0.00230985+0.00373312j -0.00219355-0.00343152j 0.00158818+0.00374403j 0.00783578-0.00797143j 0.00234956+0.000575562j 0.00164816+0.000358715j -0.00393784-0.00289229j 0.000671278+0.000178054j 0.00284417+0.00534162j 0.000685362-0.000835545j -0.000951316-0.00219069j 0.000469784-0.000355361j -0.00478414-0.000847663j -0.00157689-0.00272786j -0.000702104-0.000295493j 0.00188635-0.00165854j -0.00298395-0.00446152j 0.00361596-0.0017066j 0.00050556+0.000284123j -0.00102544+6.99781e-05j 0.00122312-0.00155252j 0.00240546-0.000936323j 0.00114498-0.000643999j 0.00552795-0.00599466j -0.00177867+0.000673447j -4.5323e-05+0.00145494j -0.000385249-0.00333359j -0.000412891+0.000621772j -0.000481025+0.000859633j -7.09374e-05+0.000201159j 
-0.000756528-0.00140495j 0.00203458-5.60085e-05j 0.00137892-0.000396794j -0.0018364-0.000812073j 0.00576539-0.00357563j -0.000735295+0.00582944j 0.00698211+0.00307465j 0.00402733-0.00264687j -0.000925464-0.000842547j -0.000393814-0.000445846j 0.000499071-0.00244852j 0.00173676+0.000710904j -0.000567146+0.000167964j -0.0011434+0.00103024j 5.299e-06-0.00160768j -2.94615e-06-0.00285435j -0.00213547+0.000260235j -0.00111085+0.000435186j -0.00223048+0.00048499j -0.00199437-0.000214268j 0.000805922+9.33639e-05j 0.000520542+0.00173656j -0.0009281+0.000797647j -0.000347808+0.00119305j -0.00148518-0.00153591j 0.000761444+0.00181918j -0.000403021+0.000823347j -7.40354e-05-0.00113608j 0.000293382-0.00134692j -0.00197275+0.000271223j 0.00153137+0.000889316j 0.00040033-9.5965e-05j 0.000896199+0.000898253j -0.000634079+0.000759301j 0.000727425-0.00424089j -0.00153123+0.0061382j 0.00179792+0.00493862j 0.00629988-0.00129304j 0.00385564-0.00369071j -0.000892961-0.00449178j 0.00179734-0.00226784j 0.00454193-0.00364749j -0.00503446-0.00462095j -0.00716255-0.00558665j -0.00723969-0.00605286j -0.00331675-0.00450158j -0.00436296+0.00693633j 0.00253544+0.0122864j 0.00103866+0.000441289j -0.00502249+0.0142746j -0.00493567-0.00497439j 0.0065217+0.00533402j 0.0068602-0.00267714j 0.00241514+0.00469834j -0.00505067+0.000752953j -0.000983107+0.00514958j 0.000977149+0.001051j -0.00305037-0.00144765j -0.00306493+0.00118988j 0.00102429+0.0016586j 0.00193378-0.00175284j 0.00268222+7.22708e-05j -0.00240479-0.00302669j 0.0008515-0.000546778j 0.000706656+0.00219311j -1.8151e-05-0.0013166j -0.00288998-0.0002614j -0.000910944+0.00370519j 0.000930076-0.000516804j 0.000734513+0.000909467j 0.000658129-0.000860518j -0.00023528-0.000183j 0.00220007-0.00179007j 0.000955855-0.00114926j 0.000126903-0.00252698j -0.00228826-0.00236303j 0.00626747-0.00635984j 0.00309937+0.00671292j 0.000227202-0.000150753j -0.00514321-0.0041078j 0.000689446-0.00230285j -0.000852456-0.000204109j 0.00277733-0.00257826j 0.000108733-0.00150765j 0.00284981-0.0034272j 0.00375397-0.00111414j 0.00304635-0.000461158j -0.00538812-0.00299129j -0.00144868-0.00847896j 0.000495446+0.00761816j -0.0012307+0.00933903j 0.00426546+0.00102353j -0.00243039-0.00541598j -0.0022602-0.00843335j -0.000671964+0.000535746j -0.004369+0.00597455j 0.00426097-0.00407304j -0.00199145+0.00369245j -0.00391052+0.00810888j 0.00292812-0.0047468j 0.00079523+0.00251582j 0.000909211-0.00531829j -0.00933032+0.00911556j -0.00739794-0.00641623j -0.00581499-0.000920702j 0.00285576+0.00175173j -0.00194164+0.00192802j 0.0112166-0.00799178j -0.00315618-0.0164056j 0.00557702-0.0123392j 0.00353406-0.00113457j 0.00129201+0.00405565j -0.00785855-0.0110889j 0.0102724+0.00883839j -0.00700889-0.0101883j -0.00276181+0.00686202j -0.0131006+0.0173189j 0.0055712-0.00790384j 0.0152662-0.00321784j 0.000934378-0.0106521j 0.00141698-0.00124839j -0.000924618-0.00623158j 0.00168156-0.00705783j -0.00291004+3.9959e-05j 0.0146159+0.0104961j 0.00875978-0.0073951j 0.0018802-0.0073209j 0.00185007+0.0101322j 0.00421812-0.00968469j 0.00615558+0.00850025j 0.00931446-0.00795531j 0.00984477+0.00319361j 0.000170868+0.00116709j 0.000115611+0.000691015j -0.00203288+0.00350447j 0.00364394+0.00248384j -0.00235482+0.00275475j 0.000709274-0.00347655j -0.00365894-0.000939674j -0.00241139-0.00463885j 0.00392334-0.00576667j 0.000795871-0.00121446j -0.0050754-0.00143417j 0.00123881+0.000583132j -0.000661744-0.00107191j 6.24903e-05+0.000193477j 4.33729e-05-0.000644663j -0.000163851-0.000136475j -0.000182366+0.000367372j -0.00164727-0.00119699j 0.00158535+0.000403155j -0.00082355+0.000133884j 0.00028334+0.00180783j 0.000822713-0.000472394j 0.000494054-0.00036114j -0.00106668-0.00073153j 0.00126992-0.00147402j -0.000878529-0.00116187j 0.00053741+3.74916e-05j 0.000136431+0.000444467j 
-0.000739888-0.00143619j 0.000914043+0.000664022j 0.000938636-0.00209454j -0.000895285+0.00382638j -0.00474537+0.00217991j 2.64563e-05+0.000225759j 0.0104963-0.00304978j -0.00703542+0.00393784j 0.00465944+0.0163159j -3.08343e-05+0.00328634j -0.00245103+0.00578021j -0.00361266+0.00789146j 0.00812531-0.00018206j 0.00224892+0.00103344j 0.00233118+0.00113393j 0.00102419-0.00230225j 0.000125583-0.00151873j 0.00106415+0.0038197j 0.00308739-0.00388183j 0.00184461+0.000735823j -0.00219368+0.00112287j -0.00293243+0.00378146j 0.000192644-0.00486621j -0.00166831-0.00127085j 0.000782284+0.00219595j -0.00045877+0.00214249j -0.00147779+1.42148e-05j -0.00106582+0.00419499j 0.00129713+0.00233931j 0.000226891+0.000478269j 0.000471669+0.000811411j 0.000569001+2.50328e-05j 0.0019801-0.000336157j 0.00212681+0.00163509j 0.000306396+0.00203384j -0.000373377-0.00106432j 0.000490245-0.000161713j -0.00333387-0.00239861j 0.00228383-0.0043078j -0.0052017+0.00541141j -0.00445203-0.00437854j 0.00309726+0.00438234j -0.0108105-0.000693903j 0.00611615-0.00458223j -0.00233916+0.00380097j -0.00292882-0.00650509j -0.00279461+0.0028332j -0.00427077-0.00932398j 0.00525681-0.00727309j 0.000735084-0.0034785j 0.00221506+0.00268688j -0.00109062+0.00202226j 0.00422665+0.00638443j -0.0035256+0.00745118j -0.00704368+0.00818064j 0.00350525-0.00316424j -0.00386473-0.00193191j -0.00264577-0.00560159j 0.00854704+0.00741992j -0.000128568-0.00798054j -0.00812441+0.00745155j -0.00649354+0.000798999j 0.00310842-0.000637159j -0.00540418+0.00423316j 0.00137357+0.00089458j -0.00362332-0.00408943j 0.000910651+0.000713513j 0.000514695-0.00301884j -0.00171494+0.00109489j -0.00111693-0.0020753j -0.00350388-0.000624093j 0.0013979-0.00599057j 0.00179334+0.00100225j 0.000523486+0.00049159j 0.00130754+0.00135895j 0.00159802-0.000502903j 0.00361253-0.00397254j 0.00300745+0.00552479j 0.00210616+0.00339081j 0.00357304-0.0031335j 0.0028715+0.00367103j -0.000306028+0.00110507j -0.00372718-0.00104834j -0.00492619-0.00187121j 0.000425563+0.00317454j -0.0067122+0.0047904j -0.000437424-0.00334183j 0.00142953+0.00214501j -0.003028-0.00304543j 0.00271075-0.00297194j 0.00655722+0.00302566j -0.00252915-0.001272j -0.00556564-0.00325513j 0.00737074-0.00106259j 0.00259484-0.00880857j 0.00119757+0.00637893j -0.00971521-0.00355826j -0.00307301+0.00512835j -0.00224065-0.00221514j -0.00458605+0.0023766j -0.00818312+0.000542732j -0.00228822+0.00657812j -0.00331998-0.00173228j -0.00351112-0.00647674j -0.00214398-0.00158438j 0.00227402-0.000865685j -0.000784584+0.00474838j 0.00596768-0.00418775j 0.00131587+0.00126717j 0.000703089-0.00561491j -0.00554106-0.00216235j -0.00395928-0.00672018j -0.00549117+0.00300343j 0.00356223+0.00456286j -0.00389064-0.000722311j -0.00519722+0.00545496j -0.00743905+0.00183118j -0.000946634+0.00299142j 0.00557667-0.00608072j 0.0066452-0.00791424j -0.00422749+0.00449293j -0.00235553-0.00157943j -0.000700386-0.00503749j -0.00246727-0.00633538j 0.00598363+0.00883498j 0.00400037-0.00611959j 0.00154508+0.00632153j -0.00182059+0.00665269j -0.00630812-0.00423281j -0.00786593-0.00315473j 0.00226497-0.00300777j -0.00853558+0.00327692j 0.0042797+0.000376957j 0.00319085+0.00684596j -0.00488631-0.00421402j 0.0061241+0.00171081j -0.00418168+0.0041195j 0.00583478+0.00505086j -0.00510547-0.00260229j -0.00525474+0.00481706j -0.00260885-0.00143548j -0.00582077-0.00227952j -0.00208086-0.000868731j -0.00161513-0.00430754j -0.00381535-0.00215285j -0.00593704-0.00286472j 0.000182072-0.00165732j -0.000391513-0.00302046j -0.000988072+0.00260779j 0.00195864+0.00463222j 0.000821988-0.00133017j -0.00119583+0.000682735j 0.000702303+0.000971335j -0.00140325-0.00330289j -0.00148229-0.00192287j -0.000375555+0.00111368j -0.00356526+0.00196652j 0.00119703+0.00295847j -0.00215683+0.000695672j -0.00124895-0.00203086j 
0.000212833+0.000288363j 0.00108705+0.00265544j 0.00120565+0.000319907j -0.000492149+0.0008159j 0.00540054+0.000181323j -0.00898587-0.00834671j 0.00524887+0.00210654j 0.00163717-0.00382175j 0.010648-0.00651241j 0.00300958-0.00483539j 0.000325031+0.00408118j -0.00339264+0.00350495j 0.00453368+0.00136087j -0.000107429-0.00268191j -0.000536373-0.00255505j 0.00149041+0.00402668j 0.00206689+0.00455997j 0.00207048-0.00218795j 0.000955082+0.00260846j 0.00156741-0.000244222j -6.22936e-05+0.0016507j 0.000510217-0.00237009j -0.000965559+0.00180699j 0.000896055+0.00347691j 0.00215394+0.00149132j 0.00146298-0.00127108j -0.00016188-0.00299719j 0.0029968-0.00176314j 0.00486595-0.0018549j -0.00217691+0.000108136j 0.000814907+0.000993033j 0.000472688-0.0017726j 0.00281793-0.00329199j 0.00291774+0.000510401j -0.00322657+0.00722703j -0.00410658+4.71095e-05j 0.00301205-0.00145266j -0.00547265+0.00030352j 0.00375512+0.000271523j -0.00134741-0.00334864j -0.00187491-0.00082981j -0.00312571+0.00221048j -0.00228642+0.00484727j 0.00063148+0.00282253j 0.000381003+0.0010679j 0.000831222-0.00341145j -0.000954824-0.00183129j 0.00111124+0.000569524j -0.0015101+0.00290431j -0.00206974+0.00224536j -0.00118313+0.00446159j -0.00370239+0.00301574j 0.00214287+0.00424952j -0.00258164-0.000129993j -0.00099262-1.52159e-05j 0.00099228+0.00013351j 0.00192396+0.00175745j 0.00146473+0.00605707j -0.000587791-0.00123269j 0.00118776-0.00452812j -0.00578108+0.00634065j -0.00693796+0.002363j -0.000868709+0.000990497j 0.00790167+0.00717094j -0.00387593-0.000568094j -0.00295069+0.00155008j 0.000942201+0.000496855j -0.00178312-0.00109666j -0.00206465+0.000283507j 0.000436238-0.000619825j -0.00212833-0.000696688j 0.00140575+6.03476e-05j -0.00214736+0.000235619j -0.000540037+0.00122516j -0.00293665+0.00124272j -0.00180794+0.00648034j -0.0010596-0.000688652j -0.00191313+0.00103758j -0.00361622-0.00237879j 0.00143522-0.0066705j 0.00501891+0.0108313j -0.00425541+0.0041788j 0.00631571-0.00174046j -0.0107847+0.00211567j 0.00348965-0.00418805j -0.00644961+0.00937425j -0.00883844-0.00594336j -0.0052564+0.00050651j -0.00303611-0.00034913j 0.00105885+0.0058764j 0.00717077-0.00812934j -0.00167162+0.00378266j -0.00147498+0.00183699j 0.00372775+0.00580629j -0.0114836+0.00419076j -0.00446953-0.00726017j 0.0053477-0.00205754j -0.00176054+0.0048055j -0.00177335+0.000676349j 0.00632922-0.000352048j 0.00473849+0.00241548j 0.00295003+0.00197006j -0.00151439+0.00406672j -0.000398023-0.00320622j 0.0028725+0.00306793j -0.00467728-0.00496864j -0.00177663+0.000356073j 0.000565711+0.000445875j -0.0025158+0.000677914j -0.000461743+0.00164767j -0.000901888-0.00290363j -0.00191272+0.000183484j 0.00219134-0.000412594j -0.00047969-0.00323534j -0.000426089-0.00550752j 0.001673+0.00510722j 0.000282689-0.000595571j -0.00157549-0.00681771j -0.000552312+0.00515704j 0.00114759-0.000631485j 0.000559481-0.000802541j 0.00300097-0.000926369j 0.000959855-0.000646791j -0.00184414-0.00413193j -0.0017771-0.00122564j 0.00118702+0.00280599j 0.00144478-0.000421276j 0.00497206+0.000548646j 8.15419e-06-0.00252912j 0.00359721+0.00479812j -0.00204674+0.000851107j 0.00298337+0.0012715j -0.00504942-0.00527489j -0.00220547-0.00223975j 0.000275231+0.00687221j -0.00179739+0.00868222j -0.000494778-0.00104133j -0.00465808+0.00475584j -0.00997507-0.00171606j -0.000442229-4.91829e-05j -0.000639157+0.00709679j 0.00679531+0.00172898j 0.00319659+0.00664725j -0.00754516-0.00666691j -0.0058278+0.0038506j -0.00629663-0.00652783j 0.00652356-0.000415016j -0.00379801+0.000512491j -0.00431773+0.00185689j 0.00766297+0.00401178j -0.00862317+0.00438666j -0.00636794+0.0054591j 0.00137667+0.000523337j 0.00141716+0.0102896j -0.000671142+0.0017059j 0.00333236-0.000575334j -0.00186191+0.00649119j 0.00565329+0.0040558j -0.00171815-0.00251519j 0.00282522-0.000164239j 
0.000124758-0.000149976j 0.000415332-0.00104989j 0.0018243-0.0015538j 0.000672131+0.00153287j -0.00131527+0.00108681j -0.00269729-0.000483099j 0.00474077+0.000216253j -0.00292069+0.00110888j 0.00217669+0.00481802j 0.00074269+0.000709982j -0.000561409+0.00350809j -0.00043105+0.00415748j 0.00360483-0.000944409j 0.00326288-0.00140224j 0.00476218+0.00201723j 0.00207961+0.000306348j -0.00433961-0.000427224j -0.00287263+0.000465538j -0.000234003+0.00040456j 0.000554651+0.00113585j -0.00166498-0.00144497j -0.00142095-0.00253406j -0.00315915-0.00131836j -0.0046304-0.0025874j 0.000976892+0.00209201j -0.00213158+0.00110804j 0.000661624-0.000981563j -0.00160268+0.00310884j 0.00185347+0.00283419j 0.00439413-0.000498611j 0.000193979-0.00183603j -0.00199685+0.000646831j -0.00273463+0.00267586j 0.00428233-0.00282966j 0.00126994-0.000280232j 0.00302239+0.00195056j -0.00794544+0.000828294j 0.00323728+0.00656125j -0.00328281+0.00201489j -0.000287004-0.00217265j 0.00735397-0.00630466j -0.00166486+6.88387e-05j -0.00612443-0.00599078j -0.00668314-0.00489926j -0.00153397-0.00265257j -0.00864528-0.00261954j 0.00327977-0.00177396j -0.00398687-0.00512911j 0.00446864-0.0117224j 0.00426882-0.000614476j 0.000451608+0.0018749j 0.00151743-0.00102074j -0.00174835-8.14123e-06j 0.00266161-0.00503434j -0.00640926+0.00701616j -0.00308136+0.00246145j 0.00148127-0.00566084j -0.00588249-0.00102438j -0.00463385+4.52403e-05j 0.0119499+0.00454803j 0.00114565+0.0063008j 0.00912996+0.000205151j 0.00523453-0.00384407j -0.00257387-0.00225774j -0.000448278+0.00229456j 0.000340015+0.000252625j 0.000788114-0.000950589j 0.0015954-0.003168j -0.000941897+0.000162778j -0.000677507+0.000403456j -0.00269944+0.000924062j -0.000892294-0.00341621j 0.000445501-0.00035084j -0.00174159+0.000227449j 0.00109042+0.000847765j 0.00118076-0.000865762j -0.00443473+0.00338432j 0.00115075-0.00479912j 0.00284963-0.00789055j -0.00505855-0.000878814j -0.00111826-0.00606248j -0.00420703-0.002163j 0.00272112-0.000835455j 0.00331714+0.00720276j -0.0020187-0.00245482j 0.00956724-0.00429197j 0.00227715+0.00633592j -0.00962342+0.00112563j -0.000654297-0.00481854j -0.00310296+0.00412722j -0.0052236+0.00281299j 0.0113747-0.00218455j -0.00337355+0.00756337j 0.000562113-0.000578815j -0.00568531+0.00867239j 0.00270781-0.00649099j 0.00151937-0.00643668j -0.00590314-0.00745214j -0.00426401+0.000452159j 0.00297211-0.00522959j 0.00986885+0.00429181j 0.00586205+0.000821417j -0.00320033+0.00589972j -0.00176714-0.00100095j -0.00276052+0.00300665j -0.00176925+0.000762371j 0.00229788-8.28155e-05j 0.00237006+0.00117703j -0.00411119-0.00176662j -0.000472582+0.00301225j -0.00404487-0.00665755j 0.000869645+0.00994896j 0.00105098-0.00577533j 0.00186466-0.00424878j -0.000332986-0.00698083j -0.00117587+0.00354992j 0.000109702+0.0056642j -0.00051522+2.96274e-05j 0.00317296+0.000242365j 0.001607-0.00205846j 0.0017729+0.00177691j 0.00371049-0.00422172j 0.00570889-0.00212543j -0.000577908+0.00289377j 8.31877e-05-0.00292411j 0.00140969+0.00480704j 0.00236649-0.000604705j 0.0103607+0.000442952j 0.00309906+0.000765103j 0.00912644+0.00249862j 0.00318454-0.00109675j 0.004406-0.00414686j 0.00278224+0.00361496j 0.000661997-0.0111684j 0.011681+0.00778258j 0.00188781+0.001341j 0.000537356+0.00503923j -0.00243067-0.00313382j 0.00593388+0.00563402j 0.00381174-0.000137504j -0.000835599+0.00558293j 0.00671695-0.00311978j 0.00367866-0.00246488j -0.000278256+0.00185326j -0.00121918+0.00401501j -0.0026755-0.00460716j 0.000779688-0.00184871j 0.0021357+0.00197849j 0.000870248+0.00153259j 0.000981339+0.00302664j 0.00197373+0.00308381j 0.00373145-0.00281521j -0.00498421-0.00342958j -0.00127886-0.00225175j -0.00126268+0.000192531j 0.000921942+0.00149888j -0.000663139+0.00150685j 0.000937757-2.75686e-05j -0.00126629+0.00117748j -0.00167941-0.00137725j 
-0.0013908+0.00381726j -0.00171188-0.000355399j -0.00247747+0.00158908j 0.0038492-0.00012923j -0.00821081+0.00473912j -0.000372568-0.0137805j -0.00982644-0.00345343j -0.00766549-0.00186124j 0.0031696-0.00250444j 0.00152508+0.00231266j 4.7694e-05-0.000937584j -0.000527811-0.00671994j -0.00191239-0.00187668j 0.00128189+0.00178021j -0.000497066+0.00150272j -0.00239738+0.00132495j -0.00098295+0.000765948j -0.00256863+0.000245905j 0.000326435+0.0032339j 0.000751733+0.000297656j -0.000344238-0.00270105j -0.0012596-0.00214735j -0.00151016+0.00167639j -0.000701816-0.00217461j -0.0022267+0.00207689j -0.000659381-0.00252076j 0.000670697+0.00109394j -0.00296693+0.0014863j -0.00299689+0.00572166j 0.00192645+0.00248421j -0.000505297-0.00173203j -0.00149978-0.00112441j -0.00689831-0.000771561j -0.00331315+0.00374635j 0.000911248+0.000567025j 0.00288322+0.000379728j 0.00214953+0.000696743j -0.00731984-0.00772503j 0.00424494+0.00399724j -0.00240496+0.00153659j 0.00193559+0.000496488j 0.00115504+0.00113605j 0.0010576+0.00937142j -0.00367401-0.00297196j -0.00464241-0.00618168j 0.00107018+0.0121716j -0.0032678-0.00173853j -0.000713472+0.00695851j 0.000505863+0.00348239j 0.00462122+0.0011241j -0.000511842-0.00673796j -4.10358e-05-0.000907891j 0.00473914-0.00200143j -0.00398576+0.00198255j -0.00305559-0.00296083j 0.00314759-0.000340439j 0.00149628-0.00310088j -0.00452751+0.000283895j 0.00231771+0.00148427j -0.000674457+0.00404448j 0.000973829-0.00142607j -0.000881811-0.000377637j -0.00225745-0.000917747j 0.00531684-0.00323738j -0.00144603-0.000616838j -0.00215472-0.00467087j 0.00151899+0.0028226j 0.00103384-0.0012535j -0.00179737-0.00524755j 0.00238512-0.00428187j 0.0033537+0.00199313j -0.00070729+0.00286789j -0.0010944+0.00723457j 0.00625467+0.00298296j 0.00448417-0.00418796j 0.000111979-0.0025055j 0.00645703-0.00191693j 0.00287686+0.00610595j 0.000364437-0.00252042j 0.00258538+0.00290057j 0.00166882+0.00257791j 0.00144754-0.0023378j -0.00172061+0.00779502j -0.00109461+0.00487805j -0.0047465+0.00153318j 0.000918891-0.00140668j -0.0012839-0.00163625j -0.00502328-0.0038901j 0.00212805-0.00361909j -0.00278663+0.00345807j 0.000157469+0.00072419j -0.00159336+0.00260978j 0.0058205-0.0125363j 0.00372375-0.007806j 0.00154392+0.000637458j -0.00120688+0.00644558j -0.00210416+0.0016603j 0.00111486+0.00245536j 0.00405182+0.00308901j 0.00334926-0.000359898j 0.00374715-0.00792251j -0.00173463-0.00143354j -0.0106187+0.0061546j 0.00295881+0.00434681j 0.00300635-0.000636279j 0.00265347+0.0029394j -0.00223467+0.00225922j 0.00407683-0.0109263j 0.00548907-0.0119228j 0.00126662-0.0079285j 0.00139371-0.000557855j 0.000160296-0.00217554j -0.00893681-0.00396095j 0.011193+0.00627492j -0.0039751-4.79593e-05j -0.00950748+0.00614194j -0.0111191-0.000466673j -0.00297683-0.00740064j 0.00949579-0.00405268j 0.00122231-0.00176785j -0.00194779-0.00236208j 0.00310334-0.00391426j -0.00130872-0.00972791j -0.00218398-0.00254557j 0.00984367+0.0108985j 0.0045766+0.00101211j 0.0037559-0.00631697j -0.00498072+0.00660239j 0.00815619-0.0166248j 0.000961578+0.0139978j 0.0106513-0.00295121j -5.03225e-05+0.00908475j -0.00336056-0.00133651j -0.00459961+0.00242396j -0.00436164-0.00332586j 0.00871822+0.0016817j -0.00105179+0.00721183j 0.0051105-0.00328983j -0.00409515+0.00397029j -0.00441429-0.00476462j -0.00145737-0.00782317j 0.00184361-0.00382991j -0.00534533+0.00331914j 0.00347923-0.00204615j -0.00535877-0.00253708j 0.00112936+0.00142579j 0.000711123+0.00279584j 0.00072063+0.00118751j 0.00281433-0.00281784j 0.000104637+0.000573948j 0.000421934-0.00107703j -0.00442036+0.00237016j 0.00234354+0.00309511j 0.000589771-3.38542e-05j 0.0012006-0.00126887j -0.00211576-0.000414911j 0.00229071-0.00149561j -0.00156392-0.00287233j 0.00141016+0.000353615j -0.000510592+0.000386145j 
0.00199496+0.00398009j 0.000981648+0.00198963j -1.93494e-05+0.00111334j -0.002388-0.00195313j 0.00248598-0.00216025j 0.00171284+0.00370783j -0.00687279+0.00141936j 0.00674225+0.00100818j -0.00411459-0.00714368j -0.000234576-0.00522639j -3.26008e-06+0.000763623j -0.00170365-0.00168443j -0.00316287+0.00481041j -0.00192098-0.00498692j -0.00035338-0.0021553j 0.00085221+0.00795857j 0.00472272+0.00145426j 0.00508164-0.00070099j 0.00574113-0.00539458j 0.00555612+0.00387146j -0.00599969+0.00161167j -0.00203983+0.00119907j 0.00161707-0.00753362j -0.00118605+0.000457874j 0.00658575-0.00152021j -0.00017568-0.000184925j -0.00180313-0.00285357j 0.00641574+0.00268909j 0.00115742+0.00164994j 0.00229204-0.00320578j 0.000384422-0.00469731j -0.00379311-0.00232667j -0.00167107+0.000576266j -0.00356559+0.000958068j 0.00215016-0.00123034j 0.000453203+0.00297631j -0.00199052-0.00551598j -0.000949469-0.00398795j 0.000282085-0.000999461j -0.00663852+0.00706827j 0.000884684-0.000473132j 0.0073467+0.00366886j -0.0051722-0.00207361j 0.00443948-0.00228323j -0.000891231+0.000808029j -0.000610478+0.00237652j 0.0017126+0.00103189j -0.000242325+0.00111641j -0.00450342-0.00230859j 0.00683251+0.00852499j 0.0037081-0.00231j -0.00308353+0.0089583j 0.00415315-0.00474979j -0.00406522-0.005212j 0.000949522-0.00106836j -0.000173948-0.00585686j -0.00741717+0.00205556j -0.000870769-0.00630125j 0.00244943+0.00382176j 0.0025528-0.00282741j -0.000591719-0.00103138j 0.00540645+0.00406857j 0.00459518-0.000460617j -0.0057309-0.00330536j -0.00140418-0.00259407j 0.00184644+0.000457305j -0.00240204-0.00279348j -0.00106997+0.00127353j 0.000372224-0.00246843j 0.000353545-0.0020164j -0.00127339+0.00102401j -0.00272575-0.00191179j -0.000515329+0.0081086j 0.00383632-0.000119569j 0.00110113+0.000967277j 0.0037955+7.03838e-05j -0.000210427+0.00810589j -0.00375855+0.00161519j 0.00759368-0.00690781j -0.00130203-4.6121e-05j -0.00302676+0.00102948j 0.0029787-0.00179142j -0.000864812+0.00732418j -0.00111679+0.00645646j -0.00339223+0.00312112j 0.00290978-0.00194789j -0.00302612+0.00242372j -0.00689597+0.00172924j -0.00179608-0.000108671j 0.00738369-0.000611303j 0.00342075-0.0048865j -0.000213054-0.00641868j -0.00421685+0.00017794j -0.0018749+0.00597643j -0.00169767+0.00043347j 0.0137536-0.00618981j -0.00718282-0.00387256j -0.00769613-0.0057765j 0.00426239-0.00414372j 0.0108136+0.00285699j 0.000289328-0.00545904j -0.0051473-0.00153646j 0.00616242+0.000517294j 0.00332799-0.000891854j 0.00697872-0.00424444j -0.00889601-0.000908283j -0.00741566-0.00333683j -0.00115921+0.00628133j 0.00511796-0.00392867j 0.00214081+0.00537795j -0.00139204+0.000174783j -0.00625005-0.00147552j -0.0097928-0.00474516j -0.00811634-0.0076783j -0.000572026+0.000153868j -0.00596056+0.00428781j -0.00081987-0.00200735j -0.00318508+0.0104158j -0.00616257+0.010634j -0.0069904-0.00205667j 0.00141831-0.00199406j 0.00575215-0.00394129j 0.00341332-0.00451309j -0.00455809+0.00165911j -0.0101615+0.00448624j 0.0111184+0.00998651j -0.00984575+0.00278428j 0.00951295-0.00117418j 0.000834771-0.00382209j 0.00760532+0.00467318j -0.00173128+0.000563122j -0.00670024+0.00868722j -0.00167235-0.000184404j 0.00353532-0.00109408j -0.00322214-0.00366849j 0.00553144+0.00488267j -0.00521671+0.0079119j 0.00369723-0.00629015j 0.00448299+0.00218719j 0.00080775-0.000918074j 0.00123531+0.00322021j 0.0116807-0.0082941j -0.00208247-0.00495404j 0.00599093-0.00397051j -0.00472107+0.00155439j -0.00526576-0.00522751j 0.00173518-0.00253297j -0.00230348+0.00145914j -0.00181307+0.00703868j 0.00351082+0.00155907j 0.00313914+0.00487205j 0.00042807-0.00258704j -0.00576299-0.000472576j 0.00295393+0.00304848j -0.00196562+0.00055864j 0.00130068+0.00234886j -0.000865955+0.00166915j 0.00246369+0.00250831j -0.00141296-0.000288695j -4.07976e-05-0.000272426j 
-0.00132893+0.00168301j 6.49954e-05-0.00192921j -0.00074668-0.000827575j 1.64083e-05+0.00101682j 0.00409714-0.00335375j -0.00637566-0.0112085j 0.012587+0.00239079j -0.00274712-0.0116698j 0.0083221-0.00452042j 0.00559754+0.00111045j -0.0023461-0.00189783j 0.00134386-0.00403366j -0.00127473+0.000363331j -0.00442192-0.00471572j 0.000801547-0.00283489j -0.00312285-0.00204593j 0.0045226+0.000376758j 0.00244349+0.000818569j 0.003272+9.31557e-05j -0.00400541-0.00252252j 0.00546091+0.00256559j -0.000274899-0.000260995j 0.0053051+0.00256337j 0.00542752+0.00145329j 0.00233285-0.00154209j -0.00354287+0.00291292j 0.000892849-0.00169564j 0.00138491+5.74978e-05j -0.000910796+0.000427819j 0.00248154+0.00106163j -0.00296099-0.000957056j -0.000940343+0.00198463j -0.00636373-0.000669888j -0.00630821+0.000278325j 0.00502557-0.0028098j -0.00203653+0.00222919j 0.00145621-0.00254426j 0.00484209-0.00344571j 0.000255064-0.00852599j -0.000563481+0.00559838j -0.00636724+0.00429474j 0.00974171+0.00228989j 0.00322563-0.00223338j 0.00537457+0.00155552j 0.00015248+0.00409112j 0.00394079+0.00164384j -0.00105872+0.00502782j -0.00212224+0.000799513j 0.00328133-0.00271999j 0.00161324-0.0043204j 0.00284099-0.00633913j 0.00378108-0.00355849j -0.00456487-0.00578798j 0.00309652+0.00765627j 0.00300607-0.00300897j 0.00374786-0.00396981j -0.00502341+0.000193805j -0.000919759-0.00493384j 0.00432375+0.0058229j -0.0103543-0.000401604j 0.00319769-0.00747127j 0.00167445+0.00127553j 0.0013148+0.000572234j -0.00814646-0.00675063j 0.00320996+0.00245594j 0.00337141-0.00129878j 0.00017649+0.000785176j 0.00376998-0.000259962j 0.00286643-0.00225977j 0.00305329-0.000364877j 0.000772724-0.00150698j 0.000364303-0.00300896j 0.00241402-0.00219293j -0.000967861-0.00517883j -0.00274311-0.00322124j -0.00768268+0.00249026j -0.00225459+0.00347274j -0.00501665-0.00162315j -0.00302005-0.00258197j -0.00522114+0.00703199j -0.00512107+0.000803966j 0.00122556-0.000971981j -0.000467585-0.0011436j -0.00366497+0.00705275j 0.00311405-0.00489992j 0.00565243-0.00292669j -0.00248545+0.00233799j -0.00226552-0.00429019j -0.00162905-0.00116495j -0.00114645-0.00153084j -0.00285619-0.00573663j 0.00201046-2.51861e-05j 0.00670752+0.00568377j 7.21494e-05-0.000599141j -0.00167243+0.00195722j -0.00117327-0.00676971j 0.00594291-0.00136549j -0.00517893-0.00146344j -0.00100599+0.00228996j 0.00609815-0.0026522j 0.00176661-0.000704394j 0.0022015-0.000406251j -0.000489819+0.00273141j -0.000322501-0.00186275j -0.000850198+0.00474964j 0.00292528-0.000164372j -0.00080702+0.00355362j -0.000406989+0.00187133j -0.00383635-0.000957614j -0.00245501+0.000462677j 0.000895645-0.0031043j -0.000951226+0.00253136j -3.42179e-05-0.00206048j -0.00317807-0.00236799j -0.00125941-0.00245813j 0.00553062+0.00203186j 0.00136502+0.001088j 1.38676e-05+0.00148245j -0.00388339+0.00618508j 0.00362044+0.00167008j 0.00286736+0.00361833j -0.00337392-0.00742206j 0.00378802+0.00271129j -0.0034728+0.000391901j 0.00247031-0.00436103j 0.000248009-0.00282694j -0.00303898-0.000565764j 0.00286931-0.000812556j 0.00749519+0.000591205j 0.0081457-0.00368611j 0.000451558+0.00650643j 0.00255277-0.00179712j 0.00273794-0.000341201j -0.000218979-0.00903696j 0.00316463+0.0065663j -0.00209012+0.00135992j 0.000460647+0.00123468j -0.00475015+0.000385623j 0.00106756+0.00617585j 0.00724858-0.00700596j 0.00424863-0.000679399j 0.00299115+0.00642542j -0.00132532+0.00178808j -0.0058547-0.00145255j 0.00236555+0.00242625j 0.00232686-0.000976991j -0.00140984-0.000107491j 0.00493526-0.0006653j 0.00164695-0.00553981j 0.00104676+0.000564888j 0.0015038-0.00279156j -0.00299266+0.00486884j 0.00606016+0.00238419j 0.00403275-0.00240732j -0.000870888+0.000545409j -0.000527941+0.000973138j 0.00221755-0.0011588j -0.000640836-0.0013599j 0.00177047+0.00183019j -0.00188991+0.00114325j 
0.00139429+0.0016951j 0.00169513+0.000311934j 0.00057404-0.00208433j 0.00157775+0.00218002j -0.00412874+0.00422364j -0.00136468-0.000688601j -0.000361995-0.00432108j -0.00422869+0.00629768j 0.0067642+0.00629188j 0.00173854+0.000501972j -0.00027937+0.00712038j -0.00244275+0.00620341j 0.00552546+0.000768415j 0.000970788-0.00315674j 0.000584057+0.00269494j 0.000630806+0.00112603j 0.00695598-0.00127074j 0.00164485-0.00696892j 0.000262795+0.00298526j -0.00447886-0.00617451j 0.00956635-0.000199822j 0.00760012-0.00863506j 0.00518658+0.00826293j 0.00945332+0.000104743j 0.00368728+0.000551151j -0.00755044-0.00291998j 0.00389879-0.0021034j -0.00106294-0.0033278j 0.000121569+0.00236681j 0.00242117-0.00304099j 0.000103374-0.00205639j 0.000164007+0.000590555j 0.00245697-0.00141365j -0.0019753-0.00166009j 0.0018484-0.0010363j 0.00251138-0.00171271j -0.000232282-0.0049449j 0.000654006+0.00124535j -0.00848813-0.00233101j 0.0018995+0.00116974j -0.000874766+0.00308567j -0.000852048+0.000152738j 0.00991096+0.00539996j 0.00249871+0.00419237j 0.00641792-0.0047795j 0.000603001+0.00536111j -0.00696192+0.00142609j -0.00309773-0.00218392j -0.00104817+0.00801907j -0.00566454-0.0124717j 0.00302782+0.00169627j 0.00303758-0.00456558j -0.00136464+0.0103755j -0.000190929-0.000425117j -0.000787421-0.00212188j 0.00258768-0.00237333j 0.0076541-0.00890053j 0.00387003+0.000337461j 0.00536663-0.00658849j -0.000564775+0.00160511j 0.000839569-0.00493012j -0.000280407+0.000725814j -0.00351558-0.00309206j -0.00377768-0.0044285j 0.00109146-0.00215926j 0.00108881+0.00214629j 0.000949641-0.00030647j 0.000273966-0.00267943j 0.00414655+0.00075912j -0.0012498+0.0043408j -0.000251562-0.000192938j -0.000615521+0.00248355j -0.00355029+0.00381774j 0.00170748+0.00206321j 0.00040064+0.00144947j 0.00397993-0.000111227j -0.00111533+0.00434134j -0.00088315+0.000350658j 0.00432579-0.006624j -0.00506255-0.00137574j -0.00178205-0.00122163j -0.000407101+0.00108523j -0.000503399-0.000275809j 0.000883255+0.000833809j -0.00328366+0.000620777j -0.00221499-0.0010057j -0.00334717-0.00396528j -0.00782082+0.00345011j -0.00439375-0.00176862j -0.00282498+0.00384062j 0.000239159+0.00145664j 0.00327002-0.00268437j -0.00633952+0.00325821j -0.00902835-0.0017731j -0.00497526+0.00609528j 0.00061409+5.14718e-05j -0.00232124+0.00457485j -0.00129337-0.00523443j -0.00552216-0.0056324j -0.00665938-0.00250479j 0.0023524-0.000468137j 0.00776251+0.00307852j -0.00228487-0.000143964j -0.000545865+0.00406359j 0.00244021+0.00330052j 0.00100078-0.00422805j -0.00507896-0.00178379j 0.00758244-0.00711278j -0.000631206+0.00398111j -1.70706e-05-0.000372022j -0.00346993-0.00342274j 0.00561564-0.00536595j 0.00141717-0.00666927j 0.00606527-7.26205e-05j -0.00211621-0.00966993j -0.00335058+0.00157582j -0.00570037+0.00756235j -0.00323473-0.000249893j 0.00205573+0.00305156j -0.00155318+0.000620754j 0.00473085+0.00915115j 0.00993399+0.00104661j 0.00110474-0.00677251j 0.00360743+0.00296541j 0.00143334+0.0033017j 0.00224827+0.00342463j -0.0017972+0.0011442j 0.00361921-0.00452607j -0.00555295-0.00278693j 0.0025125+0.00214388j -0.00218708-0.000142519j 0.00216022+0.00105222j -0.00162272+0.0024474j -0.00558972-0.00426047j 0.00454623+0.00326509j 0.00264548+0.00569834j 0.0023921+0.00990588j -3.29826e-06-0.00502083j 0.00233046-0.000718876j -0.00146744+0.00530637j -0.000548952+0.00329986j 0.00594882-0.00487637j 0.00299386-0.0022689j 0.00776162+0.00164332j -0.00382859+0.00137738j -0.00476483-0.000753849j 0.00389676-0.00101696j 0.00111996+0.00262116j -0.00266224-0.00115175j 0.00234678+0.00135846j -0.00292418+0.00649666j 0.00233365-0.00373716j -0.00745828-0.00443722j -0.00297329+0.00424969j 0.00150701+0.00256174j 0.00299435-0.00199736j 0.000811208+0.00357973j 0.00349095-0.000409993j -0.00103191+0.000747557j -0.000413263+5.36118e-05j 
0.0004232+0.00214801j -0.00133823+3.52387e-05j -0.000136784+0.000918684j 0.000883833-0.000998161j -0.00130266+6.7146e-05j -0.00133041-0.00483574j -0.0033535+1.2851e-05j 6.01942e-05-0.00249286j 0.00163882-0.00490387j 0.000969713-0.00150995j 5.51125e-05+4.87393e-05j -0.0012176-0.00318008j -0.00138999+0.00135316j 0.0012294-0.00332157j 0.00117837+0.00034155j 0.00350345+0.00491952j 0.00274614+0.000491713j 0.00356008-0.00354264j 0.0028533-0.00244643j 0.00233595+0.00217232j -0.000595842+0.00153363j -0.00157445-0.000204395j 0.00130696-0.00335512j 0.00363101+0.000732181j 0.00321666+0.00181681j 0.000933113-0.00174262j 0.000638994-0.00256319j 0.00232423-0.000573179j 0.000888916-0.00295416j -0.00175853-0.00325508j 0.00324785+7.92457e-05j 0.00267607-0.00345868j 0.00988644+0.000307384j -0.00239587-0.00655456j 0.00430637+3.65587e-05j -0.000888667+0.00166081j 0.00172217-0.00185354j 0.00842834+0.000651433j -0.00136277-0.00449569j -0.00317476-0.000259723j -0.00101127+0.00185462j -0.00032933-0.00478437j 0.000809393-0.00258739j 0.00459446-0.0022619j 0.00221634+0.00462122j -0.00397044-0.00883494j 0.00142486+0.00441879j 0.00492173-0.00281215j -0.00120305+0.00230081j -0.00596944+0.00931985j -0.00354398+0.00334183j 0.00075089+0.00183272j 0.00218895+0.000374961j 0.00347634+0.000382184j 0.00123308+0.00104793j -0.00505283+0.00205587j -0.000215164+0.00204296j 0.00519324-0.00512724j 0.00467691+0.0012712j -0.00534836-0.00281175j 0.000378089-0.00307727j -0.00326053-0.00345649j -0.00142535-0.00190176j -0.00723347-0.00169035j 0.0061771-0.00251474j 0.000352868+0.00473601j -0.00176253+0.00225462j -0.00188207+0.00451359j -0.00107803+0.00302869j 0.000177017+0.00147093j -0.000976582+0.00276787j -0.000748773-0.000166001j 0.00015497-0.00101989j -0.00324718+0.00268234j 0.000548193+0.00562963j 0.00259167-0.00255148j 0.00723177-0.00719783j 0.00351008+0.00354221j -0.00170822-7.65925e-05j 3.98532e-05-0.00942607j -0.000658731-0.000791098j -0.00261223+0.00118397j 0.0031787-0.00667403j 0.00295917-0.0112878j -0.00259606-0.000195594j 0.000141054+6.98035e-05j 0.00564747-0.00197597j -0.00273011+0.0011011j 0.00325412-0.00531853j 0.00188159+0.0096691j 0.00165554+0.0154035j 0.00537076-0.00542186j -0.00672704-0.00747503j -0.00232295-0.00461679j -0.00305546+0.00731634j -0.00465496+0.00608632j 0.000545976-0.00648899j 0.00232849+0.00286295j -0.000362404+0.00946996j 1.33393e-05+0.000273727j 0.00423942+0.0105146j -0.00174997-0.00397131j -0.00399147+0.00919897j -0.01295-0.00589729j -0.00288132-0.00261113j 0.00404931+0.000237281j 0.00333347+8.06336e-05j 0.00826194-0.00773957j -0.00246224-0.00586195j 0.00327931-0.00745528j 0.00324886-0.00036967j 0.00398823+0.00707474j -0.0042332-0.0118724j 0.0083085+0.0104006j -0.00694965-0.00577114j -0.000514466-0.00252896j -0.00222943+0.0137659j 0.00827495-0.00913978j 0.0128093-0.00803885j 0.00381879-0.00802156j -0.00074554-0.0061346j 0.000148354+0.00178484j -0.00194074-0.00246923j 0.00119972+0.0008517j 0.00541896+0.00355091j 0.000973828-0.00337186j 0.00538777-0.00295615j 0.00603598+0.00768843j -0.00124303-0.00218303j 0.000104767+0.00880829j 0.00681728-0.0116648j 0.0086601-0.00445082j -0.00304098+0.000333901j 0.00550763+0.000227447j 0.00295291-0.00156962j 0.0016057-0.00370105j -0.00087999-0.00680668j -0.00137844+0.00133677j 0.000377395-0.00253939j -0.00866289-0.000210685j -0.00329709+0.000441125j -0.00334782-0.00342971j -0.00129316+0.00114231j 0.00245235-0.00155139j -0.00280872-0.00178879j -0.00110752+0.00179977j 0.00114257-0.00219214j -0.00322687-0.000658577j -0.00224725+0.00395239j -0.000513831-0.00387621j 0.000496822+0.00132094j 0.00495016-0.000405377j -0.000460077-0.00240113j 0.00106641+0.000964732j 0.000332437-0.000640647j 9.89424e-05-0.000530198j -0.00121564+0.000102724j 0.000138597+0.00230326j -0.00018897-0.00194453j 0.00166318+0.000740243j 
-0.00146955+0.00272962j 0.00182249-0.00427932j -0.000918146-0.00117174j 0.0043352+3.50496e-05j -0.00676898+0.00409792j -0.00151792-0.00595746j -0.00688525+0.0042057j -0.00900533+0.00018668j -0.0100966+0.000334482j -0.00317937+0.00514116j 0.00471363-0.00408743j 0.00774438-0.00268806j -0.00176508-0.00850277j 0.00113005-0.00500207j -0.00208198+0.00498583j 0.00705136+0.00519452j 0.00346432+0.000558373j -0.000349812-0.00131042j 0.0037734-0.00484191j 0.00733958+0.00384645j -0.00463733+0.00149928j -0.00593356-0.00204803j -0.00108685-0.00818892j -0.000114466+0.00165146j -0.00117969+0.00136539j 0.000235693+0.00150663j 0.00118431+0.00195476j 0.000982871+0.000583044j -0.00270227+0.00112874j 0.00565226+9.32954e-05j -0.00273893-0.00117345j 0.00061609+0.00359357j 0.00300049-0.0057553j 0.0065498+0.000518672j -0.00375271+0.00372549j -0.00198787+0.00115073j 0.00131337-0.000891774j 0.00339004+0.000656553j -0.00411467+0.000613128j 0.00460432-0.0022026j -0.00424715+0.000250852j -0.00533947-0.0011961j -0.0011724-0.00706222j 0.00112261+0.00807608j 0.00385614+0.000159259j 0.00135979-0.00271771j 0.00110236-0.00234622j -0.00367299+0.000999425j -0.00755208+0.00465798j 0.000596584-0.00262923j 0.00378176+0.00505375j 0.00244957+0.0061711j -0.00199995+0.00212775j -0.00306337-0.00493432j 0.00418146-0.00182979j 0.0023962-0.00288865j 0.00216863+0.0019573j 0.00508785+0.00391469j -0.00746244-0.00421807j 0.00327717-0.00344109j -0.00311148+0.0033948j 0.00382876+0.00488872j -0.000734111+0.00482258j 0.00299726+0.00758696j 1.35198e-05+0.0019934j -0.00229347+0.00148694j -0.00088439-0.00213986j 8.46634e-05+0.00250075j 0.00254798-0.000210685j -0.00266221+0.00330642j -2.18944e-05-0.00114845j -0.00265285+0.000416368j 0.00212746-0.00181525j -0.00123597-0.00657178j -0.00346548+2.23147e-05j -0.00141686-0.000926438j 0.000295328+0.00414175j -0.0014701+0.00440544j 0.00793564-0.00322935j -0.00918539+0.00217795j 0.00145086+2.65211e-05j 0.000904517+0.00429944j -0.0120636-0.00133724j -0.00794609+0.00458366j 0.00225655-0.000406852j -0.00217169+0.000590534j -0.00588408-0.00443586j -0.00627617+8.55502e-05j -0.00620624-0.00370545j -0.000459375-0.000245626j 4.98801e-05+0.00112029j 0.00187631+0.0011773j -0.00123598+0.00166143j 0.00132801+0.00285165j 0.00162406-0.00604244j 0.0048204+0.00623909j -0.00154-0.00213562j -0.00557381+0.00200418j -0.00328832-3.04469e-05j 0.00140692-0.00486184j -0.00951982+0.00132173j 0.000180807-0.00421634j -0.00367026+0.00621941j -0.00542365+0.00171117j 0.000102675-0.00648426j -0.000790084+0.00060219j -0.00459384-0.00427077j 0.0110593-0.00461009j -0.00467044-0.00581039j 0.00165327-0.00234294j 0.0019082-0.000708429j -0.00666835-0.00496383j -0.00910528-0.00702126j -0.00108639-0.00232619j -0.00171047-0.0147878j -0.00375073+0.00547138j 0.00112623+0.0116075j 0.00214532+0.00298348j 0.00638554+0.001874j -0.00359055-0.00211531j 0.0021972+6.77075e-05j 0.00159408-0.00169091j 0.00594272-0.00180295j -0.00449084+0.00232185j 0.00450633+0.00584015j 0.00115158-0.00912668j -0.0100661+0.00263463j -0.000397607+0.00260667j -0.000163595-0.00379149j 0.00209996-0.000177454j 0.000404854+0.000233553j -0.000719858+0.00603737j -0.00034584-0.00188472j -0.00312155+0.00426738j -0.00579673+0.000990666j 0.00431898-0.00146605j -0.000619803+0.00370488j 0.00218824-0.00363457j 0.00175199+0.00344633j 0.00533101-0.00223105j 0.00199646+0.00072679j 0.00362795-0.000593175j -0.00353432+0.000836129j -0.00235657-0.000740196j -0.00299174+0.000497521j -0.00548264-0.00115012j -0.000354779+0.00220205j -0.000143691+0.00302614j 0.00626405-0.00292024j 0.00308427+0.00118418j 0.00159007-0.0019505j -0.00322285+0.00360878j 0.0014456+0.00299348j -0.00362592-0.00087541j -0.00172148-8.98196e-05j -0.00170484+0.00188738j -0.000810444-0.00223253j -0.00271121-0.000227988j -0.000266021+0.000428486j -0.000574786-0.000754339j 
0.00396546+0.00437241j 0.0017275-3.93637e-05j -0.000534685-0.00245386j -0.00298934-0.000656263j -0.000734493-0.00117461j 0.00858909+0.00970542j -0.00122793-0.00313624j 0.00444072+0.00515813j -0.000134204+0.00530867j 0.00145726-0.000999242j -0.00264516+0.00377742j -0.00185643+0.0013186j -0.00110335+0.00719548j -0.00348004-0.00720374j 0.00212166-0.00384823j -0.00285377+0.000327695j 0.00149978+0.0015511j 0.000282574-0.00327426j -0.00172194+0.00223938j -0.00401607-0.00195012j 0.00408703-0.00271281j 0.0046237-0.00798696j 0.00269229+0.00580493j 0.00230588+0.000617629j 0.00369327-0.00182288j -0.00593697+0.0021791j 0.00145003-0.00515195j 0.00234683-7.49045e-05j 0.000636579+0.00114741j -0.000121075-0.00144874j 0.000187547-0.00193544j -0.00126972-0.00247201j -0.00459836-0.00569425j -0.00521552+0.00228052j -0.00141502+0.000633428j -0.00495791+0.00539707j 0.00179845+0.00312089j 0.00180516-0.0040326j 0.00801161+0.00173052j 0.000635275-0.00514522j -0.00249057-0.00640373j -0.00230293-0.00253038j -0.00631039-0.00145826j -0.011106-0.00389417j -0.00849832-0.00464546j 0.00104522+0.000245982j -0.00171716+0.0052574j -0.00309369+0.00776384j 0.00338239+0.000518637j 0.00101767+0.00156043j -0.00816415-0.00471697j 0.00693628-0.00171986j 0.00443199-0.00809523j 0.000767056+0.00592891j -0.000492809+0.00058547j 0.00253841+0.00378989j 0.00182717-0.00147601j -0.00956609+0.00519815j -0.003615+0.00363915j -0.00158353+0.00363428j -0.00136886+0.000525063j -0.00191064+0.000827397j -0.00164746-0.0013638j 0.00467083+0.00343228j -0.00162975+0.00729437j 0.00130719-0.00223457j -0.00309631-0.000383993j 0.00148065+0.0012025j 0.00267751-0.00103083j 0.00224294-0.00143763j 0.000523944-0.00371057j 0.00154862-0.00183721j -0.0014632+0.0017702j -0.00181082-0.00489262j -0.00593411+0.00430005j -0.000458363+0.00397538j 0.00299308+0.00233138j -0.00421676+0.00667525j 0.00501695+0.000230452j -0.00675576-0.00306173j -0.00114939-0.000947218j 0.00501919+0.00354392j -0.00221766-0.000390455j -0.00547571-0.000185253j 0.00364965-0.00369596j -0.00417196+0.00508928j -0.00652272-0.00473048j -0.00213622+0.000806759j -0.00795078-0.000414575j 0.00150629-0.000418981j 0.0015213-0.00158861j -0.00286079-0.000459422j -0.0054046+0.00238111j -0.00675605+0.000830906j -0.00227733-0.00494j 0.00410771+0.00326035j -0.00288589-0.000982053j -0.00100051+0.00152942j -0.00165777-0.00170405j -0.00313173+0.000557712j -0.0105323+0.00223442j 0.00171635-0.000893686j 0.00262065-0.000249709j -0.00805075-0.00140107j 0.00414363-0.00202998j 0.00285565-0.00429699j -0.00700209-0.00207815j 0.00824024-0.00428883j -0.000615422+0.00461408j 0.0017242-0.00347113j -9.04032e-05+0.000271755j -0.00271285-0.0096425j -0.00570272-0.0072924j -0.00121507+0.0031739j -0.00648809-0.0086035j 0.000158541+0.000935294j -0.00263887+0.0101376j 0.000387711+0.00559189j 0.0014028+0.00519215j -0.000274631-0.00533477j 0.00302961+0.00697495j 0.00268881+0.000247865j 0.00266138-0.00318959j 0.000803219+0.000455055j 0.00186634+0.00617703j 0.00478172-0.00621102j -0.00881713+0.00646456j 0.0022234-0.00249916j -0.00859665+0.000356509j -0.0024031-0.00228345j -0.00453984+0.00302681j -0.00389262+0.00631093j -0.00261653-0.00176029j 0.0014824+0.00335425j -0.00540973-0.00297625j -0.00235689+0.000103731j -0.000206157+0.00293137j -0.000195161-0.0014287j -0.000595847-0.00079553j -0.00141559+0.00399275j 0.00200483+0.0018207j 0.0024463-8.97964e-05j 5.99381e-06-0.000393501j 0.00404938-0.00395721j -0.00265987+0.000840905j -0.000513956-0.00107292j 0.00201993+0.000309333j 0.00122849+0.00082384j -0.000647135-0.00127506j 0.00318563+0.00251111j 5.83719e-05+0.00132881j -0.00335124-2.63722e-05j -0.000560838+0.00240331j 0.00160891+0.00263835j 0.000453396+0.000971967j 0.00149063-0.000656555j -0.000505263+0.00169318j 0.00182521+0.00238727j 0.00119927+0.00257543j -0.00273452+0.0020034j 
-0.00198639+0.00103249j 0.00207148-0.00267143j 0.000238582-0.0037745j 0.0010771+0.00103868j -0.00171201-0.00120484j 0.00189785+0.00371969j 0.00449175+0.00283094j -0.00478617+0.00043351j -0.00745508+0.0062094j -0.00201944+0.00635832j 0.000395984-0.00239698j 0.00556826+0.00320193j -0.000301498-0.00560525j -0.00233291-0.00705584j 0.00163257+0.000620758j 0.00282925+0.00429566j 0.0065155+0.00100134j 0.00326909-0.0045885j 0.00377224+0.000705844j 0.00194956-0.0028066j 0.00471011+0.00106434j 0.00147759-0.00873935j 0.00344044+0.00192973j 0.00536197+0.000966032j 0.00745066-0.000570593j -0.000947846-0.000576405j 0.000821044-0.00480649j 0.00262611-0.00197271j 0.002721+0.00202816j 0.000907755-0.00591328j 0.000622292-0.00426564j -0.00122608-0.00130761j 0.00350528-0.001679j 0.00369655+0.000311811j 0.00335333+0.00629668j -0.00775845+0.00512621j -0.000968965-3.68209e-05j 0.00207466-0.00028288j 0.00355818+0.00394473j -0.00581142-0.00206109j -0.00144462-0.0014495j -0.00723901-0.00654281j 4.41781e-07+0.006796j -0.00329203+0.00249339j 0.00542064-0.00654827j -0.00388798-0.00123457j 0.00340424-0.00254362j -0.00335888-0.00644437j 0.00132157+0.00508309j 0.00089532+0.00694317j -0.00310056+0.00487363j -0.00508137-0.00149647j 0.00655007-0.00363016j 0.00102237-0.00123369j 0.00261671+0.00115325j -0.00493673+0.00782928j 0.00163686+0.00156422j 0.00293417+0.000123106j -0.00455623+0.000839517j -0.00145695+0.00215829j -0.00244046+0.00540985j -0.00728231-0.00274314j -0.00152952-0.0012034j -0.00112531+0.00213414j 0.0029877+0.00309746j -0.00504383+0.00172873j -0.000807936+0.00312607j -0.00148396+0.00109109j -0.00110202+0.000563078j -0.00217054-0.000540095j 0.00230289-0.00131638j -0.00168511+0.00389984j 0.000129395+0.00270092j -0.000708524-0.00104466j -0.00158401+0.00186094j 0.000847372+0.00302205j -0.00036888-0.00108172j 0.00150125-0.00515141j -0.00665471-0.00713693j 0.00867483+0.00051783j -0.00287655+0.0089989j -0.00442921+0.000632391j -0.00217955+0.00478278j 0.00188171+0.00301645j -0.00284238+0.00756774j -0.00285094+0.000181735j -0.00181027+0.00276637j 0.00328216-0.000141053j 0.006931+0.00412825j -0.000916356-6.80394e-05j -0.00209432-0.00265468j 0.00188448+0.00331373j 0.00453901-0.00280766j 0.00780661-0.000941844j 0.00221936-0.000484771j -0.0026979-0.00157094j -0.00045433+0.00563563j 0.000884342+1.09193e-05j 0.00110007-0.00458878j -0.00145166+0.000788868j 0.000955497-0.0041799j 0.000212331+0.00595266j 0.00169074-0.00157089j 0.00634418+0.00663723j -0.00161517-0.00199847j -0.000933462-4.5762e-05j 0.00285547+0.00354674j -0.00785443+0.00166017j 0.00437967+0.00238633j -0.0048145+0.00430484j -0.0016914+0.00112543j 0.00163745-0.000815579j 0.00350549+0.0071487j 0.00102768-0.00210862j 0.00728267+0.00460824j -0.00160418-0.000637118j 0.00377343-0.0153943j -0.00199731-0.00151778j -0.0020847-0.00396503j 0.00302451+0.00623699j -0.00302056-0.0018903j 0.00173716-0.000130824j -0.0037342+0.00474841j 0.000134684-0.000182498j -0.00569817-0.00334598j -0.00763034+0.0038225j 0.00265754-0.000340119j -0.00644033-0.00271607j 0.0023908-0.000688076j -0.00372363-0.00067257j -0.000249584+0.0019164j -0.000294944+0.000129807j 0.0004991+0.00345181j -0.00227561+0.000502197j 0.000165004-0.0014766j 0.00137571-0.00156429j -0.00100046-0.00256491j 0.00210091+0.00228478j 0.00114558-0.00157636j 0.00139762+0.0015249j -0.00311778+0.0041837j -0.00414685+0.000771784j 0.00330497+0.00446504j -0.00519549+0.00225293j 0.000566989+0.00059528j -0.0064179+0.0021603j 0.00191708+0.000894309j -0.00111455-0.00161648j 0.000532674-0.00414566j 0.00489489-0.0052369j -0.00055773-0.00290513j -0.0012867+0.00139394j 0.00117214+0.0018513j -0.00524074+0.0024283j 0.00207477+0.000235479j 0.000613933-0.00256432j -0.002008+0.00199068j 0.0013969+0.00280528j -0.00287413-0.00263494j 0.00241275-0.00195022j 
-0.00107743+0.00206897j 0.000575188-0.00103283j 0.00191222-0.000938565j -0.00286488+0.00154202j 0.0044259-0.00681797j 0.00168275+0.00336447j 0.00947246-0.00117081j 0.0052093-0.00448823j 0.00523333-0.00158166j 0.00334983-0.00184944j -0.00425659+0.00094111j -0.00202061-0.00115729j -0.00140198+0.00593761j 0.00393368-0.00473998j 0.00249208+0.00679713j 0.00692781+0.00377108j 0.000930225-0.00376117j -0.00465405-0.00455805j 0.00232524-0.0033213j 0.00289592+0.0012578j -0.00427138+0.000524179j -0.00366949-0.00210351j -0.00729009-0.00446491j -0.000243053-0.00196665j -0.000888886+0.00744963j -0.00337222-0.00330696j 0.00147193-0.000843204j -0.0016413+0.00149286j -0.00449618+0.00247207j 0.00151161+0.00340307j -0.00114809-0.000669741j 0.00111576-0.000300186j -0.00170666-0.00588998j -0.0088112-0.00598313j 0.000124129+0.00139265j -0.00043866-0.00443962j -0.00304189+0.00112531j 0.00484279+0.000947498j 0.00260869+0.0039191j 0.00431343-0.000825522j -0.000317787+0.000365813j 0.00082409+0.00300613j 0.000105392-0.00509295j 0.000655008-0.000487565j 0.00161478+0.00476047j 0.000665595-0.00290819j 0.00229989-0.00243907j -0.00403297-0.0029214j 0.00423544-0.00924864j -0.00115165-0.0072408j 0.000301007-0.00185891j -0.00227614-0.00725492j -0.00943928-0.00221877j 0.00372637+0.000970964j 8.49274e-05-0.00285j -0.000563748+0.000520816j -0.00361383+0.000382413j -0.00315552+0.00109389j -0.00050839+0.00155093j -0.00167622+0.00168989j 0.00291291-0.00221109j 0.000650794-0.00324431j 0.0032051-0.000978766j 0.00107082+0.000279051j -0.000397273+0.000808347j 0.00553781+0.00133607j 0.00346231-0.000197981j 0.00140954-0.00250459j -0.00137346+0.000576027j 0.00258108-0.00213486j 2.0623e-05+0.00146861j 0.00364434-0.00236237j -0.00177714+0.000847765j -0.00320721+0.000579082j 0.000778299+0.0045767j 7.51665e-05-0.00151328j 0.000121189+0.00110135j -0.000539982-0.000419846j 1.43367e-05+0.00011689j -0.00077958+0.00248327j -1.87392e-05-0.00680639j 0.00666114-0.00262848j -0.000151325+0.00188973j -0.00230175-0.00136115j -0.000507374-0.00145464j 0.00124451+0.00252207j -0.00239867+0.000763668j 0.00271213-0.00149049j 0.000587479+0.000584829j -0.000779193-0.00302863j 0.00238886-0.0024329j -0.00512963-0.00434527j 0.00136246-0.00156959j -0.00101903-0.000640497j 0.000804787+0.00323173j 0.00123042+0.00111627j -0.00148158+0.000741647j 0.000692578-0.000385768j 0.0037443+0.00226793j 0.00200538+0.00370096j 0.00137797+0.00150232j -0.00142615+0.000298402j -0.000336618+0.000323609j -0.0040052+0.00072833j 0.00389513+0.00215341j 0.00418516-0.00120423j -0.00282026-0.000991401j 0.000716813-0.0040062j 0.00199533+0.00465398j 0.00103027+0.0015461j -0.000345623-0.000553978j 0.000629589-0.00210885j -0.00189885-0.00341618j -1.87243e-05+0.00479462j -0.00375716+0.0025544j 0.000400245-0.0044671j 0.00276909-0.00115456j 0.000314813+9.51825e-05j -0.00417354+0.00167854j 0.00471128+0.000474733j -0.000643889+0.00173606j 0.000231423-0.000547181j 0.00105425-0.00282751j 0.000163857+8.81629e-05j -0.000941759+0.00131387j 0.000543839+0.000944546j 0.00317881+0.00186132j 0.000365581-0.00213028j 0.000831839+0.00088091j -0.000674524+0.00113381j 0.001896+0.00281696j -0.00471161+0.00128391j -0.00333286-0.00229983j 0.00174526-0.0033874j -0.00126754-0.00300571j -0.00320829-0.00412453j 0.000673912-0.00357397j -0.00104239+0.00260798j 0.000976432+0.00326301j -0.00371335+0.000955031j -0.00128013-0.000766785j -0.000805021+0.0014589j -0.00112433+0.00176615j 0.00143676-0.00340086j -0.000235133-0.000433926j 0.00648559+0.000844573j -0.00244647+0.000587323j 0.00132798-0.00168935j -0.00159514+0.000358091j -0.00165701+0.00110728j 0.000380933+0.000865584j 0.000840476-0.00108118j 0.00125104-0.000945422j 0.0041915-0.00080395j -0.000506948+0.000830238j 0.00108548+0.000936216j -7.75999e-05+0.000233437j -0.00100042+0.000625598j 0.00322864+0.00275278j -0.0028451+0.00247653j 
0.00312602+0.00454951j -0.00345943-0.00169294j -0.00274259+0.00166694j 0.00267145-0.00276234j -0.00572448+0.00578302j 0.00308737-0.00658246j -0.0131003-0.00075933j -0.000622494+0.00341281j -0.00253066-0.000850282j 0.00132426-0.000806127j 0.000330065+0.000992751j -0.00110795-0.00676984j -0.00435253+0.00261329j -0.000161492-0.00553775j 0.00527484-0.00133161j -0.00371081+0.000967397j 0.00015107-0.0011871j 0.00254741+0.00230055j 0.00212014-0.00275309j -0.000172432+0.000762394j -0.00097722-0.000889363j -0.00136142-0.00215537j 0.00484895-0.000385834j -0.00180877-0.00222641j 0.00435065-0.000815504j -0.00594616+0.00346212j 0.00210771-0.0034577j 0.00292994+0.00424229j 0.00397314+0.00220005j 0.00288576-0.00175239j -0.00345269-0.00274413j -0.00225516+0.00117175j -0.00248462+0.00309633j -0.00523498-0.00272699j 0.00582214+0.00345326j -0.00269828-0.00597882j -0.00144872-0.00267927j -0.00531257+0.00565061j 0.00487213+0.00604011j 0.00278954+0.000776845j 0.00325042-0.00432266j -0.00579695+0.00499205j 0.00395653-0.00227308j 0.00425732-0.00412234j 0.00447892+0.00809984j 0.00832145+0.00152773j 0.00768767-0.0111571j -0.00544292-0.00769563j 0.00189694-0.00186001j 0.000191976-0.0100766j -0.000630295+0.000459587j -0.00678387-0.00315029j -0.00665465-0.00757306j -0.00309796-0.00426534j 0.00765545-0.00373992j -0.00708427-0.00129094j -0.00471432-0.000478352j -0.00413138+0.0022941j -0.000480658-5.81662e-06j -0.000422741+0.00450935j 0.00144318+0.00396332j -0.00160738-0.00426568j 0.000584181+0.00428737j 0.000326712-0.00155893j -0.00082964-0.000485526j 0.00237427-0.000178209j -0.00192047-0.00287765j -0.000681112+0.00109755j 0.00282555+0.00122831j 0.00249732+0.00188243j -0.00284107-0.000834557j 0.00188251-0.00545644j -0.00499879+0.000604415j -0.000884721+0.00495297j 0.000330452+0.00129982j -0.00242801+0.00394442j 0.00411584-0.00211045j 0.00115424+0.00321395j -0.000931994+0.00204581j 0.00453832-0.000884388j -8.58722e-05-0.000677261j 5.44109e-05+0.00147462j 0.00735967-0.00158441j 0.00347421-0.000260551j 0.00141222-0.0049701j -0.00264315+0.000766895j 0.00122242-0.00180936j 0.000864685-0.00225318j -2.93418e-05-0.00121708j -0.00275798-0.000916121j -0.000206723+0.00169454j -0.00227901+0.000500492j -0.00158218+0.000511332j -0.00130311-0.00138682j -0.000326822-0.00566243j -0.00248008+0.00173752j 0.002731-0.00723738j 0.00504025+0.00173113j 0.000155587+0.00534639j -0.00113522+0.000857448j -0.00199087-0.00151813j 0.00266958-0.00531955j 0.00272708+0.00104697j -0.000477751-0.00363341j -0.00643039+0.00117878j -0.000371822+0.00296279j 0.00425908-0.00194109j 0.000938695+0.00107049j -0.00203957-0.00202744j 0.00424491-0.00823645j 0.00224257+0.00205649j -0.00141578+0.00291957j -0.000672413+0.00281581j -0.000372412+0.00120141j 0.000254227+0.0027812j -0.00054851+0.00038637j -0.00402393+0.00557196j 0.001625-0.00365897j 0.00344984-0.00147694j -0.00558435-0.00551344j -0.00171275-0.00277615j -0.00402962+0.00232617j -0.00287164-0.000916095j -0.000330973-0.00162324j 0.00524425+0.00160416j 0.00104765-0.00314432j 0.00146162-0.00382209j 0.00265106+0.00505195j -0.00319168+0.000323777j -0.00491675+0.000616543j 0.000752826-0.00764211j 0.00336138+0.000401244j 0.00151541-0.00144611j -0.000994438+0.00703638j 0.00101125+0.00259091j 0.00261122+0.00427297j 0.000688794-0.00189311j -0.000416394-0.00219908j -0.00763158-0.00655635j -0.000762603-0.00171476j 0.00236305-0.00498818j 0.000176542+0.00166392j -0.00177141-0.00238165j 0.00507183-0.00025294j 0.00102646-0.00150747j -0.000141806-0.000750888j 0.00524497-0.0010992j -0.00275336+0.00343526j -0.00224496+0.00530299j -0.00310545-7.5573e-05j 0.00246424+0.000373369j 0.000346432-0.000744327j -0.000831732+0.000982402j 0.00101469+0.00224273j -0.000679454+0.000518019j 0.00158578+0.00164734j -0.00192174+0.00254748j 0.00170975+0.00391088j 0.00220382+0.00163876j -0.00254066+0.00237212j 
0.00311812+0.000712591j 0.000498103-0.00205236j 0.00134925+0.00120229j 0.000890968+0.00205991j 0.0018117-0.0019449j -0.0104105-0.00456546j 0.00579666-0.00100593j -0.0025708-0.00537389j 0.00546004-0.010626j 0.00368718-0.00463506j 0.000238831+0.00412577j -0.000626257+0.000694981j 0.00213753+0.00170358j -0.000199511-0.000571101j 0.00266344+0.000653946j 0.00651278+0.00998068j -0.0118424+0.00825412j -0.00779899-0.00629908j -0.00723924+0.0102875j 0.00418797+0.00296767j -0.00386061-0.0045059j -0.000245601-0.0142046j -0.0119556+0.00579664j -0.0112732+0.00144254j -0.00274753+2.17671e-05j 0.00094398-0.00258865j -0.00110403-0.00388787j 0.000236293-0.00267469j 0.000765433+0.00264721j 0.000149699-0.00283415j 0.00178722-0.0026322j -0.00237611-0.00158241j 0.00199297-0.0024007j 0.00456477+0.00462009j -0.000825562+0.00182466j -0.00849368+0.00119567j 0.000920888-0.00303213j -0.00196849-0.00444782j 0.00300087+0.000338497j -0.000477173+0.00605241j -0.00486485+0.00445019j 0.00667-0.0017977j 0.00457314+0.00274814j 0.00348247+0.00512788j 0.00374757-0.00640807j -0.0014688-0.00158696j 0.000420499+0.00405728j -0.00222605-0.00751395j 0.00143067+0.0011266j 0.00406629+0.000926705j 0.00320603+0.00136003j -0.00184234-0.00102791j 0.00424439-0.000160404j 0.00471139+0.00488123j 0.00167513-0.00194691j 0.0024983-0.00115318j -0.000862077+0.00417424j 0.00617664-0.000349628j 0.00263758+0.00429548j -0.00802291-0.00301203j -0.00366917-0.00227942j -0.00751686+0.000225007j 0.00283816+0.000603075j 0.000159164+0.00300815j -0.00185441+0.00288328j -0.0020367-0.00121312j -0.00270013-0.00157608j -0.00140126-0.000245405j 0.00322048+0.00091572j -0.00241693+0.0033208j -0.000746022-0.00210497j -0.000947902+0.000464451j -0.00113364+0.00272212j 0.00150067+0.000533007j 9.74764e-05+0.000912296j 0.00306413+0.000199668j 0.000357475+0.000273278j 0.00196416-0.000514812j 0.00215217-0.000946153j 0.00214763+0.00179059j -0.00329916-0.00362377j 0.00167198+0.000284642j -0.00264663+0.00357771j 0.00720508+0.00140312j -0.00305638+0.00318029j 0.00560701-0.00878221j 0.00750387+0.00566547j -0.0030822+0.00146039j 0.00115406-0.0030554j 0.00286829+0.00204375j -0.00213904+0.00257864j 0.00768874+0.00089779j -0.00183329+0.00248296j -0.00392626-0.000835981j 9.94779e-05+0.00628487j 0.00132564-0.000125534j 0.0016624+0.00304183j -0.00486357-0.00403499j -0.00282855+0.000985618j 0.0022323-0.0028763j 0.00265978-5.18206e-05j -0.000127789+0.00134859j 0.00368179-0.00127501j 0.00129108-0.00148714j -0.00206101+0.0027069j -0.000382135+0.00124213j -0.00358678+0.00506401j -0.00325046+0.00372221j 0.000844886-0.00449036j -0.000626171+0.00244992j -0.00107945-0.000489491j 0.00483537+0.00240349j 0.00192269-0.00264243j 0.00289246-0.00146429j 0.00115866+0.000606923j -0.00094254+0.00156898j -0.00275304+0.00184467j 0.000146753+0.00209902j 0.00159477+0.002089j -0.0017002+0.0024118j 0.00403446+0.00256409j 0.000256622-0.00327094j -0.000491893-0.000595133j 9.65704e-05+0.00535119j -0.00227346-0.000386925j 0.00268022+0.00457413j -0.00113217-0.0030447j 0.00408573-0.00146632j 0.0022482-0.00183184j 0.0071835+0.000834534j 0.00264925-0.00305781j 0.00380882-0.00228404j 0.00256459+0.00641532j 0.00280493-0.00571915j 0.00460655+0.0046738j 0.00256206+0.000414944j -0.00239468+0.00341812j -0.000337377-0.00614873j 0.00317907-0.000335523j -0.00111205-0.000649157j -0.000400359-0.00270696j 0.00260027-0.0033351j -0.00185311-0.00220203j 0.00261913+0.00522563j 0.000651173+0.00181278j -0.0015216-0.000594466j -0.00324399-0.0018579j 0.00220543-0.00131528j 0.000904855+0.000646657j -0.000217116-0.000812203j 0.00442154+0.0027626j 0.0028215-0.0077215j -0.00892325-9.31442e-06j -0.00264118-0.00331388j 0.000712636-0.00145838j -0.00147448-0.000528402j -0.00123262-0.00246046j -0.00059699+0.000416345j 0.000552743+0.00122526j -0.0012015+0.00140792j 
0.00169149+0.00066253j 0.00355753-0.00353632j -0.00132416-0.00121996j 0.00277321+0.00069577j 0.0015524+0.00344314j -0.00876294-0.00599889j 0.00383632+0.00641265j -0.00359442+0.000735866j 0.000874948+0.00139568j -0.000250119+0.00322378j 0.00396998+0.000512307j 0.00468939+0.00487054j 0.00282704-0.00658599j -0.00281638+0.000286262j 0.00440315+0.000432779j -0.00382391-0.000264421j 0.000768222-0.00612937j 0.00429724-2.8174e-05j 0.00249013-0.00327669j -0.00460134+0.000642808j 0.0031469+9.29896e-06j 0.000888576-0.000123719j 0.00540388-0.00250424j 0.000389777-0.00394355j 0.0057253-0.00376997j -0.00226672+0.00428894j 0.000142633-0.00107048j 0.001168+0.00169544j -0.00179904+0.00210178j 0.00305222-0.00794368j -0.00112222-0.00274681j 0.000756822+0.00124994j 0.00285563+0.00684547j -0.00567374-0.00298699j 0.00715464-0.0116021j 0.0067185-0.00279162j -0.000917107-0.00130076j 0.00913221-0.00374562j -0.00810246-0.00221234j -0.00270326+0.00395891j -0.000173448-0.00822374j -0.00344381-0.00278516j 0.000809659-0.0049753j 0.00171515-0.000563096j 0.00288815+0.00222929j 3.06538e-05+0.00436954j -0.00114079+0.000916676j -0.000334078+0.0015948j -0.00413825+0.00699028j -0.00195192+0.00379698j -1.98691e-06-0.000148357j 0.00375653+0.0035164j 0.00140763-0.00119215j -0.00378348-0.00445522j 0.00345917+0.000811936j -0.00479845+0.000684257j 0.000252234-0.00752393j -0.000274674-0.00454916j 0.00122547-0.00256431j 0.000488092+0.00194094j 0.00359103-0.00607199j 0.00630916-0.00181658j -0.00337149+0.000177799j -0.0122247-0.00547207j 0.00737088-0.00318964j 0.00104398+0.000656685j -0.000849809+0.000895349j 0.000112486+0.00225104j 0.00239515-0.000321498j -0.00134944+0.000549408j 0.00207266-0.000252369j -0.00214143+0.000832692j 0.00419344+0.000835611j -0.00197921-0.00299317j 0.00167936+0.00335661j 0.00358409-0.00642554j -0.00361249-0.00108086j 0.00472537-0.00490043j 0.00898057+0.00119379j 0.00184868-0.00126205j -0.00428376-0.0082497j 0.00772635-0.00687105j -0.00509903+0.00871343j 0.00848714-0.00646381j 0.000916987+0.00523113j 0.000426468+0.00925327j 0.000701052-0.00372433j -0.00197012+0.00414767j -0.00118014-0.0043945j -0.00825928-0.00392006j -0.00021989+0.0020476j -0.00689641-0.00137209j -0.00340868-0.000164006j 0.00462716+0.00364363j 0.000171696-2.54088e-05j 0.00145042-0.000777122j 0.00465359+0.00113777j -0.000673331+0.0014918j -0.00032964-0.0017398j -0.00135735-0.000652659j 0.00015018+0.00232936j 0.00249332-0.00185613j -0.00118287+0.00185042j 0.00263247+0.00451234j -0.0010347+0.000182472j -0.000862526-0.000437352j -0.00112992-0.00903152j -5.68589e-05-0.00380132j -0.00332631+0.000153821j 0.00250716+0.00401917j 0.00031272-0.00114864j -0.00594166-0.00139899j -0.0016584+0.00330128j 0.000797752+0.000785633j 0.00495802-0.000424333j -0.0018095-0.00104361j 0.00509976-0.00132716j -0.000579643-0.00352114j -0.000628714+9.58157e-05j 0.00140489+0.0012001j -0.00320769-0.00033599j 0.00179728-0.00118972j 0.000837519+0.00179216j 0.000745211+0.00601775j 0.000969956+0.00372988j -0.00124642+0.00306253j 0.00406257+0.00243207j -0.00053582+8.90131e-05j -0.00154421+0.000207367j -0.00401436+0.00109424j -0.00106505+0.00198766j -0.00416574+4.08679e-05j 5.19702e-05-0.0054627j -0.0062313+0.00376339j -0.00129169+0.00113178j -0.00192675-0.00828766j 0.00674146-0.00174894j 0.000979372+0.000915914j -0.00124969-0.00112716j -0.000156982+0.00152829j -0.00167411-4.10088e-05j 0.00223297+0.00485893j -0.00206966-0.00178573j -0.00211433-0.00550408j -0.00772711+0.00432811j 0.00899891+0.000728146j -0.00216508+0.000809621j -0.00240198+0.00189839j 0.00366682+0.00473897j 9.1597e-05+9.67604e-05j 0.000257834+0.00206663j 0.00984718-0.00248491j -0.00507195-0.00779714j 0.000262769-0.0035085j -0.00522453+0.00283826j 0.00243863+0.0049043j 0.0019158-0.00041771j 0.000583554-0.00235644j -0.00285712+0.0025946j -0.0026262-0.00272539j 
0.00251914-0.0017665j -0.000418164+0.00104102j 0.00090505+0.000554028j -0.00328992+0.00370804j 7.76087e-05-0.00263951j 0.00859916+0.00429272j 7.68469e-05-0.00326501j 0.00603347+0.0019909j 0.00512778+0.000496286j 0.00113194-0.00363341j -0.00288971+0.00431601j -0.00362708+0.00159294j 0.00201603+0.00566213j -0.000120672+0.00150273j -0.00655043+0.00872619j 0.00619385+0.00566809j 0.0101307-0.00746935j 0.00413013-0.00743448j 0.00412513-0.00584393j 0.0035935-0.000980874j 0.000110476+0.00373063j 0.00258198-1.87305e-05j 0.00304739-0.00411653j 0.0067796-1.52776e-05j 0.00081824-0.000353092j -0.0031384-0.00605643j 0.000227235+0.00276055j 0.000699451-0.00345783j -0.00349049+0.00233131j 0.00131689-0.000670387j 0.0043305-0.00213098j -0.00249124-0.000706058j 0.00706182+0.0086461j -0.00495576-0.00211544j 0.00321275-0.00318133j 0.00582565+0.00383165j -0.00128595+0.00133328j 0.0086003-0.000233739j -0.0012813+0.00060151j -0.00418115+0.000442084j 0.00319256-0.00289644j 0.00110502-0.00316997j 0.00138583+0.00449548j -0.00703072+0.00211783j -0.00347095-0.00878913j -0.00747078+0.00409456j 0.000865813+0.00356625j 0.00205994-0.00275447j 0.00336625-0.00327713j 0.00462579+0.00593118j -0.00152373+0.000586466j 0.00149584-0.00390906j 0.00424129-0.00188638j 0.0040548-0.00105599j -0.00221501+0.00381149j -0.00193783+0.00549206j 0.00163986-0.0041756j -0.00158303-0.00225346j 6.90586e-05+0.00257344j 0.00385684+0.00223946j 0.000889882-0.00239486j 0.00211067-0.00329228j 0.000185765-0.00621365j -0.00632659-0.00270722j -0.00155531+0.000161927j 0.000632683-0.00306867j -0.00554017+0.000837001j 0.000589773+0.0029053j 0.00247568+6.82243e-05j -0.000939032+0.00593472j -0.00193659+0.000710409j -0.00189042-0.00043165j 0.00048229-0.000593769j 0.00331324+0.00319271j 0.00371636-0.00511564j -0.000283731-0.00118301j 0.000711056+8.65867e-05j 0.00159487-0.00046346j 0.00396315+0.00192386j 0.0111655-0.000550034j 0.000616653+0.00220766j 0.00229932-0.0066908j -0.000654884+0.0078529j 0.00117716+0.00435935j 0.000721124-0.000162259j 0.00171672+0.00222989j 0.000934121+0.00144085j 0.00107237-0.000779594j -0.00287693+0.00174821j -7.29197e-05-0.00396174j -0.00064919-0.0103256j -0.00578339+0.00776087j -0.00096995-0.00128583j -0.000636971+0.00097905j 0.000738402-0.00533621j 0.000475815+0.00140312j 0.00662032+0.00613152j -0.000465679+0.0019769j -0.00233108-0.00140015j -0.00124731-0.000868884j -0.00514835-0.00829382j -0.00137506+0.00470861j 0.003731-0.00920037j 0.00534413-0.00511284j -0.000674925+0.00579765j -0.00202856+0.00174565j -0.00509678+0.00762245j -0.00740498+0.00460898j 0.00328924-0.0027734j -0.000100016+0.000282045j 0.00113672+0.00347653j 0.00100294-0.00642615j 0.00566524+0.00757431j -0.00247299-0.000900403j 0.00266965+0.00473019j -0.000517454+0.0025891j -0.00761797-0.000914973j -0.00337991+0.0021466j -0.0031075+0.00710151j -0.00656088+0.00543364j 0.00339143+0.00200812j -0.00486402-0.000652113j -0.00288119+0.00122764j -0.00323196+2.00831e-05j -0.00061256+0.00133876j 0.00308868+0.00213879j -0.00474884-0.00203434j -0.00166935+0.00103667j -0.000777262-0.00325673j -0.000756979-0.00584249j -0.00120103+0.000328871j -0.00282572+0.00337896j 0.00278579-4.36517e-05j 0.000273238+0.00514614j -0.00674706+0.00658239j 0.00473892+0.00839658j -0.00231965+0.00789241j 0.00132821-0.00534926j -0.0111702-0.00732386j -7.19362e-05-0.00335266j 0.00349886-0.0121326j -0.000404855+0.00336961j -0.0091294-0.00175523j 0.000313627-0.000199791j -0.00245239-1.54695e-05j -0.000208463+0.00150656j -0.00192271-4.07277e-06j -0.000185908-0.00248891j -0.00270839+0.00122923j 0.00038473+0.00217879j -0.000532473+0.0042199j 0.000249363-0.00105003j -0.00409686-0.000785098j -0.000681924-0.000228755j 0.000118517-0.00464915j -0.00473241-0.000512316j 0.00101977-0.00149823j 0.000470787-0.00140791j 0.00272272+0.000358075j -0.00047859+0.00346535j 
-0.00656893+0.00379749j -0.000544812-0.000269909j -0.000852302+0.000108372j -0.000157922-0.00102902j -0.00201826-0.00444695j 0.00293849-0.00754798j 0.00264925-0.000813065j -0.00429028-0.00945448j -0.00139358-0.00184725j 0.00363337+0.00342836j -0.00659829-0.0064716j 0.00113517-0.00969574j -0.00830626+0.000364374j 0.00262365-0.00226428j -0.000803397+0.000998527j -0.00315971-0.00465352j -0.00473546+0.000712366j 0.000562495+0.00165309j -0.00323513+0.000794437j 6.72885e-05+9.28522e-05j 0.00249757+0.00284403j 0.00213121+0.00340217j -0.00236594+0.00338868j 0.000923729-0.00014509j -0.00165288-0.000689472j 0.00168822-0.00515245j 0.00155016+0.00150736j -0.000337758+0.00106436j 0.00526677-0.0102362j -0.00354481+0.00034206j -0.00106364-9.89006e-05j 0.0016557+0.00155595j 0.00761748-0.00433259j -0.00344042-0.00825165j -0.00898181-0.000432681j 0.00909147-0.00251174j -0.000950883+0.00345127j -0.00409902-0.000789841j -0.00790869+0.00160568j -0.00249559+0.000777996j 0.00645762+0.00576063j -0.00042974+0.00207271j -0.00256084+0.00188157j 0.00148049+0.00046384j -0.000645304+0.00313222j -0.00611349-0.00345511j -0.00204593-0.000671263j 0.00907758+0.00212842j -0.00103935-0.00624644j -0.00253041+0.00422361j 0.00362338+0.00340528j -0.00106468+0.00114978j -0.00339499+0.0134013j -0.0014334-0.00202979j -0.00689467+0.00446433j 0.00276028-0.00119578j 0.000525162-0.000193514j 0.00179332-0.0014155j 0.00432821-0.0063732j 0.00740677-0.00425168j 0.000885845-0.00081729j 0.00158354-0.00116519j -0.00175911-0.00365749j 0.00707419+0.000960246j -0.00378573-0.00654294j 0.00415614+0.00380093j 0.001443-0.00376677j -0.000698212+0.00144482j -0.00208362+0.00400813j 0.000275664+0.00232818j -0.0028673+0.00723478j -1.78837e-05-7.79425e-05j 0.00296765+0.00637158j 0.00269074-0.00195065j 0.000641204+0.00390811j 0.0112088-0.00468197j 0.000536229-0.00107448j 0.00471236-0.00383589j -0.00562541-0.00649216j 0.000499579-0.00135642j 0.0012998+0.000115677j -0.00213443-0.00535092j 0.0094546+0.0061131j -0.000838046-0.00263577j 0.00289943+0.006121j -0.00218828+0.00258102j -0.0025999-0.000525734j 0.00250377+0.000917121j 0.00807227+0.000210999j 0.00224809-0.00107769j -0.000355866+0.00112502j -0.00416061-0.00177762j -0.00605566-0.00834711j 0.00198995-0.00304832j 0.00409867+0.00201859j -0.00449399-0.00248295j 0.000200315+0.00127149j 0.00176465+0.00140061j 0.0007485+0.00013217j 0.00203433+0.000642085j 0.00108458-0.00235828j 0.000634171+0.00121797j -0.00139624+0.00135508j 0.000192213-0.00211308j 0.00155106-0.00127135j 0.00158327+0.00171992j -0.000493842+0.000605996j -0.00405326-0.001217j 0.00317776-0.00192381j -0.000457258+4.73341e-05j -0.00135027+0.00356756j 0.00167909-0.000134515j 0.000497502+0.00338799j 0.00080962+0.00312262j 0.00429573+0.00542036j -0.00261354-0.000171909j 0.00041996-0.00387589j 0.000258499-0.00177993j 0.00192739-7.00951e-06j 0.00482072+0.00192099j -0.00407536-0.000353607j 0.00200489-0.00217697j -0.00628061+0.00247197j -0.0019525+0.00022143j -0.00022842+0.000491244j 0.00208536+0.00321729j 0.00476504-0.0031181j 0.00123111-7.32826e-05j -0.00156222-0.00257934j -0.00201502+0.000681805j 0.00127961-0.00400286j -0.00156642+0.00313272j -0.00259839+0.00475426j 0.00288644+0.00233188j 0.00286517-0.00173011j 0.00213956-0.00289832j -0.00274665-0.00280175j -0.000484429-0.00507325j -0.000541918-0.00351884j 0.00157705+0.00215393j -0.00425675+0.00258301j -0.0072368-0.000234551j -0.00237428+0.00841822j 5.67596e-05-0.00204972j -0.0037225+0.00062519j -0.00128821+0.00444326j 0.00576457-0.00266063j -0.00228665+0.00349058j -0.0050529+0.00208744j -0.00156245-0.00997382j 0.0029891+0.00176008j 0.00666511-0.00190605j 0.00248573-0.00257471j -0.000743233+0.00246438j 0.00458921+0.00111931j 0.0017689-0.00303574j -0.00405681+0.00177167j -0.0018779+0.00370341j -0.00231392-0.00428162j 0.00462538-0.00256527j 
-0.000798607+0.0015025j -0.00192646+0.00734634j 0.000167525+0.00325695j -0.00204634-0.000332682j -0.0026112+0.00206935j 0.00789241-0.00442179j -0.0100738-0.00407222j 0.00339216-0.000585496j 0.00438424-0.00407052j 0.00115803-0.00506615j -0.00270227+0.0020536j -0.00657697-0.00412509j -0.000554951+0.00590047j -0.00449419-0.000300662j -0.00354079+0.00101128j 0.00377831+0.000200795j 0.00248254-0.000155299j 0.00127931-0.0053602j -0.00453992-0.0011629j 0.00274114-0.00143071j 0.00323328+0.00192376j -0.000723778+0.00175308j 0.00103366-0.000178965j 0.0053733+0.00195701j -0.00249919+0.000688281j 0.00269472-0.000671433j 0.000609377-0.00118325j 0.000406452-0.00492155j -0.00582394-0.00749454j -0.000397808-0.00234379j -0.00219575-0.000312335j -0.000306549+0.00350659j 0.00781876-0.00423161j 0.000238272-0.00470469j -0.00167266+0.00218175j -0.00466276-0.000268767j -0.00271108+0.00269666j 0.0148669+0.00417335j -0.00341575+0.001896j 0.00172599-0.00591337j -0.00142907+0.00255215j -0.00175562-0.00195935j -0.00119512-0.00879674j -0.00138633+0.00924087j 0.00718215-0.00130793j -0.00415199-0.00709397j 0.00566522-0.000989662j -0.00480425-0.00771764j 0.000257992-0.00608009j -0.00120243-0.00661356j 0.000692361+0.00563793j -0.00082286-0.00687549j -0.00764262-0.00183357j 0.00651095-0.00264945j 0.00313845-0.000858867j -0.000926767+0.00445336j 8.18006e-05+0.00155418j 0.00128925+0.00128015j -0.00536434-0.000914437j -0.000715592-0.00200873j 0.000303913-0.000287288j 0.0034684-0.000872713j 0.00537221-0.000119604j -0.00423812+0.00381982j 0.00426976+0.00551109j 0.00294513+0.00768937j 0.00182939-0.000529077j 0.00127588-0.00244555j -0.000338612+0.00621053j -0.00305799+5.88633e-05j 0.000210688+0.000360625j -0.00168868+0.00236586j 0.000517157-0.00368107j -0.00374438-0.00443785j -0.00367336+0.00295487j 0.00017976-0.00803218j 0.00426917+0.00226621j -0.00171716+2.33234e-05j 0.00418231-0.00339764j -0.00129101-0.00200153j -0.000967494-0.00387401j 0.000623459-0.00611294j -0.00541056+0.00306685j -0.00366585-0.000244928j 0.00827242+0.00537881j -0.00116222+0.00253068j -0.00601123+0.00122839j -0.000413028+0.00191009j -0.00157605-0.0036749j 0.00664009+0.00115555j 0.00548474-0.00246107j 0.000746523-0.000870209j -0.00205245-0.00210024j -0.00144577-0.0021879j 0.000843073+0.00169028j 0.00194684+0.00234514j -0.000389404+0.00594887j -0.00151374+0.00366708j -0.000584428-0.00110454j 0.00312755-0.0021294j -0.00366952+0.00227065j -0.00657402+0.00128786j -0.00103868+0.00377894j -0.00483804-6.76184e-05j 0.00625616-0.00453194j 0.00167033-0.00297389j -0.00459104+0.00426342j 0.00541564-0.00415618j 0.00172928-0.000797503j -0.00272988+0.00203639j -0.00159222+0.000756414j -0.00238769-0.004984j -0.00515933-0.0034731j 0.00274628+0.0031239j -0.00325434-0.00473532j -0.00190908+0.000984067j 8.79792e-05+0.00494789j -0.000465188+0.00183894j 0.00372835+0.00125606j 0.00695335-0.00321677j -1.01358e-05+0.00230268j 0.00221504-0.00203114j -0.000549116-0.00258218j 0.00140396-0.000312417j 0.000226156+0.00505091j 0.00335278-0.00183922j -0.00274907+0.00496194j 0.000557359+0.0018436j -0.00146138-0.00506857j 0.0020581+0.00310586j -0.000801476+0.00307879j -0.000541819+0.00279798j -0.00437094+0.000460167j 0.00491584-0.00179709j -0.00635976-0.00257991j -0.000234151-0.00581311j -0.000971565+8.02725e-05j 0.000617388-6.70561e-05j 0.00422321+0.00352513j -0.00485202+0.00167592j -0.00273308+0.00381427j -0.00129911-0.00357536j -0.00159197+0.00561616j -0.0031874-0.00458401j -0.00534837+0.000320535j -0.00122774+0.00345419j -0.00347947+0.000182399j 0.000545356-0.00207538j 0.00121715-0.00162507j 0.00272757-0.00075996j -0.00165555-0.000354214j 0.0028169+0.00197876j 0.00133917-0.00318856j 0.00231238-7.19304e-05j 0.000551072-0.00269251j -0.0025427-0.000927184j 0.00093219-0.00383457j -0.00305407-0.00070237j -0.00261996-0.00379581j 0.00407886-0.00193418j 
0.00296975+0.00335221j 0.00243283+0.00395293j 0.000351757+0.00538351j -0.00284717-0.00147006j 0.000520327+0.00299237j 0.00407124-0.00550301j -0.00783554+0.000396493j 0.00131867-0.00112473j 0.00114605-0.00420839j 0.00330884-0.00378562j -0.00253629+0.00196799j -0.00230749-0.00184528j -0.00130832+0.00409574j -0.00409737+0.0102843j -0.00786148-0.00913513j -0.00835455-0.000666377j -0.000892806+0.00343503j 0.00535172+0.00181543j -0.00450909+0.00711187j -0.00499564-0.00156298j 0.00619942-0.000864227j 0.00516524+0.00151504j 0.00600413+0.00581344j 0.00107162+0.00190152j -0.00509804-0.00968353j 0.00591958+0.00147409j -0.00232032+0.00268813j 0.000602082-0.0047054j -0.000430049-0.00405612j -0.00643377-0.00362352j -0.00530078+0.00485666j -0.00142338+0.00590238j 0.00116204+0.0107308j 0.00521992+0.00307211j 0.00273016-0.000923662j -0.00430359-0.00328445j -0.00391725+0.000915619j -0.000490417+0.00331657j 0.00310772+0.00731512j -0.00377563+0.00419685j 0.0056312-0.000376154j 0.00413198+0.0037j 0.00310498+0.00372765j -0.000286114+0.00095204j 0.00247536-0.00818231j 0.000963018+0.0097875j 0.000418889-0.00701284j -0.00707022-0.0053061j -0.000395567-0.0026983j 0.00570064-0.00216854j 0.0030019-0.0011082j -0.00664309-0.00180547j 0.001374-0.00144163j -0.00109278-0.00325901j -0.00106637-0.00239947j -0.0001278-0.00173499j -0.00160525-0.00244043j -0.000647435-0.000929821j -0.0018188+0.00166344j 0.00129328+0.00177483j 4.71571e-05+0.000809852j 0.000646506-0.00170468j 0.00397889+0.000938557j -0.00348008-0.00349586j -0.000249053+0.00112825j -0.00321048-0.00198498j 0.00107491+0.00384538j 0.0023548-0.00493539j -0.00182199-0.002727j -1.54236e-05-0.00195515j 0.00255323-0.000831921j -0.00199234+0.0038568j 0.00525891-0.00404796j -0.00378894-0.00041353j 0.00471863+0.00128781j 0.00309634-0.00237051j 0.00155445+0.00156239j 0.00149481+0.00178442j 0.00655896-0.00396925j 0.000107023-0.00123391j 0.00282727+0.000790933j 0.00282439+0.00205843j -0.00559111+0.000229534j -0.00547774-0.000262867j -0.00386209+0.00346609j 0.000354914-0.00141554j 0.000207463-0.00135858j 0.00134784+0.00124688j -0.00229537-0.000458666j 0.00251532+0.00357274j 0.0089852+0.00246634j 0.00151103-0.000520158j -0.00473611-0.000573575j 0.00107489+0.00304368j 0.00140758+0.00258078j 0.00149533+0.00468352j 0.000952388+0.000534919j 0.000100087+0.00265288j -0.00116141+0.00300781j 0.00134516+0.00153116j -0.00344447+0.00555122j -0.00046352+0.00132088j -7.95214e-06+0.00257904j -0.00695179+0.00166743j 0.00101876-0.00232029j 0.00266609-0.00260745j -0.00145935+0.00387255j 0.0065153-0.00523906j -0.00283687+0.000956374j 0.000804873+0.0021553j 0.000449518+0.000462546j 0.000678005-0.00175967j -0.00174962-0.00367334j 0.00185973+0.00433404j -0.00681989-0.00629599j 0.00373789-0.000775663j 0.00156956+0.00657532j 0.00281183-0.000827548j 0.00223882-0.00210499j 0.00238693-0.00514829j 0.00145611+0.000802836j -0.000903375+0.00180618j 0.00134189+0.00155293j 0.00213198+0.000736263j 0.000555762+0.00323252j -0.00045068-0.00482044j 0.000117284+0.00217159j 0.000181639+0.00340497j -0.00143217+0.00374539j 0.000486428-0.000367678j -0.00191465+0.00153514j 0.00121285-0.00320612j -0.00143582-0.00306941j 0.00523441-0.000907547j -0.00473722-0.000177425j -0.00618756-0.0033192j -0.00181011-0.00154206j 0.000127283+0.00494197j 0.00130893+0.00185525j -0.00272117+0.00110895j 0.00172863+0.00411494j -0.000100619+0.00045813j -0.000341798-0.0017822j -0.00558084-0.00126828j -0.000648092+0.00292364j 6.12136e-05-0.000325408j -0.00309599+0.00161387j -0.000801919-0.00131126j 0.00285552-0.00143793j 0.000995418+8.976e-05j -0.00157627-0.0018539j 0.00109588+0.000559958j 0.00168638-0.00144999j -0.00110257-0.00239316j -0.000605443-0.000802624j -0.000303587-4.79854e-05j -0.000514667-0.00102707j 0.000407796-0.000611042j -0.00245268-0.00115594j 0.00117632-0.00167551j 
-0.00235001-0.00383098j -0.000839527+0.00500012j 6.50777e-06+0.000235929j 0.00141822+0.000127024j -6.3993e-05+0.00485607j -0.0012507+0.00433303j -0.00673322-0.00129876j 0.00404503+0.00595395j 0.00354722+0.000363435j -0.00550641+0.000509885j 0.00373028+0.00101519j -0.00462095+0.005353j 0.00421067-0.00184974j -0.000658369+0.000113926j 0.00621158+0.00228768j 0.000238605-0.00728173j -0.00242091-0.0014207j -0.00458756+0.00288602j -0.00323242-0.00259804j 0.000612114-0.0010133j -0.00332664-0.000239683j -0.00326874+0.00857834j -0.00358515-0.00149295j -0.00151762-0.00239632j 0.00206828+0.00614835j 0.00210729-0.000641777j -0.00103772-3.50575e-05j -0.00330159+0.00238796j -0.0109064-0.00198318j -0.000374122+0.00428083j 0.00216074-0.00398174j -0.000754593-0.00241277j -0.00715774-0.00998286j -0.00180512-0.000827178j 0.000493342-0.00154456j -0.00197664+0.000368773j 0.00392739+0.000545101j 0.00487546-0.00207814j -0.00131118-0.00360513j 0.00103345-0.00594002j -0.00477236+0.000223518j -0.00466667-0.00160076j -0.00336165-0.00197493j 0.0018978-7.89867e-05j 0.00362494+0.0049669j -0.00124921-0.00632926j 0.00546041+0.00220578j 0.00300429-0.000706095j 0.00131641+0.0033522j -0.00600472-0.000942848j -0.00312402+0.00264909j -0.000136942-0.00369173j -0.00146902-0.00290109j 0.00197472+4.39561e-05j 0.00390086-0.00117482j 0.000515173+0.00504041j 0.0021517+0.00249345j -0.00100521+0.00145107j -0.0019513-0.000274891j -0.00687118-0.000167207j -0.000175533-0.000427432j 0.000331961+0.000769843j 0.000849791+0.00155617j 0.000925663+0.00303563j 0.00522931+0.00173866j 0.00386853+0.0043759j 0.00384891-0.00217205j -0.00390901-0.00154112j -0.00165477+0.00591145j -0.00594154-0.00601075j 0.00266646-0.00218193j 0.00307582+0.0016009j 0.00111756+0.00258796j 0.000731234-0.00325961j -0.00288633-0.000792025j -0.0056725-0.00628034j 0.00245925-0.000377535j -0.00454986-0.00113393j -0.00766399+0.00336139j 0.00173085-0.000961235j -0.00257093-0.00161839j -0.00339817-0.00322704j 0.00502662+0.00144727j 0.0053559+0.000893273j 0.00621304-0.000832401j 0.000947562+0.00303488j -0.00197244+0.00254541j -0.00319297+0.000825356j 3.3616e-05-0.00140692j -0.00102988-0.000894453j -0.0032542-0.00388002j -0.0024158-0.00329273j 0.00372703-0.00395725j -0.000323032-0.00372633j -0.0018033+0.00140752j 0.00435998-0.00490613j -0.00163834+0.00435816j 0.000960768-0.00163148j 0.00349175-0.00773894j 0.000965205-0.00128703j 0.00280998-0.00618838j -0.000991622+0.00398251j -0.00278295+0.00474376j 0.00601554+0.000305965j 0.00551365-0.00554437j 0.000317832+0.000384491j 0.000926085-0.00391401j -0.00182804+0.000944117j 0.00108536-0.0020114j 0.000523828+0.00237951j -0.00091406-0.00169491j -0.00299642+0.00203806j -0.00342968+0.00286129j 5.5443e-05-0.00307474j 0.00347628+0.000687356j -0.00266754+0.00334966j -0.00585552-0.0043819j -0.00334691+0.00208361j -0.00321664+0.000109041j 0.00457574-0.00219167j -0.00342289+0.00115733j 0.00387343-0.00315157j 5.40813e-05-0.00362032j 3.17128e-05+0.000407615j 0.000855442+0.00197064j 0.00431241+0.00474399j -0.00243351+0.00101386j -0.000544416-0.0022234j -0.00314198-0.00602298j 0.00555412+0.00550216j 0.00156551+0.00309854j 0.00198357+0.00636787j -0.00440382-0.000290418j -0.00528679-0.00355918j -0.00238793-0.00630239j 0.000396234-0.0051705j 0.00619218+0.00420538j 0.000181882-0.00189666j 0.00851993+0.00748891j -0.000947471+0.00121474j -0.00144609+0.0050085j 0.000358292-0.00686737j 0.00287423+0.00177052j 0.00139824-0.0062015j 0.000954959+0.0010873j 0.00160716+0.000861927j 0.000272233+0.000256193j 0.00224378-0.00136177j -0.000140487-0.00369136j 0.00279096-9.92771e-06j -0.00172623-0.000465499j -0.00186979+0.00168806j 0.00103817+0.000991541j 0.0025841-7.97995e-06j 0.00135402-0.00106963j -0.00157331-0.00154214j -4.60319e-05-0.00197801j -0.00204197+0.000878067j 2.09665e-05-0.00174168j 0.00222681-0.00082191j 
-9.40327e-05-0.00431431j 0.00549795-8.20817e-05j 0.00396439+0.00212026j -0.00019206+0.0019238j 0.00404456+0.0050694j -0.000278747+0.0058177j -0.00274844+0.00453396j 0.00533753+0.00250857j 0.00214973-0.00195226j -0.00148417+0.00318324j 0.0027701+0.000260839j 0.00252715+0.00583135j 0.00128305-0.00224951j 0.0113588+0.00352011j -0.00589771+0.00342215j -0.0058692-0.0111761j -0.00832333-0.000445344j -0.00172185+0.00943669j -0.00161033+0.000856186j -0.00258924+0.0015478j -0.003568+0.00368401j 0.00475412+0.00999451j -0.000927141+0.00182763j -0.00494304-0.000630625j -0.00860301-0.004117j 0.000603548-0.00455972j 0.00244673+0.0120523j -0.00378982+0.00409488j 0.000908323-0.00969276j -0.000514167+0.0137977j 0.00372811+0.000204658j -0.00157498+0.00567844j 0.00749738-0.00441817j -0.00387221+0.00287441j 0.00704902-0.00893903j -0.0057184-0.0013458j -0.00226577+0.00165423j -0.00390791+0.00316236j 0.00669318-0.00320623j -0.00614581+0.00106421j 0.00139632-0.00393369j -0.00195372-0.001811j 0.00781681+0.00729019j -0.000152186-0.00647871j 0.0019995+0.00303634j -0.00296521+0.00149042j 0.00213732-0.00364738j 0.00040058-0.00758711j 0.00100425+0.00202454j -0.00139296+0.00776706j -0.00160713+0.00217001j -0.00402947+4.26453e-05j 0.00375351-0.0022806j -0.00102272-0.00171249j 0.000482545+0.00117713j -0.00544089+0.00510352j -0.00118788+9.64351e-06j 0.0035916-0.000491902j 0.00383256-0.00169474j -0.00180258+0.00124166j -0.000867044+0.00140446j -0.00696382-0.00231417j -0.00148374-0.00159717j -0.000795712-0.00122759j 0.00102862-0.001164j -0.00130928-0.00114409j -0.00337656+0.00420458j -0.00139656+0.00282868j 0.00297017+0.000207425j 0.00279106-0.00044947j -0.00381216+0.00201013j -0.000332703+0.00061155j -0.00369535-0.00214313j -0.00341887-0.00248322j -0.00185291+0.00331851j 0.00513135-0.000581148j 0.00383513+0.00519206j -0.00226581+0.0015233j -0.00634688-0.00551909j 0.00421384+0.00514044j -0.00756301-0.000947277j 0.00483655+0.000860577j 0.00457745+0.00419595j 0.00244388+0.00733168j -0.000871885-0.000167578j 0.00213973+0.00175137j -0.0057846-0.00142695j -0.00764302+0.00144765j 0.000632038+0.00193582j 0.00010203+0.00317337j 0.00287222-0.000113321j -0.00166992-0.00207615j -0.000786034+0.00603664j -0.00131221+0.0025701j -0.00324432-0.000267022j 0.00404584+1.89655e-05j -0.00226158-0.00354412j -0.00270159-0.000470376j -0.00386159-0.00140823j -0.000505979+0.0019055j -0.00441625+0.000100834j 0.00442428-0.000447786j 0.00147574-0.00118974j -0.00370165+0.00256027j -0.00364455+0.0027319j -0.00244378-0.00241863j -0.00613628-0.00367161j 0.0050915-0.000683654j -0.0052234+0.00294627j 0.000303267-0.00178208j -0.00125686-0.00548551j -0.00432665-0.0027338j -0.00534417-0.00441964j -0.002647-0.003315j 0.000514263-0.00896939j -0.00370219+0.000342788j 0.00354406+0.0068086j 0.000581607+0.00246663j 0.00101766+0.00901785j -0.00326205+0.00150969j 0.00521944+0.00369352j 0.00314798-0.00136594j 0.00654123-0.0030078j -0.00435283+0.00414629j -0.00224546-0.000718956j 0.000106473-0.00333107j -0.00494352+0.00476783j 0.00186554-0.00425235j -0.00296618+0.00290834j -0.000219874-0.00502979j -0.0010289-0.000192355j -0.00350178+0.00384586j 0.00314737+0.00370334j -0.00385016-0.00131103j 0.00463183+0.00259901j 0.00424843+0.00206706j -0.00180078+0.00231415j -0.00318735-0.00591089j 0.00199904-0.00248237j 0.00638246-0.00107565j 0.00408918+0.000437562j 0.00344594+0.00184002j -0.00178492+0.00335398j -0.000132365-0.000869399j 0.00135459-0.000207795j 0.00025126+0.000416597j 0.00307503-0.00309902j 0.00148039+0.00283185j -0.00304175-0.000110971j 0.00184605-0.00203526j -0.000145382+0.00239169j 0.000586988-0.00196957j 0.00145222-0.0011306j -0.00229747+0.000269807j 0.00183472+0.000285929j 0.000191773-0.000547031j -0.00390368+0.00118718j -0.00232804+0.000512913j 0.00172114+0.000977303j 0.000385802+0.00141847j 
0.00153034+0.00346652j -0.00185299-0.00358254j -0.00284305-0.00204834j 0.000240034-0.00106098j -0.00225934-0.00618153j 0.00173995-0.00475008j 0.00543657-0.00148547j -0.00346175-0.00417433j -0.00305215+0.000983276j 0.00387249-0.000655729j -0.00315449-0.00160408j 0.00268973-0.00611016j -0.00385116+0.0012447j -0.00748762-0.00111597j 0.000758406+0.000757017j 0.00271234+0.00161831j 0.00171215-0.000576092j -0.00244638-0.000182551j 0.000944151-0.000608573j -0.000465093+0.000624298j 0.00106119+0.000554173j -0.00264955-0.00367915j -0.00171115+0.00274142j 0.00253866-0.000914419j 0.00220721-0.00641818j 0.00414272-0.00150777j -0.000978255+0.00229244j -0.000396097-4.64496e-06j -0.00178893-0.00545381j 0.00284508-0.00080178j -1.3214e-05+0.00316908j -0.000414734-0.00376261j -0.00569177+0.00107823j 0.00149231+0.0066596j 0.00198328+0.00360562j 0.00181441-0.00761152j 0.00196277+0.00245715j 0.00209474+0.00306391j -0.000895994+0.00140661j 0.00304861-0.00129525j -0.00333532-0.00158317j 0.00158453-0.00599513j -0.00357069-0.00271087j -0.000673324+0.00282738j -0.000136012+0.00178629j -0.000614107+0.00386333j -0.000265089+0.00265515j -0.00162123-0.000215374j -0.00192487+0.000995477j 0.000301538-0.00145545j 0.00199184-0.00545432j 0.00281095-0.000848638j 0.00163229-0.00133411j -0.000293009+0.00276642j 0.0011506+0.00174897j 0.000667007-0.00112719j -6.90698e-05+0.000963864j 0.000382587-0.000438162j -0.00172669-0.00054119j 0.000842494-0.00206787j -0.000943034-0.000332095j 0.00270423+0.00216649j 0.00175575+0.00279715j -0.0021994-0.000292128j 0.00234114+0.00431602j 0.00390548-7.60426e-05j -0.000765241-0.0015471j -0.000558918-0.00352526j 0.00384245+0.00119472j -0.00256278-0.00536914j -0.00482492-0.00419711j 0.00116967+0.00303591j -0.00817467+0.0010713j -0.00284027-0.000162781j -0.00251427+0.000238387j -0.010831+0.00131653j -4.13647e-05-0.001445j 0.000250114+0.000292043j 0.00839614+0.00502356j 0.0095581-0.00651869j -0.00331282+0.000867726j 0.00267173+0.00584391j 0.00354176+0.00181343j 0.00390281-0.000745165j 0.00314433+0.00326443j -0.00307056+0.00212486j 0.00778798+0.00332279j -0.00286621+0.00256598j 0.00195624-0.000842457j 0.00460028+0.00532372j 0.00657964+0.00252004j 0.0025818-0.000448611j -0.00290583-0.000292737j -0.00341513-0.0015025j -0.00329065+0.000918291j 0.000951508-0.00160575j -0.000336729-0.0037669j 0.00444046+0.00448471j -0.00132856-0.00296096j -0.0001943+0.00439608j 0.000403614-6.9777e-05j -0.00167448+0.00305117j -0.00203837-0.00368041j 0.00518166-0.00340512j 0.00149246-0.00265753j -0.00394926-0.00567177j -0.000824049+0.00323273j -0.00441426+0.000354311j -0.00336147-0.000217708j 0.0018154+0.00125228j -0.00191271-0.00582446j 0.00264522+1.09257e-05j 0.000680581+0.00470811j 0.00450833-0.00185998j -0.00113497+0.00171966j -0.000708187-0.00056103j -0.00742961-0.00177304j 0.000565087-0.00573755j 0.00148148+0.00110661j -0.00336561-0.000420473j -0.00086303-0.00381171j 0.000439203+0.00701016j 0.00217019-0.00361572j 8.93291e-05-0.00152412j -0.00490173-0.000107103j -0.00135211+0.00797263j 0.00667335-0.000326378j -0.000628894+0.000547816j -0.00517449+0.000633472j 0.000873663+0.00125409j -0.000546302-0.00492474j 0.00206487-0.00108068j 0.000104781-0.00131149j 0.000944277+0.000167837j -0.000761957-0.000760445j 0.00315578+5.56832e-05j -0.00280299-0.0011106j 0.00262512+0.00152903j -0.00380279-0.000617527j -0.00445898+0.00256422j 0.000150546+0.0022767j 0.00493547-0.00246979j 0.00055208+0.000488679j -0.00211388-0.000177418j 0.00216307-0.000940331j 0.00497106-6.22581e-05j -0.00130276-0.0015732j -0.0020501+0.000736289j -0.00123551+0.00389125j 0.00121325+0.00185361j -0.00602254+0.00169373j -0.00118608-0.00344355j 0.00333531-0.000115473j -0.00105265+0.000297153j -0.000915533-0.00199461j 0.00048993+0.00217302j -0.00343078+0.00273653j 0.000915806+0.00158516j -0.000226336+7.56156e-05j -0.000793597+0.00225052j 
0.00121937-0.00186422j -0.00327289+0.000780655j -0.00043489-0.000124906j 0.000493756-0.0010588j -0.00194822-0.00349912j 0.00117227-0.00347033j 0.00322676-0.00459346j -0.00187212-0.00112956j -0.00067003+0.00145153j 0.00378502-0.00341257j -0.00227483-0.000819436j -0.000546525-0.00469977j -0.000597315+0.00162478j -0.00298571+0.00423714j 0.00282265+0.00153676j 0.00100525-0.0029258j -0.00107707-0.00106923j -0.000510311+0.0039611j 0.00114145+0.000469539j -0.00153172+0.00138064j 0.000467716+0.00263314j -0.00244757-0.000367438j -0.00189971+0.00191654j 0.00116577-0.00111175j -0.00339163-0.00206745j 0.00295426-0.00347975j 0.00345751+0.000743356j 0.000408309+0.00118136j -0.00613683-0.000255797j 0.00110265-0.00341396j 0.00194976+0.000366829j -0.00174761-0.00276553j -0.00160375+0.00202216j 0.00169518+0.00377159j 0.00477069+0.0029526j -0.00566895-0.00146054j 0.00209274-0.000437691j 0.00443296+0.000366759j 0.00235197+0.000817233j -0.000908227-0.00185547j -0.00390785-0.000129639j -0.00341519-0.00810682j 0.00130262+0.00248947j 0.000651009+0.00183447j 0.00129648+0.00145036j 0.000471637+0.0018337j 0.00239676+0.000407644j -0.00207016-0.00120512j 0.00103552+0.00364306j -0.00230619+0.00352821j -0.000226139-0.00319499j 0.000345069-0.00192156j 0.000742357-0.00248235j -0.000127275+0.000566984j 0.00142343+0.000320541j -0.000542905+0.00199239j 0.00124772+0.00024862j 0.00266874-0.000772096j 0.000343184-0.0015086j -0.000250769-0.000875281j -0.00136431+0.00149858j -0.00127668-0.000526142j 0.00223614-0.00034587j -0.00166554+0.000922242j 0.0032555+0.000739842j -0.000529559-0.00251937j 0.00242903+0.00140179j 0.000321605+0.00117075j -0.00173984-0.00161778j -0.000385674-0.000656223j -9.28695e-05+0.00213766j 0.00108506+0.00127244j 0.0043861-0.000577951j 0.0010552+0.00188173j 0.00505217+0.000689419j 0.00343343-0.000423024j 0.00143448+0.0026966j -0.000463915-0.000875818j -0.00649924+0.0015084j 0.00386912-0.00167126j 0.00433383+0.000829839j -0.00271067-0.00363353j 0.00014367-0.00524455j -0.00146884-0.000894615j -0.00179157-0.00749463j 0.00285836+0.00157184j 0.00304567+0.000145146j -0.00496457+0.00227907j -0.0014822-0.00176483j -0.00289349-0.00023503j 0.00492382-0.00204373j -0.00219214+0.00224154j -0.00298931+0.00294179j -0.00228288+0.00454821j -0.0017671+0.00197446j 0.00340007+0.00420766j -0.00762389+0.00460147j -0.000784769-0.000424634j -2.3142e-05-0.0033115j 0.00165785-0.00494763j 0.00156945-0.000624682j -0.000337813+0.000311652j -0.00670195-0.00232116j -0.000244573+0.00362773j 0.0031613-0.00117032j -0.00579797+0.000718055j 0.000392994-0.00120676j 0.00231806+0.000193164j -0.00167479-0.00348811j -0.00131272+0.00427548j -0.00341363-0.00150448j -0.00190915+0.000883564j 0.00272572+0.00273013j -0.000763584-0.00418211j 0.000532778-0.00566444j -0.00229477+0.00335979j -0.00136873+0.00052553j -0.00325885-0.00135689j 0.00149545+0.000770832j -0.00580432-0.00137969j 0.00254902-0.000137748j -0.000241618+0.00338351j 0.00419581-0.00231579j 0.00337912-0.000348209j 0.00137327+0.000586891j 0.00327894+0.00354909j 7.33628e-05+0.00106978j -0.00197383-0.00259957j -0.000788617+0.00348211j 0.00171267+0.000228601j 0.000171801-0.000348024j -0.000460938-0.000549618j -0.00116594-0.00425995j -0.00187533-0.00144194j -0.000408132-0.00114105j 0.00432933-0.00234354j -0.00416563+0.00241394j -0.00105542+4.52702e-05j 0.000370144+0.00409868j 0.00192874+0.000781831j 0.000320726+0.00131513j 0.000293841-0.00375081j 0.000579671-0.00215066j -0.00392205+0.000648261j -0.00145436+0.00116579j 0.00555559+0.00171547j -0.00308164+0.000159528j 0.00156122+0.000906707j 0.000976734+0.000364818j -0.00316424+0.00389677j -0.000540369+0.00139418j -0.00148205+7.29618e-05j 0.000656797+0.000587954j -0.00379513-0.00309018j -0.000791368-0.00341584j -0.001435-0.000292474j 0.00469135+0.00103825j 0.000562793-0.00584309j -0.00104527-0.00209311j 0.00124605-0.000359873j 
-0.00142841-0.000793409j -0.00127884+0.00147222j 0.000242836-0.000621718j 0.00092785-0.000322074j 0.000465181-0.000314856j 0.000213693-0.000314314j -0.000153452+8.63174e-05j -0.000107377-0.000263051j -0.000606731-3.60724e-06j -0.0013528+0.000747655j 0.00117121-0.000749172j -0.000130304+0.000138167j 0.000448309-0.00117527j 0.000301787-0.000613333j -0.000301516-0.000246245j -0.00114307+0.000358302j 0.000397669+0.00112713j 0.000921022-0.00156627j -0.00127938+0.000853817j 0.00166634-0.00105439j 0.0014046+0.000605603j 0.00135187-0.0013121j 0.000429423+0.000629065j 0.00108596+0.00181239j 0.00166545-0.00102933j 0.0031977+0.00122202j -0.000483983+0.00123989j -0.00188795-0.00110527j -3.96569e-05-0.00154757j -0.00100557+0.00100001j -0.00106028+0.00136356j 0.000316721-0.00104577j 0.000190517-0.000237655j 0.000657049-0.000555896j -7.12875e-05+0.0015169j 0.000972879-0.000414724j -0.00108383-0.000248306j -0.00131508-0.000331192j 6.77036e-05-0.000119119j -0.00128824+0.000542135j 0.000327394-0.00164363j 0.00125665-0.000303262j 1.9391e-05-0.00282786j -0.000307314+0.00019678j -0.000840759+0.00108797j 0.000915949-0.00131826j -0.000584895+0.00135483j 0.000637242-0.000651393j 0.000729998-0.000356986j 0.000702786-0.00172475j -0.000675899-3.33821e-05j -0.000884948-0.0011684j 0.000723184-0.000955545j -0.000897193-0.00014762j -0.000842717-0.000260928j 0.0010376-0.000453948j -0.000593832-0.00134617j -0.00198711-0.00146849j -0.00084618+0.00206983j -0.00183486+0.000480926j 0.00103618-0.000342908j 0.000151182-0.000147004j -0.000579318+0.000166973j 0.000409587-5.05747e-05j -0.000874068+0.000429423j 4.15693e-05+0.00246641j -0.000518608+0.00140204j 3.15378e-05-0.00160301j 0.00104339-2.27162e-05j -0.000305205-0.0017142j -0.00145068-0.00196173j -0.00172065+0.00120867j -0.00357415-0.000738346j -0.000981587-0.000832227j -0.0018291-8.61916e-05j -0.00316219-0.00153226j 0.000335636+0.000368245j -0.000799594-0.000677907j 0.000315886-0.000158794j 0.00291466-0.000435575j -0.000380676-0.000177548j 0.00052946+0.00101953j 0.00239803+0.000994294j -0.000120678-0.00016332j -0.00127687+0.000673399j -0.00207092-0.000149763j 0.00114874-0.000540929j -0.00167929-0.00060267j 0.000367203+0.000981405j 0.000460007+0.00248988j -0.000955546-0.000314396j -0.00134196+0.000409517j -0.000910344+0.000293189j -0.00246577+0.000521726j -0.00108442-0.000571341j 0.000147885+7.61398e-05j 0.00111776+0.000888185j 0.00248127+0.0022601j -0.000896933-0.000908721j 0.000691908-0.000390384j 3.84117e-06+0.000371354j -0.000553943-0.00157831j 0.00181237+0.00125854j 0.000375353+0.0021416j -0.00171702+0.000112731j -0.00103441-0.000642156j -0.000181715-0.000732579j -0.000381677+0.00128436j -0.000651-0.00095692j 0.000613065+0.00010351j -0.00115753-0.000940199j -3.26803e-05-0.000979022j 0.000510686-0.000296374j -0.000183396+0.00109979j -0.0012377+0.00159332j 0.000550005+0.00197985j -0.00205062-0.00106971j -0.000912599-0.000694367j 0.00039015+5.00183e-05j -0.00228199-0.00135742j 0.000516592+0.000218619j -0.00130419-0.000438944j 0.00130643-0.00167991j 0.000365901+0.000290442j 0.000865391+0.00185504j 0.000147764+0.00271916j -0.00184724+0.000502676j -0.000427912-0.00050431j 0.00344722+0.000534108j -0.0020542+0.000744279j -0.00238464+0.00057729j 0.00126489+0.000820778j -0.00156112+0.0011708j -0.000910445-0.00198814j 0.000409292-0.00217681j 0.000480645-0.00317334j -3.5233e-05-0.00222159j -0.000862723-0.00156434j -0.000267664-0.00113358j -0.00119497+0.00169121j -0.00213731+0.000773991j 0.000728588+0.00070175j -0.00240744-0.00155122j -0.000648195+0.00266608j -0.000828528+0.00149014j -0.00101382+0.00172592j 0.00113636-0.00232261j -0.00163425+0.000140027j -0.00242376+0.00102201j -0.00142524-0.00143673j -0.00247992+2.10111e-05j 0.000682403+0.000935777j -0.00132338-0.00114649j -3.10477e-05+0.00035152j 0.000101511+2.29109e-05j 0.00155623+0.000330959j 0.000629615+0.00122879j -0.000498575-0.00467709j -0.00156343-0.00374455j 0.00203615-0.00185466j 
-0.000801911+0.000592052j 0.000342725-0.00125893j 0.00157387+0.000369246j 4.60736e-05+0.00155196j 0.00148097+0.000630783j -0.000454236+0.00060529j 0.000508661+0.00130361j -0.00157085-0.00136914j 5.33319e-05-0.00147486j 0.000374681+0.000490039j -0.00105424+0.000474612j 0.00012165+0.00062737j 0.000680758-0.000395803j 0.000167652-0.0015981j -9.25414e-05-0.000826593j 0.000201614-7.31441e-05j -0.00039448+0.000596706j 0.00235822-0.000239499j 0.000386106-0.00101061j 0.000342646+0.000902237j 0.000826799+0.000740289j 0.00113096+0.000183911j -0.00172499-0.00041017j -0.00177315-0.000111622j 0.00220257+8.12058e-05j -0.000861558+0.00273395j -0.00349577-0.000582073j 0.000562917-0.00333989j 0.002499-0.00231107j -0.00404905+0.00034916j -0.000998043+0.000181573j 0.00205052-0.0013539j 0.00179871+9.85559e-05j 0.00188926-0.00345843j -0.00180935+0.00306968j 0.00144173+0.0029635j 0.000259626-0.00202161j -0.0011921-0.00265212j 0.000197259+0.00032908j -0.00126995+5.78108e-05j 0.00322611-0.000814836j 0.000404572+0.00118347j 0.00300184-0.00370867j 0.000840739+0.000262745j -0.00344359+0.00154041j 0.00449482-0.00259151j -0.00107968+0.00109656j 0.00155645+0.00219948j 0.00244701+0.000343056j 0.00085441-0.00207307j -0.00133792-0.000403159j 0.000676277-0.00185849j -0.000916574-0.00100766j -0.000616022-0.00108309j 0.000563234-0.00117528j 0.0010025-0.000894263j 0.00068619-0.0018747j -0.00190299-0.0020829j -0.00139989+0.00205607j -0.00245617-5.14652e-05j 0.00139125+0.000271845j 0.000504261-0.0014266j -0.000119326-0.00154418j 0.000102647+0.000270712j 4.49821e-05-0.001693j 0.000181317+0.0034247j -0.00196818-0.00187662j 0.000921012-0.00123604j 0.00170002+0.00293237j 0.00246317-0.00146625j -0.00231057-0.00385223j -0.000467682-0.003593j -0.00678558-0.00336819j 0.000358696-0.000779888j -0.00408544+0.00124316j 0.00275308-0.00478576j 0.000301009+9.88459e-05j 0.00107374-0.00214188j -0.000326821+0.000203116j 0.00332847+0.00190001j -0.000708782+0.000145776j -0.00337359-0.002235j 0.00288177-0.00163511j -0.00302725-0.00178501j -0.00570816-0.00505694j -0.00343909-0.00228924j 0.00139156-0.000432242j -0.00172499-0.0036908j -0.000289215+0.00100705j -0.00398167+0.0012327j -0.00288864-0.00582198j -0.00375348-0.00164671j -0.00121971-8.5839e-05j -0.0027611-0.00391943j -0.000433564-0.000345623j -0.00151592+0.000557561j -0.00210106+0.00688792j 0.00110429+0.00440936j 0.000988766-0.00260505j 0.00283113-0.00352299j 0.00013232+0.00217029j 0.00232052-0.00880838j 0.000470455+0.00431978j -0.00351843+0.00603483j -0.00357402-0.00265124j -0.00277431-0.000532705j 0.0035156-0.000986152j -0.000736128+0.00637336j 0.00210365-0.00258816j -0.000588596-0.00126676j -0.00162903-0.000658051j -5.52411e-05-0.000762171j 0.00372035+0.00256405j -0.00366721+0.000832473j -0.00266992+0.0031438j -0.000740638+0.00445924j 0.000514173-0.00110292j -0.00232793-0.000525237j 0.000611563-0.000274259j -0.0035248-0.00554347j 0.00112513+0.00171026j -0.0018234-0.00224372j 0.000968446-0.00169079j 0.00201863+0.00102606j 0.00270305+0.00299504j -0.000121201+0.0022842j -0.00444648-0.00225836j -0.000647543+0.00055191j 0.00501648+0.00266156j -0.00375333-0.00154437j 0.000221082+1.25801e-05j -0.000652289+0.00206109j -0.00303738-0.000790799j -0.000805118-0.00298198j 0.00181201-0.00189809j 0.000112271-0.00231246j -0.00122508-0.00221174j -0.0030998-0.000534648j -0.00160609-0.00312664j -0.000820656+0.00133655j -0.00647053+0.00145173j -0.000613624+0.00236519j -0.000464388-0.0052143j 4.40377e-07+8.53826e-05j -0.00304089+0.001879j -0.00495353-0.000796286j 0.0053011+0.000212262j -0.00253797-0.00171456j -0.00343876-0.000217903j 0.00101076-0.000699172j -1.86373e-05-0.00281208j -0.000468998-0.00165048j -0.00301712-0.00213441j -0.0022667-0.000484117j 0.000615747+0.000782723j 0.00222488+0.00186743j -0.00161794+0.00133329j 0.00417146-0.00653161j 0.000541797-0.00474599j 0.00384202-0.00176962j 
0.00322242-0.00053906j -0.00330447-0.000816574j -0.000250013-0.00189584j 0.00251387-0.000668765j -0.00128224-0.00218788j -0.00153563-0.00137309j 0.00220587-0.00134835j -0.00130491+0.00134865j -0.00285226+0.000304842j -0.00060292-0.00165047j 0.00293832+0.001783j 0.0011718+0.000527522j 0.00136775-0.000913497j 0.00158552+0.00119606j 0.00110734+0.00139622j -0.00327992+0.000214336j 0.00111042+0.00173895j 0.00382297-0.00241328j -0.00101275+0.00324557j 0.00246251+0.000209063j 0.00142631+0.0026978j 0.00681351-0.00571629j 0.00333527+0.00276177j -0.000409089+0.00471462j 0.00447492-0.00494571j 0.00432428+0.00183328j 0.000753818+0.00291766j -0.00233018-0.00118064j -0.00439951-0.00177955j -0.00154381-0.00308332j -0.00138049-0.00106799j -0.00185983-0.00591604j 9.21604e-06+0.000741126j -0.000209235-0.00396615j 0.00285968+0.00507379j -0.00122776+0.00117803j -0.00330433-0.0039661j -0.000432222-0.00232315j 0.00101382-0.000986636j -0.00270042+0.00107624j -0.00273534-0.00349294j -0.00110218-0.00276218j 0.0010471-0.00263825j -0.000699507-0.00106791j -0.000469104+0.00532206j 0.00309292-0.00402749j 0.000892051+0.00143849j -0.000177158-0.00117279j 0.00476155-0.00183015j 0.00130006-0.00161269j -0.00263901-0.00226604j -0.000782701-0.00424237j -0.00161546-0.00530545j -0.00170252+0.00170089j -0.000841643-0.00282982j 0.000523297-0.00028791j -0.00316999-0.0026692j -0.00572287-0.00152716j 0.00111491+0.00449833j -0.00307129+0.00226475j 0.00308978+0.00106893j -0.00104984+0.000616107j 0.000336486-0.00136575j 0.00127942+0.00188983j -0.00184423-0.00051846j 0.00355494+0.00241382j 0.00090202+0.000138475j -0.00011617-0.000576685j 0.00242342-0.000147717j -0.000803078+0.000706192j -0.00256962-0.00157777j -0.00206727-0.00014222j -0.00182077+0.000933294j 0.000891625+0.00121162j 0.00221275+0.00145388j 0.00262185-0.00179128j 0.000984874+0.00353069j -1.66487e-05-0.000948174j -0.00219974-0.00220196j 0.0032868+0.00115208j 0.00390377-0.00216405j -0.00270843-0.00117451j 0.00428895-0.000366978j 0.00145438+0.00439087j 0.00143116+0.00176236j -0.00223709+0.00180751j 0.00138599-0.00213434j -0.00290156+0.000154837j -0.00344705-0.000571413j -0.000405309-0.00092036j 0.000653297-0.0007598j 0.00127232-0.00169705j -0.00260091+0.00309269j -0.00116594+0.00470316j -0.00248118-0.0021622j 0.00733898+0.000326555j 0.0016853-0.00361912j 0.0017134-0.000243089j -4.46151e-05+0.000407442j -0.00129+0.00111872j 0.00105248-0.00124105j -0.000512636-0.000863034j 0.000189456+0.00447509j 0.00190868+0.00239358j 0.002554+0.00279175j 0.000573978+0.00305896j -0.000783154-0.000138958j 0.00127904+0.00148598j -0.000751999-0.000686071j 0.00108681-0.00327405j -0.00373015-2.23907e-05j -0.00169579-0.00200127j -0.00124496-0.00541356j -0.00231692+0.00386459j -0.00242196+0.00103639j 0.00056827+0.00804552j -0.00444122-0.00426984j -0.00348174+0.000788263j 0.00144206+0.00122266j -0.00107349-0.00266462j -0.00134446+2.90578e-06j -0.00168268+0.000214844j -0.00224188-0.00289045j -0.00324585-0.00426024j 0.00340562+0.00263678j 0.0064343+0.00418158j -0.000840653+0.00163733j 0.00176858-5.27488e-05j 0.00311114+0.00549046j -0.00244548-0.000339491j -0.00651769+0.00405161j 0.00250728-0.0019007j -0.00143424+0.00449972j -0.00139825+0.000505903j 0.00181767-0.00345099j 0.000298576-0.00136562j -0.00114016+0.002568j -0.00370727+0.00295913j -0.000259608+0.00327386j 0.000250877-0.00164548j 0.000427761-0.00188461j -0.00127366+0.00125974j 0.00188136-0.00217463j 0.000864475+0.00134777j -0.00405791-0.00344756j 0.00553064-0.000912072j -0.000557013+0.00144455j 0.00151719-0.000634232j -0.000105341-0.00346096j 0.000595336-0.00138756j -0.000864339+0.00107781j -0.00672742-0.000841162j 0.000644981+0.00536269j 0.00177681-0.00618631j -0.00179324+4.48223e-05j 0.00100839+0.00324916j -0.000209252-0.00187009j -0.00102808-0.00406232j -0.00319979+0.00268782j -0.00605381-0.00449765j 
0.00379402+0.000632898j 0.00246414-0.00287178j -0.00175752-0.00106098j 0.000685849+0.000322715j 0.00137522+0.00233293j -0.00043941+0.00277155j -0.00137122+0.00561188j 0.0032793+0.00183197j -0.00164174-0.000622692j -0.00340749+0.0031128j 0.0046814+0.000994713j 0.00395792+0.00375637j -5.18029e-05-0.00185087j -0.00102354-0.00466269j -0.00117261+0.000468477j -0.000837221+0.00395111j 0.00224035+0.0020897j 0.00033077-0.00295665j -0.00175369+0.00118331j 0.00143525-0.00038627j 0.000439982+0.000316971j 0.00455161-0.00510792j 0.00268249+0.00229992j 0.00117667+0.00310036j 0.00363193-0.00457707j 0.00183176+0.000153416j 0.000689817+0.00205763j -0.000158862+0.000312487j 0.000174853-0.00339361j 0.00123495+0.000809688j 0.000443737+0.000596185j 0.000654552+0.00152412j -0.00362887-0.000272468j 0.0049882+0.00232935j -0.00484654-0.00417893j 0.00525671-0.00380012j -0.00244384+0.00102049j -0.000669045+0.00391418j -0.00316698-0.00280053j 0.00355436-8.76099e-05j 0.00173202-0.00209042j 0.00432642+0.00888339j -0.00401749-0.00177821j 0.00194158-0.000840702j -0.00452205-0.00390024j -0.00214026+0.00318045j -0.00046381+0.0018999j 0.00185349-0.000451117j -0.000905682-0.00264025j 0.0029259-0.00787603j 4.14119e-05+0.00232514j 9.3077e-05-0.00152415j -0.00064246-0.000624605j 0.00350129-0.00074428j -0.00234936-0.00251104j -0.00149617+0.00138777j -0.00240916+0.00208935j -0.00185722+0.000614477j -0.000568257+0.00346176j 0.000286582-0.000617809j 0.000216027-0.000739873j 0.00435298+0.00206628j -0.00052013+0.00132898j 0.00239157+0.00210844j -0.000160608-0.00313231j 0.00453191+7.34057e-06j -0.00297901+0.00101973j -0.00420507-0.00353703j 0.00177932+0.00142418j -0.000293071+0.000298094j -0.00536986-0.00177069j 7.67662e-05+0.000524027j -0.00470949+0.000848915j -0.00131035+0.00295571j -0.00323686-0.000750733j -0.00100357+6.35441e-05j -0.00131059-0.00226484j 0.00116562+0.00197419j 0.00389132+0.000993924j 0.000817054+0.000258991j 0.00100959+0.00276926j 0.00238851+0.00180806j 0.00252694-0.000745083j 0.00339225-0.000872177j 0.00163583+0.00402181j -0.00177887-0.00213058j -0.0019238+0.00325765j 0.00147222-0.00172913j 0.000339121-0.00140103j 0.00266556-0.000517556j -0.00201761+0.00205172j -0.00124488+0.00306683j 5.13738e-05-0.00118837j 0.000891809-0.00128124j -0.00124524-0.00185479j -0.00393569-1.8861e-05j 0.00204784-0.0019167j 0.00215989+0.000242983j 0.000111987+0.00134047j 0.00126231+0.00298784j 0.00137699-2.50604e-05j -0.00115985-0.000684943j 0.00713809+0.00212934j -0.0026084-0.000713389j -0.0012477+0.00106201j 0.00271602-0.00174694j -2.47425e-05+0.00292929j -0.00237308+0.00169729j 0.00411686+0.00160432j -0.000217007-0.00354311j 0.00137488-0.000377908j 0.00113539-0.00227481j -0.00127399-0.00168983j 0.00271725+0.00535062j 0.00096906+0.00524088j 0.00040987+0.000118849j -0.00102812-0.00171357j 0.000919325-0.00108622j 0.000891714-0.002154j 0.00327284-0.000979079j -0.00110722+0.000206455j -0.000865074-0.000976073j -0.00402516+0.00217401j -0.00224718+0.00434911j -0.0019437+0.00292633j -0.00286292+0.00178672j -0.00230408-0.000460888j 0.000809853+0.00115116j 0.00139645-0.00181801j -0.0014505+0.00237034j -0.00395029+0.00151014j 0.00403748-0.000278211j 0.00369406+0.00314966j 0.000689796-9.2846e-05j -0.0024578-0.000840385j -0.00145816+0.00106066j 0.00523398-0.00149433j -0.000710639+0.000368633j -0.0029012-0.0030608j -0.00457992-0.000219686j -0.000365483-0.00273218j 0.00289513+0.00251204j 0.00344691-0.00161435j 0.00167448-0.000267885j -0.00146044-0.00101668j -0.0038541-0.000716593j -0.00397616-0.00276337j 6.04246e-05-0.00124734j 0.00570798+0.00178845j 0.00231559-0.00101337j -0.00101708-0.000709864j -0.00157477-0.00248733j -0.00496869-0.000876409j 0.00324682-0.00173907j 0.00049856-0.000547986j -0.00179958-0.000615889j -0.000196057+0.00271164j 0.00573742+0.00095222j 0.000809357+0.000985647j -0.000597053+0.00192522j 
0.000441483-0.00073052j -0.00207324+0.00134302j -0.000997743-0.00142003j 0.000964863-0.000318824j -0.000918265-0.0010533j -0.00030709+0.00129099j 6.83055e-05-0.000730325j 0.000810307+0.00118254j -0.000626669+0.00131626j -0.00364376+0.000934874j 0.00231444+0.000323534j -0.000858261-0.000137588j 0.000372749+9.42396e-05j 0.000364081-0.00067209j -0.00131114-0.000630855j -0.0022579+0.000855246j -0.00119747+0.000124917j 0.000784701-0.000907113j 7.8727e-05+0.000391201j 0.00338046-0.000799959j 0.00173918+0.000162213j 0.000422421-0.00370475j 0.0005527-0.00143945j 0.000215482+0.00127864j 8.79425e-05-0.00110067j -7.01209e-05+0.00186453j -0.00174062+0.00150789j -0.0019441-0.000304333j -0.00190564-0.000307758j -0.000536551+0.00148025j -0.00011395-0.000591245j -0.00110221-0.00289111j -0.00537749-0.000374857j 0.00205287-0.00334885j 0.00105083-0.00170078j 0.000691548-0.0035365j -0.00166595+0.000619599j 0.000862995-0.000681696j 0.000108334+0.000512256j -0.00298235+0.000922481j 0.00101678-0.00148838j 0.00200177+0.00123805j 0.00236762-0.00307993j -0.000541863+0.000641942j -0.000584125+0.000341684j -0.000560041-0.000758787j -0.00126323+0.00152918j 0.0016606-0.00248668j -0.000519197-0.00272668j 0.000914259-0.00297062j -0.0013644+0.00158095j -0.00130747-0.00234417j -0.00264339-0.000535344j 0.00379797-0.00155986j -0.00155565-0.00164276j 0.000373856+0.00173423j 0.000323319+0.00156715j 0.00183087+0.00215944j 0.00192113-0.000553732j -0.000317656+0.00123556j 0.0056872-0.00395789j 0.00325894-0.000715059j 0.0016941-0.000151918j 0.00244174+0.00367132j 0.000731615-0.00193893j -0.00142183-0.0020933j -0.00160805+0.00100086j -0.00231138-0.00122358j 0.0016084-0.00173187j -0.00109585-0.00169305j -0.000359631-0.000629158j -0.000556838+0.000202892j -0.0012883+0.00290627j 0.00112656+0.00180721j 0.00266357+0.000101207j -0.00081191-0.00311462j 0.00103986+0.00127525j -0.00106076+0.00113466j 0.00184373-0.00126037j 0.000761119-0.000877369j 0.00278144+0.00322896j 0.00144075+0.00146296j -0.000173651-0.00178325j -0.000353139+0.00101632j -0.00109473+0.000660688j -0.00038853+0.0015711j 0.000489762-0.00222334j -0.00102488-0.00015088j -0.00386178+0.00080778j -0.00266689+0.000715139j -0.00138068-0.00143496j -0.00129754-0.000686922j 0.0023071-0.00127536j -0.00148097-0.00427536j -0.00250045+0.00357152j -0.000466202-0.000275996j 0.000416561+0.00125283j -0.000273776+0.00288752j 0.00100578+0.000980762j 0.00109933+0.00130604j -0.00152794+0.00156233j -0.00153223-0.0020626j 0.00239626-0.00110763j -0.00197865+8.56636e-05j 0.00133944+4.29495e-06j 0.00196616+0.000450629j 0.00130284-0.000390124j 0.00100793+0.00236901j 0.00015587-0.000425429j -0.00271034+0.000295j 0.0016139-0.000295171j -2.28541e-05-0.00082872j 0.000208999+0.000175542j 0.00107644+0.00159837j -0.00117365+0.000577751j 0.00289811+0.00494823j -0.001602-0.000399926j -0.00166476+0.000835554j 0.000326944-0.000399392j -0.00197193-0.000275944j 0.000326493+0.000824909j -0.00039074-0.000127734j 0.000465558+0.0020125j -0.00218508+0.000108068j 0.00104192+0.000102671j 0.000913647-0.00326718j -0.000752773-0.00114033j -9.79087e-05-0.00212011j 0.0034618-0.00109742j 0.00062493+0.00359548j 0.000255221+0.0034563j -0.00195353-0.00088897j -0.000215635+0.000795884j 0.00153577+0.00024253j -0.00127185-0.000406746j 5.30919e-06-0.00405783j 0.00166271+0.0017564j -0.00241885+0.0015243j -0.000840113+0.0019171j 0.00131605-0.00166052j 4.73399e-05-0.000260973j -0.00352426+2.60403e-05j -0.00100486-0.00373368j -0.00191634-0.00315515j -0.000970496-0.00163863j -0.0033849+0.00352858j -0.000846976+0.000480733j -0.000712548-0.000992087j 0.00196863-0.0018386j -0.000347437-0.00084356j -0.00402104-0.00209827j -0.00369066-0.000884892j -0.0023028-0.00257226j 0.00278721-0.00268578j 0.00115103-0.00357569j -0.00334502+0.00058576j -0.00142536-0.00393944j -0.00161929-0.00339646j 0.00450504+0.00336237j -0.00379053+0.00300921j 
0.00532174+0.00239047j 0.00402933-0.00816713j 0.000880508+0.00266796j -0.00183886+0.00242783j 0.000725269+0.00239058j 5.63285e-06+0.00203605j 0.0010784+0.00265838j -0.00217989-0.00116523j -0.00105315-0.00374003j 0.00588147-0.00192951j -0.00329556+0.00190936j 0.00405827+0.000439834j -0.00124122+0.000663844j -0.00303594-0.000526322j 0.00217149+0.000619585j 0.00399152-0.00127998j 0.000221526-0.0014915j -0.00232765+0.00155622j -0.000656994-0.00530861j -0.00247732+0.00306349j -0.00377162-0.00248489j 7.81005e-05+0.00246295j -0.00136231+0.00159325j -0.0026052-0.00135317j -0.00142813-0.000930047j -0.00323351-0.00187551j 0.00162038-0.00113336j 0.00397015-0.000320158j 0.00016429+0.000379735j 0.000707431-0.00133985j 0.000607776-0.000191998j 0.00107406+0.00416478j 0.00104051-0.000692849j 0.00494877+0.00039936j 0.00310113-0.00060753j 0.00182569+0.0037238j 0.0022759+0.000369597j -0.000470251-0.00146873j -7.87683e-05+0.00259129j 0.000919684+0.00270901j 0.00202246-0.0019236j 0.0005261+0.000456622j 0.00239114-0.00286998j -0.000231222+0.000299468j -0.000775822-0.00195699j 0.00121241-0.000181977j -0.00199529+0.00117232j -0.000899514+0.00318384j -0.000975224+0.00390807j 0.000737853-0.000949993j 0.00142251-0.000747636j 0.00338225+0.00271503j 0.00419368+0.000469617j -0.00250021+0.00267275j 0.00218141+0.00172547j -0.00211717-0.00243183j 0.00204347-0.000335146j -0.000942502+0.00138548j 0.00201205+0.00119431j -0.00154973-0.000834757j 0.00206139+0.001653j 0.00108424-0.003164j -0.00150085+0.00112147j -0.000694694+0.000580142j 0.00043355+0.000998312j 0.0022469-0.00161693j -0.00295706-0.0019238j 0.00126658+0.00161658j 0.00136603-0.000327929j 0.00165295+0.00194668j -0.00152491+8.63312e-06j 0.00137628-0.00222906j 0.000182338+0.000877603j -0.00151033-0.00208113j -0.00335911+0.00244516j 0.0033641+0.000539304j -0.00270639-0.00315923j 0.00361404-0.00326299j 0.00160984+0.000690538j -7.61073e-05+0.000332838j -0.00595054+0.00286414j -0.0024711-0.00238119j -0.00534242-0.00683096j -0.000679774+0.000451585j -0.0041645+0.000254347j -0.00336031+0.000639222j 0.00213162+6.92512e-05j 0.000172481-0.000573299j 0.00320996-4.50884e-05j -0.00313172-0.00017295j -0.00312626-0.000812389j 4.24878e-05-0.000378518j 0.000870843-0.00132169j 0.0011739-0.00156746j 0.000979492+0.000541621j -0.000444028-0.00203148j 1.9039e-05+0.00209946j -0.00225254+0.000445437j -0.000374542-0.00183818j -7.70061e-05-0.00234429j -2.50829e-05+0.00401975j -0.00129855-0.00483112j -0.000132239+0.000156991j 0.0029311+0.00385178j -0.0034418-0.00318816j -0.00223837-0.00440294j 0.00196645+0.000620832j -0.000534987+0.00518485j 0.00126516+0.000617484j -0.00267585-0.000288129j -0.000615035-0.00159252j -0.0016456-0.000882405j -0.000421651+0.00414582j -0.000380737-0.00329055j -0.000530035-0.00168078j -0.00164879-0.00142001j -0.000247587+0.00138196j 0.000887982-0.00239836j -0.000835272-0.000532627j 0.00129223+0.00147863j -0.000136185-0.000712935j -0.00163245+0.000177634j 0.00311636+0.00155188j 0.00451102-0.00109739j -0.000715713-0.00177962j -0.00261951+0.00274105j 0.00163988+0.00382202j -0.00133638+0.00160365j -0.00295285-0.00027722j 0.000688001-0.00173611j 0.00285761-0.00509158j 0.000996597-0.00496823j 0.000562699-0.00291691j -0.0028952+0.00471374j -0.00296978+0.00616238j -0.00190229+0.00512601j -0.00461911+0.00636059j 0.000247006+0.0036425j -0.00370932-0.000372637j 0.000252972-0.00200469j -0.000308222+0.000534344j 0.00252587-0.000584353j 0.00701373-0.00232217j 0.00020794-0.00502921j -0.00117812+0.0012924j -0.000550311-0.00422322j 0.00117666+0.00265757j 0.000198492-0.00137221j 0.000386983+0.0029352j 0.000814619+0.00384368j 0.00404035+0.000227235j -0.00176571-0.00433542j -0.00099999-0.000977757j -0.00265985+0.00037724j -0.000319665+0.00207516j 0.00268573+0.000628248j -0.00164479+0.00382423j 0.00509865+0.00154359j -0.00488777+0.00169321j -8.9114e-06-0.00460172j 
0.000553573+0.00265734j 0.00228004+0.00069468j 0.000321861+0.000710332j 0.000166402+0.00150249j -0.00116222+0.000405947j 0.00264188+0.000128869j -0.00217974-0.00119533j -0.00239258-0.000699796j 0.0024213-0.000301797j 0.0029403+0.00210693j -0.0025602-0.000180477j -0.0020217-0.00126246j 0.000126887+0.00162097j -0.00380325-0.000427663j -0.00116226+0.000797407j -0.000102054+0.00108636j -0.00199358+0.00102579j -0.00186779-0.000319049j -0.0047306-0.00372493j 0.00299838-0.00294152j -9.3693e-05-0.0036009j -0.00053729+0.0029866j -0.00133565+0.00170061j 0.000520877+0.00165026j -0.00142788+0.0015333j 0.00204221+1.02874e-06j 0.00345978+0.00189926j -0.000476318+0.00027149j -0.0014128-0.000296941j 0.00500689+0.0020265j -0.00208822+0.00316252j 0.000265247+0.00588752j 0.00298719+0.00149659j -0.00084704+0.000522749j 0.00348552-0.000492392j 0.00107903+0.000948228j 0.000626772+0.000974416j -0.00324807-0.00236225j 0.00239466+0.00307672j -0.00396064+0.00485191j 0.00245123-0.00238758j 0.00151298-0.00168674j -0.000237165-0.00713774j 0.000652148-0.000357624j -3.96314e-05-0.0012152j 0.00226531-0.00145348j -0.00328971+0.00161479j -6.50253e-05-4.02446e-05j -0.00237239+0.00268286j 0.00292067-0.0012218j 0.00136653-0.000218728j -0.00288276+0.00490685j 0.00675313+0.0021233j -0.00877428-0.00118327j -0.000637566+0.00335973j 0.00423589-0.00668548j -0.000429267-0.00381805j -0.0040033-0.00498887j -0.000882662+0.00470502j -0.00277145+0.000822607j 0.0010014+0.00140481j -0.00224411-0.00263504j -0.00438598+0.00114637j -0.000306142-0.000402675j -0.00237202+0.00415412j -0.000937871+0.00239414j -0.000849666+0.00415587j 0.00091773+0.00111768j -0.00189355-0.00510565j -0.00192686+0.000842007j -0.00186813+0.00172461j -0.000404182+0.00118922j 0.00373089+0.00530132j -0.00375147-0.00492268j -0.0034812+0.00358751j -0.00378649+0.00462899j -0.00244961-0.0042931j 0.000380971-0.00125255j 0.000220789+0.00198562j -0.00272899-0.00305807j -0.00376453-0.00017086j 0.00521803+0.00374462j -0.00100336+0.0015473j -0.000217546-0.00292964j 0.000675951+0.00132755j 0.000493329-0.000453087j 0.00421291-0.0010735j 0.00213176-0.00124485j 0.00334328+0.0004834j 0.00154113+0.00306505j -0.00123419-0.00218609j -0.00264784+0.000289341j -0.000119869-0.000468141j -0.00247597+0.00323452j 0.00359289+0.0001034j -0.00109354-0.00252194j 0.0035917-0.000842855j 3.90185e-05+0.00253295j -0.00228691-0.000198501j 0.00289255-0.00014218j -0.00126111+0.00429386j 0.00104947-0.00130099j -0.00131854+0.00170623j 0.000961321+0.000747954j -0.00386309-0.00217878j 6.58369e-05-0.00306452j -0.000540333-0.000552765j -0.00234493+0.00030649j -0.00121551+0.00352886j 0.00102773+0.00509777j -2.37191e-05-0.00364384j 0.000966025-0.00185771j 0.00155317+0.00242778j -0.00235998-0.00337456j -0.00179348-0.00111923j 0.00021247-0.0015023j 3.68593e-05+0.000787922j 0.00121009-0.00157008j -0.000283057-0.0020897j 0.000144346+0.00130734j -0.000169812-8.73253e-05j -0.00335239-0.00611262j 0.00449837+0.00102312j 0.00225352+7.89325e-05j -0.000865646+0.00185756j -0.00734032-0.000662259j -0.00215353-0.00103517j -0.000301578-0.00127288j 0.00305322+0.00283894j -0.000867531+0.000384716j -0.000216681-0.003274j 0.00130671+0.00241516j -0.00356901-0.00198384j -0.0013332-0.00225787j -0.000433276+0.000234552j 0.000852807-0.00195771j 0.00237035-0.00118224j 0.00418576-0.00129801j 0.000162563+0.00226458j -0.00153502+0.00219596j -0.000541837+0.00163746j 0.00103308-0.00095977j -0.00170326-0.00254335j -0.00321817+0.00375419j -0.00291958+0.00135019j -0.0062671+0.000614708j 0.00381293-0.00351308j -0.00269448+0.00074839j -0.00429622+0.00389604j -0.00340916-0.00134499j 0.00109615+0.00132889j 0.00330948+0.00456339j -0.00394544-0.00359322j -0.00312566-0.00288836j -0.00398339+0.00161077j 0.00568021+0.0016492j 0.000717905+0.00448998j -0.00564316-0.00249419j -0.00508974-0.00616253j 0.00350534-0.00454073j 
-0.00409725+5.9008e-05j 0.000623142+0.00716497j -0.00184972-0.0010512j 0.000864699-0.00133558j -0.000739735-0.00272294j -0.00495024+0.00197426j 0.000259474-0.00254033j 0.00010771-0.00218053j 0.00138636-0.00274125j -0.00644093+0.00338727j 0.00249735-0.00326643j -0.00390407-2.8545e-06j -0.000166505-0.00096681j 0.00022668-0.00110035j -0.00132193-0.00206421j -0.000755473+0.00114989j 0.00274925-0.00185311j 0.000748683-0.00440461j 0.00473776+0.00314096j -0.00124378+0.000341677j 0.00439894+0.000147668j -0.00191741-0.00118165j -0.00251625-0.0032117j 0.00123745+0.00101221j -0.00264756+0.0032696j 0.0022695+0.00182618j 0.000200867-0.0019833j -0.00155632-0.000490482j 0.000955632+0.00115356j 0.00231717+0.00125821j -0.00398426+0.000912885j 9.68204e-05+0.00175965j -0.00302369-0.00381955j 0.00220685-0.00124341j -0.000391285+0.001944j 0.000691537-0.00318302j -0.0037132+0.00180735j -0.000486278-0.00131673j -0.00086428+0.00237352j -0.00413095-0.00098863j 0.003882-0.00065818j 0.00229344-9.91243e-05j 0.00324892-0.000536548j -0.00155933+0.00230953j 0.00291568-0.000557157j -0.00304631+0.000149232j -0.00146222-0.00368632j 0.000887419-0.00240252j -0.00182-0.00411956j 0.0029165+0.00354502j 0.00208256+0.00113972j -0.00487936+0.00358534j 0.000936614+0.00378804j -0.00225055-0.00185148j -0.00365127+0.00012689j 0.000998021-0.00292382j 0.00251092-0.00261967j 0.001248-0.000312563j -0.000575513+0.00178997j -0.000935439-0.000254927j 0.00305757-0.00127499j 0.00113836+0.000791273j -0.00161551+0.00145809j -0.00097484-0.00195294j 0.000521762+0.00361724j -0.00205785-0.000406385j 0.00214566+0.0040629j 0.000598778+0.000316848j -0.00308203-0.0026238j 0.000342216-0.00028924j 0.004418+0.00439402j -0.001763+0.00268946j 0.00581772+0.0013888j -0.00106321-0.00101205j 0.00237453+0.00171425j 8.08955e-06-0.000809896j 0.000881892+0.00165794j -0.000818047+8.70762e-05j 0.00329948-0.00601793j 0.00116829-0.000385243j -0.00832355+0.00663587j -0.000952911-0.00435741j 0.00299868-0.00258188j -0.00230637-0.00139556j 0.00128815+0.00443855j -0.000794592+0.00229245j 0.00167206-0.00627385j 0.000260351-0.00191434j -0.0023354+0.00339415j -0.000581777+0.00181919j 0.00494195+0.000319025j -0.000892111-0.00812759j 0.00381287-0.00913558j 0.000734407-0.00554747j -0.000976681+0.00557744j 0.00196006-0.00278997j 0.00217571-0.00293732j -0.00078573+0.00435436j 0.0022148-0.000360377j 0.000146225+0.00664635j -0.00204113+0.00443286j -0.000787149+0.00222923j -0.00272486-0.00140885j -6.58134e-05-0.00315729j 0.00423602-0.00186528j 0.00303723-0.00121095j 0.00156961+0.00218456j -0.00135711+0.000562708j -0.00300027+0.00118388j 0.00136073-0.000737915j 0.00334133-0.000972568j 6.7479e-05-0.00210473j -0.000638402-0.00134759j -0.000441777-0.000299556j -0.00377621-0.00293538j 0.00301246+0.00388552j -0.00222717-0.00164922j 0.00200843+0.0004774j -0.00310668-0.00204386j -0.000286452+0.00199583j -0.000431209-0.00135543j -0.0014984+0.000560355j -0.00195516+0.00440037j -0.00329999-0.00377664j 0.00085184-0.000537279j -0.000706866-0.00358679j 0.00102334+4.14708e-05j -0.00033387+0.00200817j -0.00282106+0.00333899j 0.00298812+0.000364378j 0.00255297+0.00177307j 0.000341381-0.00278756j -0.000622921+3.41741e-05j -0.00187894+0.00113628j -0.00460567-0.00056799j -0.00397576+0.00322435j -0.00209549+0.00303549j -0.00454875+0.00386927j -0.000102887+0.00115965j 0.00441862-0.00189089j -0.000925815+0.00269429j -0.00265343-0.00147931j 0.000827329+0.00330779j -0.00123967-0.00561605j -0.0016686-0.00368753j -0.00721448-0.000221465j 0.00128676-0.000964769j -0.00133144+0.000982364j -0.000586465+0.000531269j -0.00145121-0.000765347j -0.00308254-0.0015289j 0.00319337+5.56981e-05j 0.00176157-0.00319074j 0.00019853-0.00134074j 0.00157221+9.92797e-05j -0.00115154-0.00278168j 0.00379367-0.00144115j -0.000199285-0.000412641j -0.00410824-0.00716486j 0.00733455-0.00368849j 
-0.000210528+6.92943e-05j 0.000293997+0.00374839j -0.00167397-0.00126176j 0.0016415-0.000840506j -0.00115386-0.00128126j -0.00151944-0.00211392j -0.00040579-0.00040786j 0.00142904-0.000144679j 0.00339663+0.000781136j -0.00187838+0.00194638j 0.00192568-0.000914286j -0.00252917-0.000485333j 0.000799704+0.000210219j -0.000582315+0.00111714j 0.0012451+0.00102237j 0.000771921+0.00153787j 0.00302324+0.000938013j 0.00264483-0.00176132j 0.00409462+0.0052938j -0.00448374+0.000843505j 0.00281284+0.00309854j 0.000165211-0.00101017j -0.00050021+0.00168469j 0.0022725+0.00221488j -0.000894159-0.00108764j 0.00356727-0.000435641j 0.00332651+0.00101516j -0.0012569+0.000276191j -0.0034003+8.13214e-06j 0.00161777-0.00290276j -0.00175404-0.000298718j -0.000195199+0.00212147j 0.00628851-0.000544952j -0.00238601+0.00639526j -0.00534403+0.00170101j -0.000207998+0.000125488j -0.00386747-0.00190218j -0.000291+0.00243379j -0.000353223-0.00406883j 0.00413111-0.00380907j 0.000684157+0.000268545j -0.000446317+0.00275685j -0.00440454+0.00247626j 0.00343437+5.42982e-05j -0.0038793-0.0010894j 0.000492862+0.00497435j 0.00341907-0.0021895j -0.00341077+0.00107946j 0.000431067-0.00136391j 0.00268512-0.00100888j 0.00197529-0.00132973j -0.00393287+0.00202634j 0.000849644-0.00200739j -0.00445542-0.00418119j -0.000993481-0.00206845j 0.00286454-0.00312143j -0.00267951-0.00329553j -0.00654791-0.00676182j -0.00641855+0.00703912j -0.000674578-0.000817385j -0.00872277+0.00485043j -0.00189141+0.005611j -0.00303724+0.000701779j -0.00230907-0.0032631j -0.00162999+0.00192488j 0.000529029+0.00332746j 0.002112+0.00302493j -0.00187545-0.00087272j -0.00236696-9.50389e-05j -0.000250449+0.00017417j -0.000344728+0.00155686j -0.00168831+0.00246956j 0.0031404+0.00252146j 0.000841793-0.00127837j 0.00115857+0.00303312j 0.00207301-0.00356899j 3.99439e-05+0.000389967j -0.000358237+0.000506418j 0.00174969+0.00153181j -0.00194701+3.62004e-05j 0.00166298-0.00425988j 0.000397225+0.000386575j 0.00035373+0.00276953j -0.00273488-0.00200005j -0.000687268-0.00102265j 0.00424626-0.00445131j 0.000119204+0.00298637j -0.00137661-0.00162148j -0.00261521+0.000215143j -0.000452432+0.00344451j -0.00130081+0.000305878j -0.00142104+0.000419309j -0.00142011+0.000473042j -0.000543896+0.00182136j 0.00313077-0.00387054j -0.00183152+0.000655751j -0.0010669+0.00176159j 0.00055472-0.00383478j -0.00014871-0.00402461j -0.000476618-0.00523945j 0.00136902-0.00272225j 0.00129861-0.00332651j 0.000306142-0.000410246j -4.88716e-05+0.00287717j -0.000381264+0.00114797j -0.00123665+0.00221187j 9.11284e-05+0.0028756j 0.00181665-0.00166438j -4.77436e-05-0.00361854j 0.00189747-0.00262597j -0.000622735+0.00446622j 0.00180382+0.00110712j 0.00273574-0.000558017j -0.00154939-4.96778e-05j 0.00220161-0.00170063j 0.00154881-0.00255494j 0.0011889-6.81158e-05j 0.0017913+0.00172493j 0.000581004-0.0030934j -0.00459837-0.00309696j 0.00205881-0.000138249j -0.00136843-0.00131631j -0.00248007+0.00141002j 0.00346429+0.00255808j 0.00284719+0.00131923j -0.00107246+0.000651103j -0.00520161-0.000489404j -0.00199779+0.00334688j 0.00251195+0.00333046j -0.0013651-0.00179112j -0.000969152+0.00132058j 0.00206521+0.00282445j -0.00103515-0.000151528j 0.00197559-0.00338131j 0.00233211-0.00735671j 0.000927074+0.000714658j 0.000326385-0.00659832j 0.00134695-0.00148869j 0.00419234-0.00153458j -0.00137406+0.00354781j -0.00647128+0.00141352j 0.00119524-0.000857336j -0.00682481+0.00208478j -0.00450178+0.00203927j 7.75042e-05+0.00546258j -0.0056888-0.00149313j 0.0027146-0.00144383j -0.00176514+0.00123217j -0.00139265-0.00183577j -0.00289243-6.45959e-05j -0.00413216-0.00119398j -0.000213146+0.0063224j -0.00203748+0.000494956j -0.00149421+0.00158172j 0.00264934-0.00296549j -0.00177888-0.00361869j -0.00321863-0.000758996j -0.00371854+0.00229923j -0.005026-0.00670287j 0.00449971-0.00296384j 
-0.00160579-0.00242821j 0.00140363+0.0011471j -0.00145727-0.000724603j -0.000214289-0.00416076j -0.00308867-0.000729448j 0.000289526-0.00131466j -0.00194632-0.00229858j 0.000710662+0.00301182j -0.00424088+0.00123196j -0.000461175-0.00362903j 0.000790025-0.000603747j 0.00154382+0.000894118j -0.0016558-0.00290044j 0.00362445+0.00539509j 0.00163832-0.0021795j -0.00221672-0.00292183j -0.0017441+0.000220695j -0.00235697-0.00142887j -0.00748681-0.00252502j 0.00209082-0.00154108j -0.00337005-0.00426989j 0.00469768+0.00399779j 0.0021473+0.00505008j 0.00145662+0.0043125j 0.00040698+0.00113419j 0.00546957-0.00560852j 0.00600587-0.00122071j 0.00185513+0.00212207j -0.00138015+0.0041097j 0.00150479-0.0014035j 0.000577171-0.000363795j -0.0011675+0.00105952j 0.00115311+0.000982738j 0.000140474-0.00461238j 0.00422429+0.002128j -0.00369889-0.000238282j -0.00286542+0.00216107j -0.000668441-0.00302831j -1.74594e-05+0.00158276j -0.00308571+0.00328654j -0.00184879-0.00166173j 0.000632683+0.000809632j 0.00343019-0.000411219j -0.00089843-0.00234041j -0.0037451-0.00234563j -0.00332173-0.000377501j -0.00305551+0.00186154j -0.00156649-0.00794027j 0.000219159-0.00335479j 0.00425372-0.00165047j -0.00086351+0.00237006j 0.000992435+0.000466005j 0.00624939-0.00132697j 0.00145535+0.00440008j -0.00582569+0.00267773j -0.000848929+0.00116766j -0.00510114-0.00329255j -0.00214865-0.00304756j -0.0008236+0.00659186j -0.00218757+0.00222829j 0.000949385-0.000318221j 0.00204663+6.43067e-05j -0.00266265+0.00420892j 0.0011016+0.000672209j -0.00332106-0.000829751j -0.00130779+0.00102142j 0.00601013+0.00410221j 0.000858011+0.0026471j -0.00292191-0.000132036j 0.00268765+0.00275557j 0.0013425+0.00110746j 0.00202995-0.000642791j 0.00319872+0.000182995j 0.000868031-0.0018701j 0.000516478+0.00239234j 0.00064055+0.00111695j -0.00162424-2.13181e-05j 0.00160267-0.00108327j -0.000328997+0.000939608j 0.000588-0.000454771j 0.00133882-0.00233336j -0.00298417+0.00160535j -0.00226155-0.00349053j -0.00170956-0.00183757j -0.000222542-0.00185432j -0.00278611+0.000387351j 0.00295721-0.000515818j -0.00336761+0.00203712j -0.00180087+0.00128657j -0.00232391-0.000612691j -0.00103533-0.00149746j -0.00321368+0.00118508j -0.0029349+7.45123e-05j -0.00137721+0.00604674j -0.000810212+0.00213225j 0.00522582-0.00260763j -0.00155069-0.000303448j -0.00264082+0.00190714j -0.00364176-0.00135212j 0.00246718-0.000501482j -0.000373327+0.0031131j -0.000548604+0.00145278j -3.01186e-06+0.00114294j 8.64621e-05+0.00280698j 0.00168938+0.00163425j 0.00305756-0.00231008j -0.00402652-0.00470473j -0.000688616+0.00069364j -0.000748089+0.000140242j -0.000735096+0.00592163j -0.00288403-0.00270452j 0.000249688-0.00120519j -0.00270461-0.00110199j 0.00136503+0.00242855j 0.00144378-0.000409929j -0.000902251+0.00530481j -0.00238659+0.000637934j -2.44493e-05+0.000426083j 0.000554457+0.0022464j -0.00134052+0.00276917j 0.000130914+0.000799074j -0.00628941+0.00141172j 0.000845106+0.000350923j -0.00702348-0.00197315j 0.00218169-0.000975941j 7.88592e-05-0.00270483j 0.00266491-0.00165004j 0.00277712-0.0033516j 0.00446116+0.00389974j -0.000321183-0.00155239j -0.00123329+0.00214177j 0.00160982-0.000102488j -0.00124652+0.00286618j -0.00280382+0.0021362j -0.000907169+0.000964659j -0.00381+0.00145466j 0.000371489-0.00190555j 0.00116138+0.000625962j 0.000457385-0.000868802j 0.000729346+0.000433246j -0.00247383-0.000481498j 0.00120583+7.77167e-05j -0.00171253-0.00139857j 0.00108403+0.00526496j -0.00578219+0.000867791j -0.00552358-0.000713135j -0.000151681+0.00319609j -0.000952262-0.000441176j -0.00445771-0.00523385j -0.00437742-0.00650735j -0.00190863+0.00291896j 0.00317502-0.000881007j -0.000610992+0.000680063j 0.000542769-0.00403853j 0.00229159+0.00613116j 0.00433469-0.000934163j 0.000886598+0.000371381j 0.00393453-0.00293488j -0.00461641-0.00129214j 0.00196539-0.00313957j 
0.00317143+0.000130489j 0.0035711-0.0027745j -0.00224513-0.000396997j 0.000250536-0.000625425j -0.000215914+0.00201266j 0.00201888+0.000946699j -0.00220744+0.00428897j 0.00440033+0.00242111j -0.000851829+0.00187274j -0.00153789+0.00269005j 0.00327627-3.53218e-06j 0.0036394+0.0016577j -0.0010904-0.00111727j -0.000850016+0.0004822j -0.00154586+0.0018134j -0.000394582+0.00319564j 0.00133382+0.00106935j -0.00143907-0.00168625j -0.00265294+0.000993128j 0.00254881-0.00122009j -0.000175553-0.00168555j 0.00303805-0.00402074j 0.00501806+0.00174282j 0.00112762+0.00226359j 0.00345978-0.000545561j 0.000182198+0.00161913j 0.000304628-3.02585e-05j 0.000202157-0.000639166j -0.00180976+0.00173085j 0.00206938-0.00424226j -0.00145384+0.000438307j 0.000272953+0.000511534j -0.0011789+0.00508351j -0.0013409-0.00174931j -0.0032221+0.00305643j -0.000358754+0.00256367j 0.00137516-0.000334551j 0.00328149+0.000307825j -0.00195282+0.000886786j 0.000642246+0.00193767j -0.00263763+0.00223821j 0.00216585+0.000981307j -0.00166928+0.00146601j -0.00184443-0.00166069j -2.45498e-05-0.00176746j 0.00175891-0.00130226j -0.00165615+0.00129953j 0.000557336-0.000818327j -0.00175938+0.00103412j -0.000678004-0.00307116j -0.00138887+0.00138717j 0.0030119-0.00148304j -0.00106244+0.00177936j 0.000679304+0.000793684j 0.000894187-0.000497262j -0.00049261+0.00132748j -0.0015211+0.00345768j 0.00125709+0.0010264j -0.000420205-0.00129253j 0.000663311+0.00090721j -0.000369608-0.000313415j 7.44864e-05-0.00215336j -0.00117276-0.0015717j 0.00148318+0.000351395j -0.000598417-0.00208373j -0.000410396-6.69673e-05j 1.24003e-05-0.000937976j -5.40898e-05+0.00229123j -0.000619001+0.00103386j 0.00104273+0.00216689j 0.00276423-0.00135045j -0.000524143-0.00339212j 0.00325156-0.00268437j 0.00177702-0.000289987j 4.16339e-05+0.00165524j 0.003964+0.000630335j 0.00171301-0.00164827j 0.000725539+0.000160094j -0.0100372+0.00305183j 0.00416472+0.00243226j 0.00337928-0.00197443j -0.00247827-0.00023399j -0.00221513-0.000303426j 0.00121425-0.00408265j -0.00303557-0.00595189j 0.00378587+0.00210509j -0.000911028+0.00328099j -0.000125523-0.000125008j 0.0029592-0.00148242j 0.000403482-0.00279878j 0.0051147+0.00513273j 0.0009573+0.00525288j -0.000823892+0.000817558j 0.00470652+0.00331227j -0.000465606+0.000582701j 0.00278995+0.00409464j -0.00161704+0.00191046j -0.00271804+0.000294478j 0.00102235+0.00176778j -0.00119667-0.000400374j 0.00246851-0.0013134j -0.00601143+0.00512602j 0.00116553-0.00155889j -0.00201621-0.00490215j 0.000162873+0.00128895j 0.0016783-0.000356763j 0.00200333-0.000777819j -0.00204753-0.00091833j 0.00153221+0.000704119j 0.0015434+0.00152472j 0.000844173-0.00148564j -0.00429332+0.000450402j -0.000704249-0.00327301j 0.00372424+0.00305992j 0.00213429+0.00307918j -0.0017837-0.00118575j 0.000552976+4.67245e-05j -0.00193566+5.55008e-05j 0.000267295-0.00169313j 0.00385999+0.00109222j 0.00187665-0.00233914j -0.001429+0.00270314j -0.00340473+0.0022695j -0.00336633-0.00330137j -0.000162406+0.000260519j 0.00191262-0.000584384j 0.00139009-0.000194099j 0.00137442+0.00218039j -0.0033255+0.000657174j 0.000497989-0.00144814j 0.000210667+0.00162095j 0.00130136-0.00194146j 0.00338462+0.00127731j -0.00125882+0.00123804j -0.000597766+0.0022649j -0.000763399+0.00361953j 0.00481686-1.61753e-05j 0.00116825+0.00382398j 0.000622122+0.0025947j -0.00243794-0.00090965j 0.00186869-0.00117264j 0.00412811+0.00109667j 0.00176929-0.00166322j 0.00227963+0.0024567j -0.00487268+0.000150295j 0.00121286-0.00258992j -0.00431973+0.00166417j 0.00157141-0.00187068j 0.000787431-0.00402636j -0.00185844-0.000798614j 0.00060127-0.00100524j 0.00211952-0.00352725j 0.00159297+0.00222087j -0.000979962-0.000459864j -0.00110812+0.00050195j -0.00173889+0.00185289j -0.00311109-0.00399537j 0.00239051+0.00327482j 0.00380152+0.00397755j -0.00419618+0.00333457j 
-0.00518444+0.00218264j -0.00187621+0.00471246j 0.000379589-0.00134879j 0.000883469+0.0012394j -0.0012734-0.00344086j 0.0020017+0.000592413j -0.00284189-0.00295361j -0.000656695+0.000870755j 0.00268949+0.00578738j -0.00365438+0.00342632j -0.00164918-0.00116768j -0.00590324-0.00286144j 0.00152285+0.00272627j -0.00222394+0.0023496j -0.00227907+0.00200173j -0.00253046+0.00235448j -0.00561036-0.00132035j 0.000503001+0.00359191j 0.00535602+0.00229069j 0.00179414-0.00602056j 0.0049267-0.00377012j -0.00170844-0.000701347j -0.00314832-0.00347549j -0.000370807+0.00233j -0.00172204+0.00487594j -0.0031639+0.00541276j -0.00457097-2.28907e-05j -2.7372e-05-0.00230018j 0.000238173-0.00324215j 0.00243049-0.00157635j -0.00216984-0.00392902j 0.00101778-0.00123239j -0.00117933+0.00142134j 0.000350138-5.20408e-05j -0.000288713-0.00178766j 0.00123374-0.00514355j -0.00137806-0.000988611j 0.0039526-0.00283482j 0.00324219+0.00453135j -0.00266541+0.00263281j -0.000808445+0.00309861j -0.00166016-0.00190674j 0.00328074+0.00260035j 0.000772514+0.000349175j 0.00215487-0.00249394j -0.0017078+0.000550039j -0.00174078-0.00219855j 0.00264599-0.00334648j -0.00632121-0.0013467j 0.00283043+0.00315959j 0.0020613+0.00315766j -0.00527348+0.00362506j -0.00153525+0.00406591j -0.0014206-0.00825086j -0.000191343-0.00115064j 0.00561672-0.00407322j -0.00136641+0.00284075j 0.00599334+0.00242202j -0.00176341-0.00164993j 0.00319641+0.00387817j 0.00171348-0.00228265j -0.00152745+0.000857783j 0.00169467-0.000194532j -7.92963e-05+0.00527812j 0.00282324+0.00287738j 0.00150733+0.00031374j 0.000584085-0.00224835j -0.00120717-0.000351655j -0.000197195+0.00288233j -0.000173598-0.000539752j 0.00202091+0.00246897j -0.00307334+0.000868799j 0.00153649+8.6195e-05j 0.00218435-0.000198085j 0.00240244+0.00114768j 0.0055072-0.00386376j 0.00201137+0.0030099j 0.00113597+0.00337691j 0.00446983+0.000574921j 0.000332004+0.00505568j 0.000830028+0.00197635j 0.00236926+0.00112377j 0.00167794+0.00557732j 0.00103195-0.00179204j 0.00340552-3.96057e-05j -0.00233055-0.00385229j -0.00229681-0.00579695j -0.00374722-0.00166963j 0.000673802-0.00279458j 0.000194545-0.000364942j 0.00286249-0.00119265j 0.000147533+0.00577092j -0.00752072-0.00128102j -0.00148417-0.000586882j -0.00233774+0.00328684j -0.00197005+0.000617521j 0.000158928+0.00164557j -0.0015366-0.00133204j 0.000840455+0.00344536j 0.00134679-0.00227931j -0.000264798+0.0002481j 0.000828728-0.00178439j -0.0023499-0.000190937j -0.00195052-0.00165092j 0.00593266-0.00365807j -0.000184614+0.00110253j -0.000227098-0.00174591j 0.00209739-0.00232199j -0.0019306+0.0015182j -0.0031258+0.00406864j 0.000427076-0.00347372j 0.00050361+0.000788368j 0.00288295+0.000858887j 0.000711677+0.000375122j 0.000504658+0.00251494j 0.0033695+0.00178959j 0.00255657+0.00129535j -0.00389212+0.00130762j 0.0046103+0.00311697j -0.00175904-0.0052814j -0.000405504+0.00090868j 0.00344561+0.00013114j 0.000406177-0.00144246j 0.0014422+0.00215208j 0.000141872-0.00113166j 0.00175504-0.00352602j 0.000970425-0.00469422j -0.000693331-0.00157051j 0.00447432-0.000833024j 0.00227523+0.000717329j 0.0011125+0.00465352j -0.00302612+0.000585225j -0.00166482+0.00378637j 0.00343278+0.00113327j -0.00272476+0.0024393j 0.00273047-0.00414832j 0.00198857-0.00258023j -0.0027215-1.95012e-05j 0.00168715+0.00255955j 0.00334382-0.000141371j 0.00251413+0.0017432j -0.00462088-0.00173173j -0.00127253-0.00309424j -0.00374195-0.00201891j 0.00750868-0.00456016j 0.00108392+0.00467688j 0.00140329-0.0027249j 0.000146101+0.00112412j 0.001217-0.000706352j 0.00366172-0.00310918j -0.00023487-0.00467216j 0.00476343-0.000643896j 0.00232-0.000945926j 0.00157603-0.000305234j 0.00327997-0.00366353j -0.00534813-0.00274364j 0.00149125-0.00600712j -0.00359856+0.000512448j -0.000946468-0.00834888j 0.00842704-0.00295165j 
-0.00131718+0.000777344j 5.63215e-05+0.00130664j 0.000187566-0.000663464j -0.000187377-0.000606727j -0.00168502-0.00169878j -0.00131803-0.00203583j 0.00062374-0.00133921j -0.00107879-0.000333047j 0.00116062+8.06385e-06j 0.00035754-0.00186782j -0.00193021+0.000518432j -0.00174428-0.00046641j -0.000163484-0.000255802j 0.00116301+0.00254899j 0.00119913-0.00103332j 0.000893355-0.00131888j -0.00110535-0.00116442j -3.05383e-05+0.00150975j 0.00265419-0.000484059j -0.00321907+0.000742826j -0.00121776-0.000171006j -0.00180111+0.00330282j -0.00227156-0.000815516j -0.000155509-0.00193004j -0.00182564+0.00120451j -0.000881335-0.00260329j 0.000214758-0.00144007j 0.00229867+0.000401126j 0.000788172-1.53481e-05j 0.000501946-0.000289298j 0.000209478-0.00205114j 0.000293821+0.000514716j -0.000649387-0.00057698j -0.00238307+0.00234431j -0.000781694-0.00348477j -0.00258695-0.00445422j -0.00108881+0.000946239j 0.00112718+0.00174649j 0.000181191-0.00317193j 0.00171142-0.00348365j 0.000463866+0.00161122j -0.00252688+0.000286173j -0.000743176+0.00435168j 0.00162219+0.00102877j -9.22127e-05-0.00325703j -0.00538018+0.00512103j 0.0016678-0.00229557j -0.00105535-0.00395459j 0.000728531-0.000862912j 0.00138378+0.00275123j 0.00165282-0.000453652j 0.000753379+0.00116845j -0.000677082-0.000483078j 0.00297863+0.00122598j -0.00166215-0.000149498j -0.00308948+0.0030288j 0.000752379+0.00095132j 0.00435743-0.000107978j -0.00154622-0.00343782j 0.00291067-0.00207976j -0.00216912-0.0016439j 3.41028e-06+0.00407669j 0.00156671+0.00119544j 0.000523838-0.000128989j 0.0028567-0.000276267j -0.00121868-0.00341957j 0.00280052+0.00113976j -0.000161604-0.00139982j -0.00184215+0.00208598j 0.000395926-0.00124731j 0.00116093+0.00157945j 0.00329897+0.000498745j 0.00208641-0.000383214j -0.000149902+0.00031788j 0.000739397-0.000312963j 0.00127653+0.00193621j -0.00178978+0.0017859j 0.00163469+0.00118115j 0.00540151-0.00208498j -0.00235549+0.000650596j 0.00298197-9.37643e-05j -9.42101e-05+0.00158445j -0.000267073+0.00178033j 0.00106356+0.00206051j 0.00822721+0.00374322j 0.00107453-0.00128221j -0.000677138+0.00369803j -0.00019123+0.000844473j -0.00428721-0.000386366j 0.00218144+0.000314052j -0.000159537-0.00140626j 0.00193012-0.0040688j -0.000507849+0.00186855j -0.00130543+0.00239431j 0.00173499-0.00287259j 0.00110665-0.00220079j 0.000193123-0.00675937j 0.000168446-0.00232824j -0.00190166-0.00138454j -0.000402577+0.00447136j 0.00026744-0.0024265j 0.0033641+0.00166836j -0.00194162+0.001252j 0.00148572-0.000722523j 0.00325871+0.0021904j 0.000578101+0.00030945j -0.00299131+0.000924268j 0.000779792-0.00314459j 0.000664333-0.000214761j 0.000849666-0.00205703j -0.00263533-0.000288103j 0.00288797-0.000488207j -0.00194441-0.00339879j -0.000269409+0.00199386j 0.00262671-0.000762601j -0.00113684-0.000208197j 0.000256012-0.00105831j 0.0023862+0.00185641j 0.001703+0.00252529j 0.00084063+0.00273264j -0.00203344-0.00138874j 0.000771134+0.00315399j -0.00603257-0.000879931j -0.00650713-0.00018093j -0.00104245-0.0026352j -0.0001346-0.00176298j 0.00253076+0.000114692j 0.0025907+0.00175669j -0.00461272+0.00131757j 0.00136666-0.00341739j -0.000749186+0.000403049j 0.00234113+0.00041303j 0.00366882+0.00319628j 0.0017241+0.00197407j 0.00157717-0.00128779j -0.00196028+0.00800956j 0.00221868-0.00190018j 0.00415999+0.00136085j 0.00334156-0.00344352j -0.00129812-0.00149854j 0.00184121-0.000815286j 0.00139823+0.000650481j 0.00318948+0.00481852j -0.00109731-9.371e-05j -0.00364591-0.00309413j 0.00100374-0.00302297j -0.00219665-0.000248203j 0.00112516+0.000478164j 0.00150264-0.00165731j 0.00144583-0.00595163j -0.000721889+0.000990576j -0.00106274-0.00246718j 0.000742888+0.000546225j -0.00294174-0.000809722j 0.000504172+0.00249758j -0.00099093-0.000506644j 0.00430425-0.000154886j 0.00314081+0.00181735j -0.00165055-0.00192457j 0.00499146-0.000870825j 
-0.00273+0.00261681j 0.00150816+0.00244677j -0.00188363-0.00142859j -0.000457069-0.000800447j -0.00140192-0.00149107j -0.00133512+0.000178544j -0.000819578+0.00279525j 0.00258255-9.86661e-06j 0.00242787+0.000423544j -0.00514564+0.00230624j 0.00126925-0.00101175j -0.00134626+0.00130401j -0.0014502-0.00200295j 0.00105247+8.03158e-05j -0.00108158-0.00169077j -0.000308208+0.00285363j 0.00170796-0.000179336j 0.000122792-0.0033245j 0.00476345+0.00158028j -0.00187569-0.000599179j 0.00208943-0.00251146j -0.000151983-0.000719051j -0.000248865-0.00126043j 0.00181923+0.0019056j 0.000370187+0.00316417j -0.00150446+0.00144785j -0.00247654-0.00160753j -0.000917069-0.00164144j 0.000659794-0.000525186j 0.000532708-0.00119749j -0.00399506-0.00059259j 0.000605534-0.000752326j 0.00195058-0.00169538j -0.005439-0.00086318j -0.00288625+0.00207816j -0.00236452-0.0025369j -0.00209288+0.00113498j -0.00144117-0.000221368j -0.000921067+0.000804446j -0.00213052-0.0016177j -0.001349+0.00264309j -0.000114863-0.00454735j 0.000404298+0.00111448j -0.00162585+0.00105079j -8.99771e-05+0.00132111j 0.000493065+0.00314466j -0.000502137-0.00196611j -0.00464295-0.00153605j 0.00129811-0.00178398j 0.000887581+0.0035079j 0.00225842-0.00348474j 0.000991525+0.00269386j 0.000865388-0.000914241j -0.00248219+0.00242812j -0.00214041+0.00241169j 0.00175543-0.00016358j -0.000301499-0.00319672j -0.000732638-0.00400364j -0.00246449-0.000342566j 3.38943e-05-0.000977073j -0.00203682+0.00147232j 0.000719247+0.00152239j 0.00134459+0.00212323j -0.00184635-0.0026645j -0.000250853+0.00333286j -0.00352375-0.000255337j 0.00365718+0.000144917j 0.00155619+0.000272235j 0.000203807-0.000942423j -0.00212564-0.00338267j 0.00256204+0.00138743j -0.000300766+0.00167234j 0.00106688+0.00414224j -0.00200761-0.0038306j -0.000120799+0.00514314j 0.000253643+0.00118546j 0.00253896+0.000332797j -0.000564743+0.00257537j 0.00213417-0.00326673j 0.000566708-0.00202993j -0.00367619-0.000771977j 0.00270141+0.00166732j 0.00206335+0.00326831j 0.00234455-0.000515016j -0.00232899+0.00210574j 0.00416327-0.00017984j 0.00176397-0.00168586j 0.00320688-0.00121854j -0.00172221+0.00437145j 0.00307446+0.00448084j 0.00533315+0.00415705j -0.000550417-0.00143437j 0.00214398-0.00132956j -0.0035405-0.00542666j -6.49112e-05-0.00203237j -0.00453718-0.00116727j 4.13829e-05+0.0018927j 0.00197969+0.00288009j -0.000304701-0.000830012j 0.000886956+6.76702e-05j -0.00077726-0.000242714j -0.00165476+0.00150643j 0.00423785-0.00205974j -0.00264077-0.0056468j -0.0041822+0.00143028j -0.00309176-0.00107456j 0.00185256+0.004505j -0.0019302-0.000111957j -0.0016863+0.00129849j 0.00546141-0.00749023j 0.0017085+0.00243748j -0.00126571-0.00159058j 0.000200685-0.00335314j 0.0032171+0.00218096j -0.000100082+0.00155142j 0.00212685-0.00125091j 0.00285338-0.00185405j 0.000492178-0.00175863j -0.0010649-0.000301865j 0.000360308+0.000572281j 0.00223112-0.00270343j 0.00465732+0.00365737j -0.00380079+0.00218531j -0.00300347+0.001114j -6.86044e-05+0.0017636j 0.00100165-0.000784415j -0.00250225-0.00391537j -0.000645627+0.00167191j 0.00136558+5.81639e-05j -0.00105089-0.0014557j 0.000263667+0.000631329j -0.000799205+0.0019519j -0.00133192+0.00204633j 0.000825561-0.0011515j 0.000913547-0.000201677j 0.000564719+0.0010545j 0.00259143-0.00430221j 0.00119602-0.0018233j 0.00647976-0.00264851j 0.00143453+0.00332831j -0.000230913+0.00145516j -0.00153481+0.000750875j -0.00178346+0.00462781j -0.0052343+0.00218904j 0.000560334-0.00198765j -0.00118702-0.000819389j 0.00513779-0.000181519j -0.00301509+0.00177791j -0.00205923-0.000665421j -0.00152052-0.003271j -0.000725676+0.000504721j -0.0021335+0.00291529j 0.0013556-0.00265709j -0.000923675-0.00122636j 0.00364502+0.000852452j 0.00272184-0.00341351j -0.00012693+0.00363829j -0.00102327-0.00130221j -0.00441115-0.0062436j 0.00652209-0.0056309j 
0.00206858+0.00122792j 0.002094-0.000791268j 0.00136554+0.00166289j 0.000187346+0.00333564j 0.00176359+0.00235706j 0.0027366+0.00393701j -0.00206224+0.0042285j -0.000529978-0.00155863j 0.00319526-0.0018717j 0.000731464+0.00398159j -0.00105384-0.00124716j 0.000151032-0.00029172j 0.00055474-0.000514878j -0.00501397-0.00277049j -0.000746408+0.00034888j 0.000985171+0.000612966j 0.00147778-0.00120371j -0.000671174+0.00169414j 0.00563745-0.000397034j -0.00136057+0.000608604j 0.00331962-0.001464j -0.00146049-0.00221716j -0.00255495-0.000776574j 0.000202375+0.00272324j -0.00358575+0.0025461j -0.0011406+0.00240148j 0.00107578-0.000460778j 0.00196031-0.00111762j 0.000214088-0.00302825j 0.00342545-0.000167717j -0.00085304+0.000952012j 0.00224039+0.00344178j -0.0030164-0.00187427j 0.00392244+0.00117236j -0.00140657+0.00122276j 0.00253926-0.00290794j 0.00544367-0.000700328j 0.00222532-0.00107662j -0.000337684+0.00248487j 0.00512628+0.000164514j 7.83643e-05-0.000264583j 0.00192984+0.00366001j -0.00170871+0.0023151j 0.00175168-0.00256746j -0.00118849-0.00443563j 0.000542552+0.000115883j -0.000345847-0.000303977j 0.00226357+0.0012923j -0.00118513+0.00259375j -0.001254+0.00037779j -0.000631719+0.0034822j 0.00212849+0.0021797j 0.00357548+0.00702727j -0.000143279+0.000989788j -0.00283913-0.00080432j -0.00322379+0.00124951j 0.00312699-0.000291984j 0.00560201+0.00135277j -0.00473385+0.000849235j -0.000333518-0.000618201j -0.00783175+0.00161499j 0.000668262-0.00279939j -0.00102989+0.00229054j -0.0052086-0.0018978j 0.00421231+0.000314415j 0.00140804-0.00196992j -0.00270896+0.00254975j 0.00100978-0.000382803j 0.00219545+0.000341181j 0.00203822+0.000668875j 0.000989449+0.001816j -0.000203197-0.0021664j 0.0034456+0.00114808j -0.000762676-0.000290729j 0.000210709+0.00311013j -0.000578069+0.000315388j 0.000108304-0.0035339j 0.000911353-0.00120477j -0.00138934+6.83634e-05j 0.00453757-0.00464824j -0.00242559+0.00181373j -0.00160526+0.00252888j 0.00100433+3.52493e-05j 0.00225502-0.00433285j -0.00493193+0.000644578j -0.000959509-0.000557821j 0.00529298+0.00115014j 0.00139978-0.000336374j 0.00546637-0.000698881j 0.00521208+0.0010686j 0.003993+0.00188825j -0.00136375-0.000388623j -0.000477856-0.00387898j 0.00493094+0.00537182j -0.00166036-0.000893033j 3.65603e-05+0.00318328j 0.00204641+0.00322202j 0.00510914+0.00388494j -1.26157e-05+0.0035831j 0.000607195+0.003492j 0.00267913+0.000280783j -0.000312893+0.00729374j -0.000522217+0.00386249j 0.000424494+0.00390658j 0.000265255-0.000252258j -0.00169484+0.001167j -0.00264971-0.00184253j -0.00155328-0.00111476j -0.000413784+0.00238737j 0.000274345+0.00428165j 0.00248363-0.00177156j -0.00240706+0.000986461j -0.00128149-0.00301035j -0.00340273-0.00132193j 0.00360113-0.00105408j 0.00116893-0.0042241j -0.00104695+0.00327563j 0.000487194-0.00159087j -0.00150578-0.00417915j 0.00346163-0.000673199j -0.00285467-0.00138782j -0.00357606-0.00117374j -0.000216927-0.00180975j -0.00137993+0.002391j -0.000553894+0.00158465j -0.00411298+0.0011745j 0.00177707-0.00435501j -0.00153071+0.000324947j 5.34351e-05+0.00235546j 0.00155368+0.00122807j -0.00403153+0.00460414j 0.00134049+0.00161679j 6.29817e-05+0.000686204j -0.00408658-0.00369719j -0.004383+0.000378315j -0.000285056-6.01033e-05j 0.00602458-0.000947149j 0.00073707-0.00238726j -0.0012826+0.00597746j -0.00411408+0.00196488j 0.00108893+0.000651503j 0.0050675+0.00215317j -0.00137979-0.00200659j 0.00291583+0.00344453j 0.00293125+0.00324981j -0.00233658+0.000374142j -0.000561629+0.0014049j -0.00203232+0.00197869j 0.00119696-0.000396378j -0.00233774-0.0013439j -0.000307417+0.000959941j 0.00107471+0.00109523j 0.00144906+0.000636971j 0.00215681-2.78123e-05j -0.00402746+0.00550709j 0.00400535+0.00403787j -0.00060868-0.000188978j 0.00185216+0.000432706j -0.00203105+0.00118099j 0.000880907-0.00201957j 
-0.00671832-0.00283759j -0.000355112+0.00267993j -0.000210289+0.00126227j 2.12523e-05-0.00245926j 0.00361274+0.000976164j -0.00390353+0.0022548j -0.000619629-0.00425142j -6.29977e-05-6.24846e-05j -0.00592689-0.00163118j -0.0019276+0.000309978j 0.0038479-0.00193867j 0.000642035+0.00208435j 0.00176602+0.000725451j -0.000349348-0.00180267j -0.00215491+0.00265343j 0.00351659-0.00112393j 0.00185882-0.000263096j -0.00181763+0.00194476j -0.00455742+0.00315795j -0.00412577-0.00516684j -0.0047137+0.00175856j -0.00263757+0.00370686j -0.00379775-0.00611611j -0.000338677-0.00445515j -0.000236726-0.000127286j -0.000514924+0.00290953j -0.00152345-0.00130306j 0.000703966+0.000609905j 0.00534602-0.00184792j 0.00170615-0.000887789j 0.00168601-0.00143014j 9.71031e-05-0.000888945j -0.000307704-0.000656021j 0.000987367+0.00234706j -0.00272092-0.000913648j -0.00391634-7.93116e-05j 0.000966113+0.00129622j 0.000454885-0.000541423j -0.00470629+0.00119227j -0.00297455+5.30695e-05j 0.002215-0.000420407j -0.00168414-0.00361137j -0.00138344+0.00216583j -0.000800642+0.00580916j 0.00474097-6.2665e-05j -0.00524126-0.00156337j -0.00157203-0.00332179j -0.00177237-0.00615469j 0.000296578-0.00159604j 0.000228136+0.00700748j -0.00051743+0.00241542j -0.00609772-0.00162182j 0.0032625+0.000589156j 0.00239661+0.000307739j -0.00343315-3.42003e-05j 0.00203766-0.000403389j -0.00235138-0.00452053j -0.00234937-0.00136151j -0.0016168+0.0029673j 0.00149581-0.000945084j -0.00400221-0.0013152j 0.000490555+0.00300744j -0.00147941+0.00324576j -0.00135576-0.003903j -0.00180118+0.00381171j 0.000539492+0.000553525j 0.000826339-0.000528222j 0.0026877+0.00340804j 0.00105655+0.0019104j 0.0027387+0.00376245j 0.00201433+0.00139127j -0.00157708+0.000432997j 0.000267646-0.00395451j -0.000154418+0.00167601j 0.00218984-0.00231299j -7.36607e-05-0.000487447j 0.000257143+0.0021905j 0.000222679+0.000388351j 0.00297885-0.00260666j 0.00211897+0.00159815j -0.00229005+0.00227257j 0.00151697-0.00450551j 0.00339126-9.28968e-05j 0.000441332-0.00071219j 5.02271e-05-0.00230757j -0.00201001-0.00131915j -0.00608615-0.00108999j -0.00154923+0.000426993j 0.00429422+0.00202835j 0.0069605-0.00226158j 0.000294463-3.04248e-05j -0.00174725-0.000675806j -0.000412683-0.00678522j 0.00260953+0.000182446j 0.00219489+0.00172917j -0.00146805+0.001886j -0.000272628+0.000236113j 0.00292362-0.00108512j 0.000348856-0.00241135j -3.9901e-05+0.00154771j 0.000804331-0.00149133j -0.000116546+0.00396493j -0.00359394+0.000814762j 0.00175275-0.00131664j 0.000965828-0.00144346j 0.00106707-0.000433854j 0.000809475-0.00110857j 0.00106647-0.00403845j -0.000414089-0.00293871j 0.000174087-0.00100992j 0.000626731+0.00083398j 0.000419566-0.000332375j 0.000373544+0.00283607j -0.000177635+0.000707371j -0.00393846+0.00209558j 0.0034507+0.00159423j -0.00535187+0.00180645j 0.00167842-0.00396214j -0.00164941+0.00205676j -0.00129766-0.00430402j -0.000584967+0.00186999j 4.42963e-05-0.0024478j 0.000989411-0.00038686j -0.00186183+0.00262354j -0.00128233+0.00367538j -0.000852392+0.00413192j -0.00277595-0.000377165j -0.00223653+0.0014161j 0.00116526+0.00232482j -0.00222432+0.000956256j -0.00629395+0.00410035j 0.00439148-0.00101288j -0.00117628-0.00142538j 0.000103646-0.00263956j 0.00473836-0.00572404j -0.00220442-0.00447845j 0.000527544+0.00313246j -0.00254007-0.00112147j -0.00222468-0.000548958j 0.00160114-0.00122115j -0.00144383+0.00267652j 0.000426973+0.00194233j -0.00409974-0.000352131j 0.00391363+0.0038206j -0.000390423+0.00495407j -0.00335022+0.00586742j 0.000689068-0.00187463j -0.00125971+0.00165627j -0.00163419+0.000788323j -0.000135412+0.000451099j -0.000877875+0.00224629j 0.00385204+0.00302036j 9.02945e-05+0.00288622j 0.000101064+0.00110464j 0.000614358+0.000963456j -0.000412381-0.00103205j 0.00228339-0.00183138j -0.0016978-0.000778265j -0.000406251-0.0031339j 0.00403268+9.24289e-05j 
0.00227837-0.00159968j 0.00209738-0.000646989j -0.00231176-0.000756165j 0.00131825+0.000334254j -0.000361079-9.05227e-05j -0.00060731-0.00124671j 0.00232503+6.55385e-05j 0.00213188-0.000768601j 0.00170196+0.00165554j -0.0010636+0.00342236j 0.00212728+0.000428111j 0.000332965-0.00219047j -0.00116616+0.00321398j -0.00227039+0.00104665j -0.002632+0.0010962j 0.00162484+0.000690374j -0.00360967+0.00208176j -0.000325336+0.00358776j -0.00593044-0.00290883j 0.00255804-0.00148139j -0.00301043+0.00365799j -0.00610949-5.11875e-05j -0.00158013-0.00383682j -0.000777285-0.00871751j 4.68801e-05-0.0034004j -0.00537843+0.0015225j -0.00327458+0.00111696j -0.00188993+0.000626954j -0.00171032+0.00216895j 0.0015509-0.00161607j 0.00015205+0.000908176j 0.000804826+0.000776669j -0.00186623+0.00223505j -0.00443951+0.000996507j -0.00510552-0.00233511j -0.00230676-0.000413802j -0.00273173+0.00177955j -0.000327694+0.00496543j -0.00297277-0.00377235j -0.00497127-0.00378804j 0.00221202+0.00206061j 0.00337004+0.00130602j -0.00595704-0.00439004j 0.000888528+0.00408079j -0.00101755-0.00237849j 0.0010447+0.00185742j 0.000302971+0.0011825j 0.000889847-0.00179643j -0.00233337+0.000858564j 0.000860724-0.00728045j -0.00205908+3.45839e-05j -0.00176213-0.00168818j -0.00183096-0.0074381j 0.00123955-0.00159611j 0.00344238+0.000712527j 0.00033897+0.00102517j -0.00541801+0.00333387j -0.00364062-0.000251409j 0.00375408-0.0014439j -0.000948361-0.000797301j 0.00617497-0.00022679j 0.000568066+0.00390396j -0.00113242-0.00258692j 0.00305583-0.00101752j -0.000894299-0.000465962j -0.0045846+0.00121737j -0.000150225+0.00258788j -0.00292535+0.000615178j -0.00278105-0.00131522j -0.000181935-0.000212331j 0.00334438-0.000502696j -0.00073645-0.000180003j 0.00162844-1.97912e-05j 1.02407e-06+0.000550628j 0.000123149+0.00365651j 0.00299121+0.00250529j 0.00126153+0.000735579j -0.00177552+0.00280422j -0.00414654+0.0017772j -0.00219042-0.00100507j 0.00374336-0.00332725j -0.00122089+0.000141473j 0.00136819+0.000965649j -0.00192519-0.00292938j -0.00101118+0.000634268j 0.00211262-0.00087597j -0.000175084+0.000764127j 0.00247621+0.000622862j -0.00143683+0.00150878j 0.000500432+0.00177942j 0.00408994+0.00134592j -0.000798718+0.00544288j 0.00368841+0.000752461j -0.00332843+0.000651135j 0.00189528+0.00259662j 0.0023588+0.0021942j 0.00307304+0.00108132j -0.00306175+0.00369318j 0.000603757+0.00132578j 0.000551+0.00158106j -0.00178253-0.00187874j -0.00154967+0.000689244j 0.000659666-0.00511634j -0.00224922-0.00333342j -0.00402594-0.000142275j 0.00129901-0.000406846j 0.00268328+0.000594483j -0.00342166+0.00151877j -0.00080221+1.95915e-05j 0.00141076+6.33923e-05j 0.00172558-0.0039646j 0.00157924-0.00279865j 0.000971783+0.0039007j 0.00224913-0.000514238j -0.00117497+0.00182246j -0.00187394+0.00638861j -0.00075349-0.000318409j 3.71004e-07-0.00406897j 0.00155514+0.00117789j -0.00267047-0.00115413j 0.00196594-0.00305535j 0.00387801+0.0015464j 0.00174362+0.00190189j 0.00411617-0.000661192j 0.000508008-0.00155437j -0.00089342-0.00164918j -0.00160324+0.000948303j 0.000511243-0.00319715j 0.00333691-0.00593663j -0.00292021+0.00238581j 0.00377937-0.00136483j -0.00568233+0.00219144j -0.00270208-0.00422443j 0.000413936-0.00104659j 0.00235927+0.00715974j -0.00210037-0.0022313j 0.000582865-0.000676423j 0.000650362-0.00240415j 0.00360885-0.00393898j 0.00165309+0.00162318j 0.000530241+0.00386889j -0.00147631-0.000667931j -0.00109015+0.000775459j -0.00396518+0.00543716j -0.00234145-0.00748951j -0.000553247-0.00125974j 0.00117018-0.00101491j -0.00259909+0.00213339j 3.35854e-05+0.000368323j -0.00213719+4.88228e-05j -0.00105553-0.000781394j 0.000522314+0.00156568j -0.00401839+0.00260955j 0.000315141+0.00111658j -4.59845e-05-0.0012401j -0.00192325-0.00139092j 0.00113199+0.000759878j 0.00103379-0.00127954j -0.000757605-0.000159358j -0.000346984-0.00161537j 
0.00508364+0.0037537j -0.000261775-0.00324064j 0.00128204+0.00086135j 0.00143875+0.00538591j -0.00332496-0.00202295j -0.00304213+0.00703021j 0.00120109+0.00223303j -0.00451395-0.00317709j 0.0069637-0.00585471j -0.00186002+0.00329006j -0.00200908+0.000162515j -0.0046065-0.00299611j 0.000445512+0.000758479j -2.26162e-05+0.000838985j 0.000724779-0.0010677j 0.00365007+0.000775338j 0.00419086-0.00157816j -0.00116045+0.0019203j 0.00481018+0.00194919j -0.0075248-0.00313036j -0.00420884-0.00390347j 0.00366671-0.00298079j -0.00116924-0.00541567j 0.00271985+0.00448943j -0.00270522+0.000825229j -0.000648808+0.00575156j 0.0014122+0.000446094j 0.00259898-0.00319901j 0.00173785+0.00272695j 0.00053289-0.0011704j -0.00636258-0.00275837j 0.00140723+0.00209136j 0.00114737-0.000955023j 0.00255009-0.00259982j -0.00288065+0.00122963j 0.00301177-0.00162553j -0.000136322-0.00543506j -0.000513821+0.000264724j -0.00074271-0.00155035j -0.00284761-7.09148e-05j 0.00506649-0.00294839j -0.00134542-0.00509121j -0.00271179-0.00728951j 0.00297145+0.00660741j 0.0036408+0.00143583j 0.000929984+0.00021848j -0.00247522-0.00239705j -0.00240534+0.00404583j -0.0022932+0.00373479j -0.00231055-0.00182607j 4.94528e-05-0.00309176j -0.00241767+0.00396111j -0.0023999-3.72377e-05j -0.00543852+0.000370459j -0.00174184-0.00416458j -0.00242969-0.000727611j 0.00384201-0.0029472j -0.00396217-0.000577407j 0.00297436-0.00196363j -0.00473049-0.0028838j 0.00543042-0.00183706j -0.00314298-0.00424108j -0.00120032-0.00166435j 0.00449425-0.00160498j 0.000318588+0.00238289j -0.000661691+0.000422051j -0.0016949+3.38974e-05j -0.000102397+2.50079e-05j -0.000917428-0.000451839j 0.00244346+0.000375264j 0.000833542-0.000958005j 0.000282974-0.00190794j 0.00286703-0.000671772j 0.00191348-0.00155287j -0.00212196+0.00254186j 0.00357527-0.0010267j -0.000307123+0.000386433j 0.000948186-0.000867624j -0.000204292-0.000951438j -0.00130707+0.00086886j 0.00595642+0.00141604j -0.00570677+0.00323963j -0.00297972-0.000346261j -0.00134713-0.000620869j -0.00605547-3.866e-05j 0.000431641-0.00289737j -0.000562945+0.00161025j -7.1598e-05-0.000700328j -0.00172706-0.00152068j -0.00107503+0.0014658j 0.00121645+0.00514745j 0.000142205+0.000383667j 0.000359333-0.00286763j 0.0035743+0.000463004j 0.00413974-0.00360085j -2.29278e-05+0.00251904j 0.000347742+0.000535346j -0.00182323+0.00163797j 0.00384567+0.00112517j 0.00293121+0.00370496j -0.00050181-0.00251872j 0.00196454-0.00119782j -0.00468979-0.000881679j 0.00386068+0.00558616j 0.000792946-0.00150367j -0.00477802+0.00317869j -0.00273035-0.000253962j 0.000650206-0.00104186j -0.000812058-0.00574027j -0.00316727-0.00269722j -0.0045673+0.000382328j -0.001099-0.00248336j -0.00229803-0.000669972j -0.00480198+0.0021626j 0.00244824-0.000942444j 0.00153423+0.00159541j -0.000911997+2.214e-05j 0.00397567-0.00170552j 0.00192372+0.00127087j -0.00347798-0.00124976j -0.00397671-2.6613e-05j 0.000567095+0.00485598j -0.00631274+3.7658e-05j 0.00143976-0.00121401j 0.00166538-0.0040405j -9.54213e-05+0.000887443j 0.00544331+0.00104175j -0.00192187+0.00517129j -0.00171077+0.00176883j -0.00190823-0.00318416j -0.00290476+0.00337886j -0.00258158-0.00506858j 0.00317065-0.0039357j 0.000216996-0.000201307j 0.00133429+0.00469192j -0.00099139+0.0047986j -0.00151101+0.000193923j -0.000524487-0.000145506j 0.00530864-0.000408242j -0.00285775+0.00272395j -0.00277582+0.00424027j 0.00204505-0.0015301j 0.00352151+0.00108775j -0.00431696-0.00229117j -0.00454583+0.00427062j 0.00184408-0.00442937j 0.000572173+0.000260558j -0.000188533+0.00234443j 0.00202932+0.00162873j -0.00364316-0.000840249j -0.000479714-0.00203042j 0.00133376-0.000590627j 0.00273103-0.0038543j 0.00209203+0.00150501j -0.00200912+0.00474232j 0.00390802+0.00361736j -0.00057436-0.00116659j 0.00390386+0.000266859j -0.00109776+0.00159078j -0.00194313-0.00206641j 
0.00431204+0.000736688j 0.0023959-0.00184552j -0.0020722-0.000412896j -0.000901615+0.000404978j -0.00467152+0.000476609j -1.11093e-05+0.00523278j -0.00226212+0.000358152j -0.000127776+0.00334275j -0.00228671-0.000129935j -0.00324506-0.000662466j 0.000161447+0.000618904j 0.00124044+0.000959009j -0.00155146-0.00170418j -0.00140884+0.000145712j 0.00058752-0.00149727j 0.000582172-0.00184047j 0.00140301-0.000561705j -0.00162074+0.00256358j -0.00208022+0.000127596j -0.00598757+0.000413188j -0.00458712+0.000766436j 0.00345016+0.000822378j -0.00212383+0.00285944j 0.00166333+0.00210142j -0.00399361-0.0010481j 0.00247517-0.004222j 0.00585502-0.00166226j 0.00447168+0.000748291j -0.000431997-0.000259099j 0.00327474+0.00154488j -0.00114475-0.000570434j -1.52011e-05+0.00540622j -0.00161945-0.00122385j 0.0021851+0.00203852j -0.00150419+0.00199085j 0.00265273-0.000502275j -0.00317101-0.00212122j 0.00169667+0.00132855j 0.00111296+0.00219275j 0.00463861+0.00345116j -0.000513163-0.00235785j 0.000785872+0.00220921j -0.00137409+0.000406059j 0.00245414+0.0001959j -0.00188361-0.00189272j 0.00096277+0.00221612j -0.00265292-0.00106658j -0.00346894+0.000398962j -0.00330307+0.00192051j 0.00211661-0.00230116j 0.00248441-0.00010282j 0.000819981+0.0034687j 0.0013103+8.68061e-05j -0.00129955-0.00173442j 0.000442462-0.000973465j 0.000528698-0.00175552j -0.000389934+0.00131501j 0.000838369-0.000295195j -0.00229692+0.000597104j 0.00101127-0.00202471j -0.00182422+0.00278955j -0.000990783-0.00140235j -0.000942943-0.00196299j -0.00253525-0.000588924j -0.000229378+0.000191554j 0.000989089+0.000231546j -0.000915457+0.00307639j -0.00151666+0.000110348j -0.00183627-0.00333932j 0.000895619+0.000788073j -0.000221031+0.00242088j 5.89699e-05+0.000535495j 0.00296273+0.00138785j -0.00106034-0.000169018j 0.000827258+0.00249756j -0.00345635+0.00367239j -0.00194984-0.00186136j -0.00116862+0.00206709j 0.00219249+0.001823j -0.00169941-0.000243991j -0.00377083+0.00390791j 0.00197388+0.00174955j -0.00126128+0.00166526j 0.00233421-0.00397884j -0.0058654-0.000193124j -0.000736561-0.00109609j -0.00243453+0.000222644j -0.0035058-0.00120199j 0.00182826-4.86222e-05j -6.16292e-05-0.00209616j 0.00337902+0.00132885j 0.00103392+0.00401928j -0.00354649-0.00461206j -0.000384426-0.000788023j -0.00177698+0.00130493j 0.0015559+0.00117191j -0.00123233+0.00184902j -0.00226906-0.00186682j 0.00108932-0.00236443j -0.00177193-0.00386409j 0.00102047+0.00116201j -0.000669516+0.00739402j -0.00174678-0.00208422j -0.00235706-0.00733984j 0.00138601-0.000186076j 0.00163932+5.54729e-05j 0.00417459-0.000458512j -0.00206886-0.00653641j -0.00341169+0.000278386j 0.0058705+0.00263215j 0.00162761-0.000346407j -0.00275503+0.000793224j 0.00061187-0.00232482j 0.00570237+0.00246777j -0.00540651+0.00306329j 0.00233928+0.00185585j 0.00226379-0.0050089j -0.00165872-0.000733997j -0.00172423-0.00043519j 0.000764433+0.000256645j 0.00274764-0.00170987j 0.00479683+0.00180033j -0.0015169+0.00248479j -0.0055502+0.0037927j -0.00355744+0.00536137j -0.000312888+0.00102354j -0.0023512-0.00289566j 0.00147142+0.00190637j -0.00190931+0.00306801j -9.69142e-05-0.00155679j -0.00012125-0.000969851j 0.00334889+0.000708358j 0.00102577-0.0038503j -0.00231462+0.000903056j 0.000166916-0.000787898j 0.000556801-0.0036702j 0.00173665+0.000469134j 0.000266578+0.00324661j -0.00184842-0.000255805j 0.00378308+0.000712792j 0.00434721-0.00212465j 0.00390434+0.000588036j 0.0014993-0.00360681j 0.000254756+0.00186116j 0.00225495+0.00249735j 0.00431175-0.000103122j -0.00113789-0.000780105j -0.000117267-0.000509465j 0.00169569+0.00028624j 0.00295719+0.0023418j 0.00216452-0.00133581j -0.00025156+0.00183572j -0.000130102+0.00332734j -0.00147902-0.00219821j -0.00363523+0.00230529j 0.00164262-0.000416633j 0.00279694+0.00300984j -0.000507341+7.4269e-05j -0.00224812+0.00196737j -0.000834703-0.000860295j 
0.0058546+0.000779527j -5.19839e-05-0.00167132j 0.000650968+9.51921e-05j 0.00157076+0.00391839j -0.00347927+0.00108432j 0.000981647+0.00507258j 0.00026244+4.6576e-05j -0.00398368+0.000606711j 0.000716878-0.00294288j -0.00130724+0.0027557j -0.00197073+0.00290087j -0.00149563+1.10601e-05j -0.000615783+0.000365517j -0.00130856-0.000431701j -0.000634177-0.00338423j 0.00242911-0.000548492j 0.000385427+0.000319167j 0.00275704-0.000462203j -0.00248845-0.00299807j 0.00108815+0.0043288j -0.00265558+0.00276042j -0.00333534+0.00118215j 0.00135556-0.000715845j -0.00300014-0.00697123j 0.000971226-0.00197328j -0.00411802-0.0005523j -0.0031896+0.000549366j -0.00181118-0.00070247j -0.00216256+0.00341428j -0.000357483+0.00444967j -0.00155861+0.000999482j -4.02113e-05-0.00413327j 0.00186867+0.00068608j -0.00133906-0.00520335j 0.000129309+0.00794869j 0.0013935-0.00022841j -0.0061081-2.18687e-05j -0.000120183-0.00169285j 0.0021138+0.00269386j 0.00825867+0.00657106j -0.00325979-0.00301022j -0.000797442-0.000422682j 0.00284184+0.00153326j 0.00116432-0.00164107j -0.0073258+0.00416865j 0.00338708-0.000487114j -0.000368553-0.000641781j -0.00583947+0.00190393j 0.00392129-0.00387289j 0.0032087-0.00110744j 0.000527263-0.00457082j 0.00536203+0.000238142j -0.00617635-0.00960837j 0.00325674+0.00415966j 0.00292628-0.00055602j -0.00153479-0.00171326j -0.00438566+0.00193499j -0.000462237+0.00364718j -0.000766149-0.00145883j 0.0014754-0.00015039j 0.00360623-0.0012219j 0.000544355+0.000847802j -0.000639086-0.00459585j 0.000281257+0.00290758j -0.000352042-0.0053436j -0.00136065+0.000868914j 0.00185354+0.00351668j -0.00176746+0.00156632j -0.000454115-0.0040035j -0.00140945-0.000462286j -0.00257864+0.00221735j 0.00100161-0.00150331j -0.00208504+0.00476046j -0.000222607-0.000653739j 0.000936523+0.00379175j -0.00561277+0.000328502j 0.00136588+3.86891e-05j -0.00122399+0.00102772j 0.00272069-0.000545553j 0.00419114+0.0001166j -0.00124426-0.00159481j 0.000790758+0.00361008j -0.00135315-8.33133e-05j 0.000762887-0.00311565j -0.00612586-0.00418959j -0.00535026+0.00197496j 0.00154108+0.00293068j -0.00608545-0.00135175j 0.00170096+0.000458633j -0.00243018+0.00103666j -0.00762768-0.000800256j 4.1951e-05+0.000113342j -0.00503101-0.00232442j 0.000689811+0.00340537j -0.00138229-0.00142771j 0.00153808+0.00364467j 0.000275819-0.00103997j -0.0020333-0.00210832j 0.00378858-0.00142098j -0.00189007-0.00213706j 0.000275081+0.000443313j 0.00286195+0.000844183j 0.000664299+0.00179274j -0.00208449+0.000919471j 0.00192468-0.000522383j 0.0016512+0.00379336j 0.00128805-0.00076931j -0.000658018-0.00455277j 0.00212886-0.00114865j -0.00320591+0.00109419j 0.0016343+0.00329901j 0.000185313+0.00123748j 0.00124337-5.02682e-05j -0.00247974-0.00111847j -0.00104363+0.00105539j 0.00298428-0.00476986j 0.00096163+0.000189184j 1.36111e-05+0.00157875j 0.00217879-0.000307693j -0.000418452-0.0014452j -0.00234253+0.00164785j 0.00183232-0.00262464j -0.00226193-0.00119143j 0.00160055+0.00654747j -0.00143894-0.00121381j -0.00312655-7.80177e-06j -9.17331e-05-0.000210044j 0.000342847+0.00160062j -0.00487514-0.00189371j 0.000607358-0.000434349j 0.00298217-0.00283411j -0.00327564+0.00236325j 0.000913976-0.00148474j 0.00133997-0.00271768j 0.00103673+0.00152997j -0.000338169-0.000773774j -0.00425272+0.00218358j -0.000225574+0.000617095j -0.00394273-0.00130406j 0.00218602-0.000148348j 0.00528833-0.00133133j -0.00188861+0.00367722j -0.000416836-0.00814105j -0.00144743-0.00240451j 0.00309262+0.00254424j 0.00318072-0.00313756j -0.00123016+0.0024648j 0.000542729-0.000206201j 0.00353797-0.00286858j 0.00196413-0.00143018j 0.0012663-0.00152335j -0.00275197+0.000147028j -0.000164809+0.00396438j 0.00287-0.000399348j 0.000515623-0.00046735j 0.000160379+0.000688881j -0.00243257+0.00213913j 0.00216465+0.00136109j 0.00297977+0.0026859j -0.0037243+0.00193493j 
-0.0018581-0.00556156j 5.38639e-06+0.00343368j -0.000838764+0.00161829j -0.000244374-0.00108811j 0.00573941+0.000555202j -0.00580551-0.00240228j 0.00555371+0.000190915j 0.0014134-0.00488101j -0.00190475-0.00599782j -0.00139292+0.000644793j 0.00332834-0.00282329j 0.00299715+0.00124353j -0.000760429-0.00196494j -0.00238282-0.000947449j -0.00155596+0.000217522j -0.00163174-0.000544801j 0.00020977+0.00018917j 0.0020145-0.00255094j 0.00193742-0.000832667j 0.00515903+0.00399421j 0.00673388+0.00377646j -0.00459818-0.000342525j 0.000919786+0.00125612j -0.00127308-0.00379471j 0.00175738+0.00110246j -0.000837822-0.000102493j -0.00283782-0.000491325j -0.00374989+0.000682874j -0.00250864+0.000560984j 0.0019565-0.000511329j 0.00324678+0.00232783j 0.000108898-0.00227227j -0.00511013+0.000841843j 0.000972721-0.00375417j -0.00183572-0.000848042j -0.0020629+0.00174977j -0.000427389+0.00232541j -0.00245483-0.0012869j -0.00204965+0.00278374j 0.00482359-0.000375202j 0.00273413-0.00438468j 0.00394171+0.00461566j 0.0039205+0.000621945j -0.00453993+0.00410701j 0.00262864-0.00341349j -0.00195651-0.00298676j 0.00780187-0.000852136j 0.00102889+0.00193593j 0.00600366-0.00565068j 0.00349369+0.00611231j 0.00288327+0.00261346j -0.00099947+0.000456313j 0.00110938-0.00134278j 0.00170075+0.00131206j 0.00367135+0.00157328j -0.00482771-0.000426322j 0.00462721-0.0033554j 0.000577995+0.00572565j 0.00141277+0.00123156j -0.000262721-0.00223263j -0.00396925-0.00184111j -0.00218236+0.00122887j 0.00187218-7.69924e-05j -0.00347765+0.00072467j 0.000168974+1.78005e-05j -0.00114666-0.000197306j 0.00152275+0.000984181j 0.00136036-0.0013683j -0.00211953-0.000467939j 0.00134467+0.0011715j 0.00362019+0.00229448j -0.000436828-0.000246867j 0.00112636-0.000762905j 0.0014732+0.0033559j 0.0013697-0.000156599j 0.000813198+0.00148384j 0.000763615+0.00155549j -0.00104656-0.000515048j -0.00497395-0.00159429j 0.00319119+0.000629908j 0.00142929-0.00111245j -0.00235181-0.00152199j 0.0020788-0.000281925j 0.00162157-0.00259648j 0.00507523-0.00180377j -0.000603645+0.00121386j -0.000133014+3.60156e-05j -0.000882799-0.00065753j -0.000682833+0.00295442j -0.00253214+0.000473133j -0.000242429-0.00205719j -0.00195271-0.00331185j -0.0021176+0.000675107j -1.80262e-05+0.00170322j 0.000778052+0.000491641j 0.00233827+0.003859j 0.000636058-0.00390479j 0.00327652+0.000510417j 0.00136561-0.00462172j -0.00148481+0.00269641j 0.000419544-0.000200485j 0.00143993+0.00346038j 0.00196031+0.00165822j -0.00167721-0.00111423j 0.00276757+0.000569274j 0.00136698+0.00239341j 5.78813e-05+0.0014235j 0.00130351-0.00289013j 0.00157594-0.00436842j 0.00232571-0.00356426j 0.00217734+0.00772267j 0.00181722+0.00196461j 0.00261822+0.00137404j -0.000551236-0.000930914j -0.00439257-0.00174216j 0.000636266-0.00450641j 0.00142712-0.00289314j 0.000319482+0.00430595j -0.00416105-0.00108211j -0.00131239+0.000894828j -0.00144388+0.00523288j 0.00239686+0.000237092j 0.000798276-0.00161098j 0.00290223+0.00209059j 0.000677561+0.00105027j 0.0024942+0.00219488j -0.00279154+0.00325042j 0.00113847+0.00336095j -0.00347832-0.00213381j 0.000556516-0.000469869j 0.0037386-0.0040532j -0.000502782+0.00116359j 0.00147524-0.00189041j 0.00052275-0.00683484j 0.000165276-0.00322514j 0.00125495+0.00343459j -0.00224709-0.00146801j 0.000523956+0.00125528j 0.000967358-0.00234361j 0.000528802-0.00243946j 2.14199e-05-0.00244953j -0.00274569+0.00203573j -0.00424293-0.00140685j -0.00331883-0.00165112j 0.000765767-0.0010209j 0.0014954-0.000681729j -0.00194504-0.00139131j -0.00116724-0.0013692j -0.00094369-0.000155046j 0.0022468+0.000113584j -0.00375633+0.00128449j 0.0035925+0.00188254j -0.000878484-0.000125959j 0.000551296+0.00456746j -0.000193582-0.00159926j -0.00334563-0.00154691j 0.0029526-0.00216813j 0.00124268+0.00178374j -0.000106011-0.00269142j 0.00251653+0.000531612j 
0.000602414-0.000184781j 0.00411457-0.00307672j -0.00512051-0.00165408j -0.00238398-0.00409294j -0.000399969-0.000202676j -0.00431708-0.000239173j 0.00123016+0.0010608j 0.0046937+0.00188796j -0.00409681+0.000974072j -0.00369315-0.00351508j 0.00439551+0.000458547j 0.0045473+0.00186399j -0.00224555-0.00104051j 0.000197952-0.000974475j -0.00060863-0.000588226j -0.00147553-0.00253873j -0.000265188+0.000441059j 0.000200177+0.000995371j -2.22798e-05-0.0018508j -0.00182847+0.00306206j 0.000710079+0.00106402j 0.00227924+0.000169279j -0.00336834+0.00426367j 0.000426182+0.00341012j -0.00344324-0.00047809j -0.0012428-0.00190743j 0.00168319-0.00143381j 0.0034568-0.00142102j 0.000213446-0.00235732j -0.000500874-8.88177e-05j -0.000792711-0.000678239j -0.000550084+0.00260042j -0.00250142+0.00146643j 0.000719067-0.00210399j 9.23953e-05+0.00266995j -0.0021149+0.000822895j -0.0044369-0.000239418j -0.00149534-0.00320118j -0.00256104+0.000363805j 0.000788517+0.00164749j 0.00114177-0.00522905j 0.00539723+0.00164528j 0.00215654-0.00191613j -0.00318736+0.00265556j -0.00243865+0.000209856j -0.000408422-0.00259467j 0.000608331+0.00343678j -0.00221671-0.000436414j -0.00120255-0.00407834j 0.00010465-0.00441574j -0.00188483+0.00443197j -0.00100314-0.000396j -0.00050257-0.00104373j 0.00318096+0.000425718j -0.00148418-0.0022457j -0.00327579+0.00110526j 0.000610484-0.000380168j -0.00336264+0.00434055j 0.000194782+0.0042919j -0.0036955+0.00135676j 0.000385894-0.00331286j 0.0042853-0.00124897j -0.00262618+0.00223324j 0.00183043+0.00207943j -0.00112277-0.00270689j -0.00153066+0.00219186j -0.00100515+0.00220008j -0.00309007+0.00197992j 0.00309022-0.0013267j 8.40772e-05+0.000253426j -0.00127415-0.00337256j -0.00370615-0.000976021j -0.00196316-0.000342091j -0.00127032-0.00324032j -8.96287e-05+0.00360684j 0.000692339-0.00129848j 0.000574471+0.000196128j -0.00180721+0.00137159j -0.000912806+0.0024754j -1.93128e-05-0.00185178j -0.00102211+0.00264778j 0.000508569-0.00487131j -0.00157155-0.00331536j -0.00521578+0.000387745j -0.00643752-0.00111462j 0.00279115-0.00117374j -0.00106029-0.00107934j -0.0020218+0.000917717j 0.000115763+0.000870761j -0.000296939+0.00108502j 0.00294194-0.00204864j -0.00098308-4.62143e-06j 0.000409353-0.000430374j -0.00065416-0.00885118j 0.00101614+0.00141539j -0.00133596+0.000304743j -0.00290277+0.00727115j 8.42455e-05+0.00190306j -0.00136364-0.00466475j -0.00244489-0.0051128j 0.00237131+0.00256334j -0.00415144-0.000963876j 8.64373e-05-0.00425374j -0.000885992-0.00381355j -0.00125323+0.000519623j -0.00556935-0.00106433j 0.00497444+0.00174741j 0.000649538+0.0015448j -0.00105485-0.000859072j 0.00303424-0.00740112j 0.00206589+0.00506013j -0.004961+0.00182493j 0.00172524+0.000594434j 0.00317676-0.00484798j -0.00377269-0.00064382j 0.00131106-0.0035031j 0.000196114-0.000940421j -0.0022651-0.000719864j -0.00345162-0.000268569j -0.000804892+0.00202074j 0.00345573-0.00271601j 0.00129748+0.00279516j 0.00280015-0.000357099j 0.00107449-0.00354452j 0.00302241+0.0036908j 0.00372227+0.00272842j -0.00107923+0.00233392j -0.00399491+0.00503532j 0.00109911+0.00191153j 0.000464585-0.000456316j -0.00196755+1.23986e-05j 0.0013296-0.00504734j -0.000640796+0.00102096j -0.000708695+0.00181676j 0.00108524-0.00344008j 0.00221505-0.00318913j -0.00108497+0.00174086j -0.00305067+0.00309165j 0.00144689+0.00155869j 0.00339326-0.0025814j -0.00254109-0.000659864j -0.000621208-7.51419e-05j -0.000241751+0.000583776j 0.000740004-0.00364592j -0.000261925+0.0051144j 0.00267844+0.00339107j 0.00258434+0.00305132j -0.00134126+0.000362299j -0.00220711+0.000244862j -0.00157126+0.00405736j -9.51076e-05+0.00219128j -0.0006465+0.00182885j 0.000844802-0.00243484j -0.00160252-0.0043829j -0.000789773-0.00170688j -0.000397651+0.00178697j -0.00542306+0.000785684j -0.00426463-0.00581592j 0.00229677+0.00312728j -0.00269814+7.03289e-05j 
-0.0013848+0.00134247j -0.00630602+0.00189457j 0.00225469+0.00191554j -0.00428843+0.00192465j -0.00126908-0.000264183j -1.11205e-05+0.0040692j 0.000842984+0.00112027j -0.0041878+0.00118418j -0.00355263-0.00536848j -0.00237505-0.00713153j -0.00403582-0.000146525j 0.00125474+0.00335954j -0.0013385-0.00813297j 0.000311139-0.000618898j 0.00266036+0.000201463j -0.00129848+0.00165023j 0.00247822-6.84501e-05j -0.000145018-0.00160571j 0.000666884+0.00207531j -0.00257893-0.00423052j -0.00241109-0.00220451j 0.00296631-0.00121906j 0.000603941-0.00226324j 0.00226338+0.00270891j 0.00182601+0.000541748j 0.00514826+0.00101325j -0.000159147+0.000195951j -0.00133229-0.000693156j -0.00209716-0.000431691j -0.00206103+0.00092275j -0.000243311-0.00075645j -6.54616e-05-0.00104273j -0.00034355-0.00169862j -0.00153932+0.0008487j 0.00179485-0.00509627j 0.0018509+0.0022583j 0.00288102-0.00280197j -0.00331164+0.00116191j -0.000309361-0.000821554j 1.62732e-05+0.00020787j 0.00120763-0.00427407j -0.00313976-0.00132978j -0.00104671+0.000198712j 0.00282266+0.00128783j 0.00264794+0.00168682j 0.000521702-0.00184295j -0.00128705-0.000736985j -0.00201987+0.00222876j 0.00234965+0.00267569j -0.00425813+0.0022967j -0.00111088-0.00126483j 0.000831529+0.000989852j 0.00431844+0.00251721j 0.000314686+0.00586968j -0.00340309-0.000695247j -0.00293808+0.00413536j 0.00407213-0.0045491j -0.00260827-0.00169827j 0.00121012+0.000571499j -0.0036964-0.00560618j -0.00270628+0.00350068j 0.000226392-0.00444399j 0.00321053+0.00141409j -1.49692e-05-0.00174495j -0.00123-0.00143268j -0.000711507+0.000459962j -0.000378104-0.000377263j 0.00176368-0.0028531j -0.000477111-0.000330574j -0.00214921-0.00250188j -0.000263482-0.000339974j 0.000722745+0.00151908j 0.00158651+0.00325873j -0.000202645+0.000459036j -0.00150115-0.00245702j -0.000992775+0.00285315j -0.00327711-0.000641329j 0.00128984-0.00186735j -3.61478e-05+0.00148969j -0.00444+0.00354212j 0.000807745-0.00266803j 0.00449849+0.000585822j 0.000981929+0.00221456j 0.000436966+0.000532035j 0.000957819+0.000624068j -0.00377817-0.0031073j -0.0019879-0.000960728j 0.00154483+0.00127062j -0.00137266-0.000347335j -0.00298934-0.00196244j -0.00703-0.000577187j -0.000277998+0.0038565j -0.00116255+0.00240219j 2.32399e-05+0.00354883j 0.00207959-0.00361669j -0.000613198+0.00113635j -0.000202048-0.00342538j -0.00393713-0.00631606j -0.00114744+0.00200232j -0.00121454-0.000292357j -0.00187052+3.98549e-05j 0.00395062+0.0010433j -0.00404595-0.000872349j 0.00362968-0.000840291j 0.000186806+0.000501774j 0.00200137-0.000569265j -0.000840495-0.00149188j 0.00206949-0.00453381j -0.000351953-0.00213088j -0.00113891+0.00250929j -0.000271592+0.00197145j 0.00288325+0.000793788j 0.00180666+0.0052717j 0.00333163-0.00134603j -0.00344812+0.0023865j -0.00123551+0.00247899j 0.000722242-0.00205077j 0.000414382-0.000379118j -0.00187468+0.00651639j -0.00109895+0.0006435j 0.00178053+0.00467844j 3.31742e-05-0.00330064j 0.00294205-0.00660004j 0.000559123+0.00103232j 0.00158157+0.00230037j 0.00357079-0.0022177j -0.00235027+0.000994714j 0.00284662-0.00202482j 0.00347303-0.00355174j -0.00272583+0.00154265j -0.00280124+0.00146915j 0.00223293-0.00265542j -0.00106684-0.00380979j 0.00295843-0.00237017j 0.000802541-0.00341152j -0.00454273-0.00529966j -1.98347e-06-0.0031181j 0.00162384+0.000430813j -0.00165927-0.00211847j -0.00310274-0.000728099j -0.00335937+0.00465042j 0.000989653-0.00133449j -0.00180682+0.00165476j 0.000807484+0.00421886j 0.00213498+0.00250318j -2.22077e-05+0.00131307j 0.000765943-0.00352697j -8.57677e-05-0.00372111j -0.0065858+0.00168617j -0.000218444+0.00287487j 0.000117805+0.00210811j -0.000503676+0.00666398j -0.00290962+0.000869755j -0.00138655-0.00187097j 0.00127579-0.00108288j 0.00182414-0.00237818j 0.000605228+0.00386211j -0.00310222+0.000722477j -0.00097138-0.000706159j -0.00114582-0.00157522j 
-0.00119519-0.000609892j -0.00276186-0.00332481j 0.000663252+0.00243655j -0.00486222+0.00133257j 0.00244351+0.00183376j 0.000963599+0.00288742j 0.000244788+0.00629618j 0.000926515+0.000627888j -0.00215531-0.00351558j -0.00136881-0.0056176j -0.00189793-0.000507401j 0.00503019+0.00310111j -0.00184798-0.00681397j -0.00328633-0.000442392j 0.00191617+0.00132678j 0.00237092+0.00104297j 0.00107288-0.00199184j -0.00173596+0.0012636j 0.00534287-0.0019997j -0.00633497-0.00177117j -8.34415e-05-0.00431347j 0.000915882+0.00213504j -0.00657215-0.00161656j 0.000694402+0.00311595j -0.00362209+0.00366215j -0.00228385+0.00229032j -0.00227965-0.00125529j 0.00298795-0.00361991j -4.19587e-05-0.00309165j -0.00108429+0.000939107j 0.00212201-0.0028876j 0.000550018-0.00312829j -0.000394405+0.00121797j 0.00048705+0.00322107j -0.000556936-0.000978017j -6.31959e-05+0.000940706j 0.000292268+0.00103579j -0.000777489+0.00121968j -0.00579356+6.4699e-05j -0.00123528-0.001451j -0.00434054+0.00027213j -0.00128341-0.00154033j -0.0011513+0.00164436j -0.00111325+0.000874535j -0.000743616-0.000753136j -0.00344871+3.20878e-05j -0.00211117+0.00165975j -0.00114118-0.00386736j -0.00172306+0.000153903j -0.00261309+0.00107501j -0.00189531+0.00323086j 0.000205337-0.0026563j 0.00496779-0.00161317j 0.00557914+0.00276259j -0.00480673-0.00102609j 0.000965658+0.00491065j -0.00494331-0.00238846j -0.00204348-0.00198667j -0.00368387+0.00501125j -0.00290742+0.00257899j -0.00299895-0.000942774j 0.00544025+9.55789e-05j -0.000324972+0.0065951j 0.000546673-0.00293451j -0.00402856-0.000315362j -0.000235588+0.00236429j 0.00236844+0.00122329j 0.000436205+0.00259642j 0.00264187-0.00036623j 0.000367842+0.00170025j -0.000758492-0.0015197j -0.00158538+0.00128086j -0.00119255+0.00234984j 0.000507612+0.000148893j 0.000894745-0.000865371j 0.000288831+0.000364738j 1.0827e-05-0.0019653j 0.00319853-0.00087323j -0.00241568-0.000362818j 0.00406983+0.0015102j -0.000278444-0.000688385j -0.00168144+0.0022923j 0.000307014+0.00195449j 0.00473525-0.00076338j -0.00215431-0.00176075j -3.9956e-05+0.000763247j -0.00102452-0.00158112j 0.00428642+0.00173751j 0.00120588-0.000164773j -0.00163862+0.00135053j 0.00266354+0.00103688j 9.40591e-05+0.00269264j 0.00295158+0.00143259j 0.00400945+0.000490542j 0.00159433+0.000584039j -0.00231678+0.00340851j 0.00245339+0.00259995j 0.000686747+0.000693166j -0.000795261+0.00190418j 0.000208755+0.00350001j -5.27454e-05+0.000129742j 0.000774604+0.00185369j -0.00218921+0.00128478j -0.00266358+0.000357554j -0.00577319-0.00204447j -0.00258535-0.00181698j 0.00229046-0.000859851j 0.00173303+0.00445823j -0.000180212-0.000555581j 5.72761e-05-0.000415279j -0.00164194-0.00330653j 0.00053625+0.00181518j 0.00341774+0.00477541j 0.00446731-7.21265e-05j 0.00095138+0.00221139j -0.00438133+0.00122668j 0.00317148-0.00276342j -0.00125202-0.000392655j -0.00246931+0.00272438j 0.000390269-0.000115767j 0.00281046+0.00182583j 0.00439473-0.00101985j 0.00466419+0.000273528j -0.000480278-0.000927989j -0.00105601+0.00162745j 0.0022873-0.00172453j -0.00623763+0.000847582j 0.00195358-0.000837809j -0.00201258-0.0024155j -0.000767717+6.8075e-07j 0.000681356-0.00548014j -0.00054337-0.00305992j -0.00206371-0.00322489j 0.00092306-0.00122679j -0.000751206+0.000891292j -0.00111998-8.05837e-05j 0.00115132+0.00138855j 0.00348063-0.00272121j 0.000874452+0.000886771j -0.00142867+0.000426633j 0.000496173+0.00207003j -0.00222803-0.00302262j 0.00242591+0.00107481j -0.000496062-0.000783025j 0.00184069-0.00246346j 0.00105626-0.00196777j 0.000161087-0.00180964j -0.000233011-0.000790587j -0.000168061+0.00138827j 0.0027411+0.00106105j 0.00164388+0.00110397j 0.00108976-0.000519944j 0.000175972+0.000457049j -0.0012658+0.00404755j 0.000418297+0.00159714j 0.000113024-0.000485827j 0.00130675+0.000638916j -0.00240183+0.000257294j -0.000102675-0.000308719j 0.000644477-0.00198944j 
0.00137905-0.00219238j 0.00330029-0.00336482j -0.00120043+0.00122512j 0.000187574-0.000135418j 0.00205665-0.00130577j -0.00522386-0.000704351j 0.00277243+0.000555627j 0.000152067-0.0034627j 0.000784289-0.00401796j 0.00114459+0.000709324j 0.00202686-0.00191204j 0.00156377-0.00125676j -0.000471305+0.00158974j -0.00149687+0.00126502j -0.000249761+0.000303249j -0.00137747-0.000467145j 0.00274604-0.00205478j -0.0041244-0.00154202j -0.000318276+7.87802e-05j -0.00216346+0.00191601j -0.0002857-0.00359679j 0.00705921+0.00105679j 0.00181669+0.00745624j 0.0032462+0.00781668j -0.00214217+0.000635529j 0.00335733-0.00560545j 0.00711879-0.00155497j 0.00328361+0.00264051j -0.000320231-0.00094206j 0.00418375-0.00234386j 0.00185434-0.00069432j -0.000643152+0.00262009j 0.000334089+0.00192573j 0.00140329+0.00196533j 0.000105485+0.00253182j 0.000634052-0.000910193j -0.00199579+0.000419453j 0.00010863+0.00156213j 0.000605154+0.000404782j -0.00120272+0.000437654j -0.0011113-0.00260609j 0.00109739-0.00207324j -0.00217375-0.00331885j -0.000550626+0.00184761j 0.00282605-0.000234486j 0.00024013+0.00114556j 0.00370172-0.00234451j -0.00195748+0.00236143j 0.00132672-0.00430401j 0.00614519+0.00319963j 0.00464324-0.00330344j -0.00456068+0.00327927j -0.000297587+0.00031348j -0.00929814-0.0054594j 0.0042929+0.00134995j 0.00394612-0.00765144j -8.63627e-05-0.00559831j -0.00287024-0.00401096j -0.00113471+0.00390907j 0.000279344-0.00069802j -0.00339567+0.00366379j -0.00675876+0.0049509j -0.00164021-0.00338878j -0.00556944-0.000954147j -0.000659751+0.00485616j 0.00309256+0.000631737j 0.000229143-0.00109326j -0.000651119-4.12235e-05j -0.000729172-0.000571266j -0.000539168+0.00319729j -0.000723682+0.00108064j 0.000986009+0.00123844j 0.000113474-0.000432732j 0.000547097+0.000744001j 0.0012209+0.000462217j -0.000778657+0.00235061j 0.000434249-0.000945786j -0.000920772+0.00381371j 3.88623e-05+0.00414172j -0.000361401+0.00064842j 0.00110477-0.00164967j 2.60039e-05+0.00126534j 0.00110158+0.000195252j 0.00263499-0.000129238j -0.000681619+0.00206975j 0.000584749-0.00221183j 0.00186536-0.00195634j 0.000671032-0.000262426j 0.00083685-0.00272502j 0.0026398-0.000496867j 0.0033692+0.0044372j -7.46027e-05+0.00567006j -0.000510955+0.00241764j 0.000884242+0.00151446j -0.00147735-0.000861738j -0.0022908+0.00288574j 0.00208753+0.000449601j -0.000168354+0.00241527j -0.00102373+0.00248395j 0.00021869+0.00271381j -0.000991198+0.00060131j -0.000232712+0.000395242j 0.00503872+0.000197328j -0.000903883+0.000362972j -0.00116159-0.000632479j -0.00357609+0.00110551j -0.00168251+0.00101564j -0.0018288+0.00153045j -0.000178531+0.00206846j -0.000861744-0.00344893j 0.00243404+0.000577408j -0.00100062-0.0030494j 0.00114044-0.000201833j -0.00221133-0.000236901j 0.000686257+0.000251374j 0.00135625-0.00253095j 0.0012915-0.000944188j -0.000552977-0.000121227j 0.00042175-0.00222943j -0.00167163-0.00168503j -0.00170453+0.00244273j -0.000332274-0.00155096j 0.00167736-0.00152342j 0.00483758+9.8475e-05j 0.00254964+0.0024786j -0.000929105+0.000512208j -0.000303208-0.00107761j -0.00169594+0.000681721j 0.00426286-0.00282646j -0.00113479+0.00289695j -0.00143469+0.00377356j -0.00396916+0.00216056j -0.000506879+0.00360256j -0.0014267-0.00510025j -0.00167565+0.000574575j 0.00298737-0.00343171j 0.00231459-0.00218682j -0.00287803-0.00257332j 0.000520076+0.00136776j -0.000400813+0.00274627j -0.0022927+0.002674j -0.00173577+0.00181363j -0.00611462+0.0021459j -0.00137751+0.00303606j 0.00330451+0.000254227j -0.00173467+0.00135084j 0.00366955-0.00206827j -0.0017134+0.00262482j 0.00142822+0.000998217j 0.00320725+0.00430921j 2.82511e-05+0.000149175j 0.00217077+0.00465362j -0.00135223+0.00337062j -0.00101983-0.00259728j -0.00179944-0.00149512j 5.70711e-05-0.00220442j -0.000968312+0.00352408j -0.00188191+0.00217439j -0.00262184+0.00184453j -0.00142876+0.0006417j 
0.00054163-0.00269451j -0.000226546+0.00184515j 2.29366e-05+0.00175294j 0.000959013-0.000243489j 0.000333972+0.00267645j -0.000497888+0.00371833j -0.00083291-0.00221871j -0.000147095+0.000524974j -0.00459312-0.00106895j -0.00130683+0.00280517j 0.00246328-0.000688275j 0.00143478+0.00168942j 0.000175756+0.000623201j -7.13168e-05-0.00136224j 0.000544806+0.000458681j 0.000703516-0.00129489j -0.000250862+0.00210422j -0.00122063+0.00171266j -0.00698504+0.00205398j -0.00170428-0.00209111j -0.00463106+0.00272746j -0.000185385-0.000458724j 0.00151204-0.00166714j 0.00298664-0.00250671j 0.00219157-0.00519288j 0.00489936-0.00304709j 0.00263888+0.00229798j -0.00186057+0.00367482j -0.00168411-0.00140258j 5.11622e-05-0.00105025j 0.00231988+0.00236765j -0.00140333-0.000920591j -0.00194646-0.00139057j 0.00312647-0.00138685j -0.00149791-0.00261198j 0.000889816-0.00128054j 0.00124165+0.00138894j 0.00028482-0.000128723j 0.000342365+0.00145471j 0.00243977+0.000913191j 0.00404445+0.000522225j 0.00104476-0.00228535j 0.000347471-0.00349288j -0.000391057+0.00366907j 0.000798173+0.00303793j -0.00126226-0.00155627j -0.00466718-0.00317958j -0.00186176-0.00266045j 0.00211432+0.00152614j 0.00166325+0.00174142j 0.00116044-0.0036477j -0.000727888-0.00411522j 0.000668846-0.00496172j 0.00249142+0.00204936j 0.00167202+0.000742271j 0.00314281-0.00329442j -0.00162383-0.00101472j -0.00177614-0.00111964j 0.00163686-0.000158664j 0.00244529-0.00274163j 0.00487664-0.000319163j 0.000620089-0.000285963j 0.000985162-0.000990003j 0.00178934+0.00229214j 0.00204464+0.00312167j 0.000899604-0.00239121j -0.00165735-0.000356033j 0.000825012-0.00183928j -0.000929519-0.00128624j -0.000370569-0.00269812j -0.00105822+0.000943246j 0.00126158+0.000895564j -0.00282373+0.00206456j -0.00022261+0.00177827j 0.000834491+0.00118582j -0.00123383-0.00145974j 0.00190964-0.00257563j 0.000318451-8.76379e-05j 0.00108893-0.000175628j 0.00531565-0.00614259j -0.00223982+0.000926466j 0.000342592-8.82797e-05j 0.00164693-0.00400273j 0.00331859-0.000845634j -0.00553207+0.00030308j 0.00339596+0.00359949j -0.00147154+0.000887195j 0.00323686+0.00130257j -0.000100769+0.00227284j 0.00222706+0.00103126j 0.00219606+0.00171912j -0.00163245-0.000826916j 0.00610131-0.00112495j 0.00488096-0.00153944j 0.002947+0.000228271j -0.000185699+0.00260542j 0.00395589+0.000991479j 0.00126356+0.00461275j 0.00236351-0.00169988j 0.00192197+0.00530327j -0.00016967-0.00204043j -0.00254055+0.00277052j 0.0017886+0.000330209j -0.00312693-0.000113548j -0.00600473-0.00173267j 0.00240858-0.00188052j 0.000128576+0.00136975j -0.00126205+0.00308134j 0.00230242-0.00271249j -0.00077353-0.00673254j 0.00131381-0.00306954j -0.00204381-0.00254581j 0.000227755+0.000792607j 0.000359676+0.000677227j 0.00156402+0.00143755j -0.000272904+0.00286602j -0.00338108+0.00375002j 0.00135239-0.00449155j -0.00191907+0.00198865j -0.00121433-0.00126349j -0.000414492+0.00194244j 0.00261661+0.000978795j -0.00341641+0.00413337j 0.000146736+0.00377847j -0.000663509-0.00282331j -0.00148777+0.00109607j -0.00644727+0.00262302j -0.000614866+0.00155033j -0.00188239-0.00310458j -0.00290881+0.00315806j 0.000482143+0.00150612j 0.000134477-0.00237577j 0.0012581-0.00355409j -0.00250653-0.00267226j 0.00302719+0.00263139j -0.00659472+0.00446986j 0.00245366+0.00581633j 0.00129842+0.000939305j 0.00503977+0.000684839j -0.000498895+0.000137804j 0.00336306+0.00468262j -0.000308273-0.00130862j 0.000706891+0.00073625j -8.88855e-05-0.000623529j -0.00481217-0.00226664j -0.00427645-0.0011501j -0.00085122+0.00108715j -0.000559539-0.00041691j 0.00214124-0.00151253j 0.000967679-0.00215639j -0.0013202+0.00212856j -0.00345-0.00346931j -0.00111349-0.00286647j 0.0024022-0.00492186j -5.06545e-05-0.000855609j 0.000197877+3.40623e-05j 0.000412768-0.00158143j 0.000401194-0.00420323j -0.000821116-0.000178082j 0.000423821+0.00105151j 
-0.000169987+0.00132901j 0.00385416-0.00313109j -0.00286198-0.000126289j 0.000342313-0.00181463j 0.00112565-0.00165559j -0.00818172+0.00221705j 0.0035381-0.00262429j -1.93583e-05-0.00145707j -0.00368986-0.00371208j -0.00193437+0.00069632j 0.00416423+0.00110979j 0.000901953+0.00127522j -2.0249e-05+0.00281231j 0.0010676-0.000719828j -0.00196977+0.000648699j 4.46595e-05-0.00168902j -0.0030585+0.000964559j 0.0018178+0.00381542j -0.0018574-0.00293947j 0.00170748-0.000228375j -0.000352984+0.000327629j -0.00181183+0.000823873j -0.00222206-0.000291453j -0.00241333-0.00328953j -0.00137017-0.0019001j -0.0048191+0.00106614j -0.00179107+0.00244116j 0.00101716-0.00119685j 0.00145734-0.00186996j 0.00061459+0.000639654j -0.00130107-0.000115566j -0.000618666+0.00104594j -0.00114778+0.00357894j 0.00135946-0.00143496j 0.00162154-0.001801j -0.00221027-0.00259797j -0.00221592+0.00229078j -0.000979672-0.000874531j -0.00206979+0.00169566j 0.00212357-0.00125147j 0.00134392-0.00241632j -0.000450791-0.00396379j 0.00300723+0.00111101j 0.000271661+0.00699388j -0.000484811+0.000694511j -0.00277341+0.0025284j 0.00187221-0.00263514j -0.00328236+0.00267131j 0.00349981-0.00355084j -0.000222976+0.00373419j 0.000991604-0.00338432j 0.000940817-0.000614599j -0.00495255-0.00222156j 0.00356649+0.00570178j -0.00293412-0.00269615j -0.00402113+0.00475924j 0.00320024-0.00155739j 0.00102595+0.00388927j 0.00364624-0.00203124j -0.000920736-0.00486394j -0.000686016-0.00359324j 0.0023509-0.00100323j 0.00141321+0.000799428j 0.0031506+0.00074065j 0.00171749-0.00304769j 0.00184559-0.0019756j -0.000285748-0.00220451j -0.000282675+0.00177439j 0.00209225+0.000522985j -0.000218169-0.000813413j -0.00519208+0.000503485j 0.00114652-0.000227123j -0.00224453+8.60045e-05j -0.00215389-0.00352923j -0.00280482+0.000496153j 0.00085751-0.00121545j -0.000191408-5.95381e-05j 3.82191e-05+0.00193429j 0.00269388+0.0034184j -0.000703007-0.000210875j 0.00113861+8.82179e-05j 0.00366755+0.00490598j -0.00207014+0.00228419j 0.000768658-0.00262224j 0.00245021+0.000700431j -0.00255083-0.00428581j -0.00206439+0.00210695j -0.000482698+0.00305575j 0.000137391-0.00374976j 0.00458072-0.00159289j 0.00145241+0.0010206j 0.00175871+0.00690514j 0.0017475+0.00474255j 0.00138459-0.00173144j 0.0018179-0.00129896j -0.00258951+0.00322699j -0.00106697+0.00222079j -0.00213577+0.0033311j -0.00294594-0.00355774j 0.00297384+0.00101346j -0.00124617+0.00140287j -0.0037755-0.00113359j 0.00180083+0.0018179j -0.00200156-0.00279296j 0.00211817-0.00192657j -0.00135938-0.000517339j -0.00166078-0.00247921j -0.00279893-0.00168906j 0.00330271-0.0018924j -0.00181769-0.00370368j 0.00024502+0.00206545j -0.00140786-0.00215446j -0.00132093-0.00174098j 0.00368229+0.00237416j 0.00210651+0.0028314j -0.00531882-0.00297043j 0.00280559-0.00102202j 0.00159857+0.000677572j 0.00114212+0.00131968j 0.00173092+0.00247499j -0.00181705+0.00339369j 0.00135937+0.00141272j -0.00473649+0.00412071j -0.00170049+0.000790972j -0.00133444+0.00195967j -0.00177759-0.000448583j 0.000100604-0.000837354j 0.00468346+0.0023707j -0.00257264+0.00239918j -0.00209145-0.000143499j -0.0018457+4.79315e-05j 0.00440808-0.00215172j 0.00411594-0.0027795j -0.00133437-0.00215676j -0.000641553-0.000487141j 0.00207288+0.00400437j 0.00675692-0.00303277j 0.0024411-0.00187825j 0.000797444-0.00258028j -0.00219774-0.000642503j 0.00189874-0.0033769j 0.00554014-0.000630468j 0.00431908+0.00171094j -0.000984428-0.000847296j -0.00162753+0.00237237j 0.00178748-0.00400157j -0.00227601+0.00185712j 0.00190515+0.000427723j 0.00521257-0.00151382j 0.000285246-0.00278614j 0.000886078-0.000720396j -0.00530102-0.00186876j 0.00235083-0.00145107j 0.00325075+0.00298528j 0.000152215+0.00019898j -0.00105141+0.00209588j 0.00123043-0.000409108j 0.00214883-0.00110134j 0.000710406+0.000876124j 0.000561244+0.000180106j 
0.00142035-0.00105135j 0.000347628-0.000407003j 0.00110204+0.000138798j 0.00382734+0.00194847j 0.00113246-0.00134366j -2.04889e-05-0.00182035j -5.35379e-05-0.00242648j -0.00259571-0.00254064j 0.00545434-9.01219e-05j 0.00415165+0.00417718j -0.000591753+1.58338e-05j -0.00496298-0.00379211j 0.00293607+0.00541045j -0.00294291+0.00249476j -0.000433401+0.000870351j 0.00148333+0.000530336j -0.00159464-0.000839895j -0.00132632+0.00384727j 0.000819045-0.00151328j -0.000932514-0.00190571j 0.000849165+0.00030206j -0.00145902+0.00131728j -0.00336116-0.000723652j 0.000176322-0.000948488j -0.00350877+0.0011642j -0.00231684-0.000976155j 0.000265134+7.5364e-05j 0.00076048+0.000417677j -0.00113098+0.00106946j 0.00147117+0.000775161j 0.00127905-0.000427679j -0.00106471+0.00131036j -0.00123702+0.000416231j 0.00535886+0.00478547j 0.00278669-0.00294722j -0.00141618-0.000980256j -9.79064e-05+0.00222642j -0.000663015+0.000631774j -0.0024497-0.000283889j -0.00238748+0.00173627j -0.00156633-0.00163627j 0.000306398-0.000757622j 0.000113477-0.000720172j -0.00134444+0.000909104j 0.00155122-0.00225969j -0.00290263+0.0012614j 0.00104311+0.0015766j -0.000391763-0.00279972j -0.00212742+0.00130113j 0.00122759+0.0024847j 0.001752+0.00247057j -0.002432+0.00206109j 0.00631223-0.0010131j -0.00153526-0.000619845j -0.00127675+0.00101838j 0.000240843-0.000859697j -0.00242437-0.000804019j -0.00207132-0.00145837j -0.00142035+0.00378636j -3.87021e-05+0.00147855j -3.66959e-05+0.000853227j 0.00281356+0.00149798j -0.0020028+0.00539642j 0.000894589+0.000401616j -0.00325996+0.00189391j 0.00037561+0.00119108j 0.00299001+0.00134709j -2.70035e-05+0.00205724j -0.000233304-0.00180168j -0.000562534+0.00399489j -0.000415966-0.00016303j -4.76398e-05+0.0039575j 0.00172426-0.000832354j -0.000920311+0.00078317j 0.000132059-0.00393039j -0.000103518+0.00247524j -0.000775673+0.000738192j -9.2208e-05+0.00161192j 0.00365799-0.000656341j -0.000833625+0.000485008j -0.00245999+0.00310478j -0.000255149-0.00258842j -0.000747984-0.00216431j 0.00280005+0.000335404j 2.50961e-05+0.00300054j 0.000669471+0.00139103j -0.00255968-0.000546197j 0.00166502-0.00183966j -0.000541066-0.00121766j -0.000490682-0.000441433j 0.0031317+0.00257224j 0.00269821-0.00111054j -0.00095223-0.000612757j -0.000751321-0.00097398j -0.000210432+0.00086347j -7.5722e-05+0.00123446j 0.00274749-0.00142293j -0.00135025+0.00133925j 0.00411455-0.00335862j -0.00129012+0.000861662j -0.000225162+0.000313999j 0.00254839-0.00111905j 0.00117746+0.000512203j -0.000515445-0.00259735j -0.00273771-0.00024829j -0.000580879+0.00276904j 0.00287502+0.00240214j -0.00322575-0.000985935j -0.000504049+0.00132445j 0.00386927-0.00283025j 0.00465746-0.000450528j -0.000140588-0.00165922j 0.00315881-0.000590423j -0.00485224+0.000405261j -0.00283342-4.30184e-05j 0.00155727-0.00117103j 0.00151571-0.00435509j 0.00129108-0.00142796j -0.00153232-0.00325568j -0.000442074-0.00627299j -0.000144682+0.000296533j 0.00202698-0.00510161j -0.000615688+0.00204247j 0.00915225-0.000206244j -0.000624651+0.00160703j -0.00331833+0.00424233j -0.00354485+0.00106686j -0.00172941+0.000962711j -0.00197483-0.00288616j -0.000761407+0.0013j 0.00287348-0.00425214j -0.00167393+0.00623031j -0.0035236-0.00334938j -0.0026895-0.00200097j 0.00345688+0.00547679j 0.00172298-0.00339313j -0.0030033+0.00529483j -0.00272791+0.00140684j -0.000168235+0.00178122j 0.00288343+0.00148104j 0.00439021-0.00198321j -0.00231087+0.000712617j 0.000179648-0.00184206j -0.000694628-0.0031875j 0.00467222-0.00747565j 0.00219047-0.000655134j 0.000830588-0.00562535j 0.00132426+0.00083123j 0.00310334+0.00502385j 0.00728685+0.0032046j 0.00482142-0.00287403j 0.00439545+0.00170698j 0.000578598+0.00163909j -0.00258578+0.00332243j -0.00371772+0.00188936j 0.000962928+3.6386e-05j 0.00586066+0.00146765j -0.0034871+0.00378581j -0.00348558-0.000362993j -0.000717078-0.00215716j 
0.00109024+0.00218922j -0.000696407-0.00139721j -0.00243188-0.00168791j -0.00227594-0.000650565j -0.00335227-0.000563229j 0.00259071-0.00352597j 0.000323214+0.00510275j 0.00440864+0.00262105j 0.00275434+0.0041114j -0.00210019-0.00234961j -1.08714e-05+0.00101823j 0.00160707+0.000699265j -0.0022737-0.00264j 0.00144993-0.000382217j -0.00101872+0.000518671j 0.00121374+0.00198451j 0.000952834+0.000415734j 0.000309584-0.00210474j -0.000254586+0.000585358j 0.00302945-0.000322343j 0.00143816-0.000930085j 0.000250689-0.00145426j 0.00263703+0.000664821j -0.00137367+0.000512157j 0.000622347-0.000972395j -0.00146497+0.00276826j -0.00112497+0.00232026j -0.00285899+7.41413e-05j 0.000499278+0.000235358j 0.00209287+0.00121416j 0.000146943+0.00239957j 0.000799061-0.00118323j 0.00296975-0.0025652j 0.00228481+0.0009775j 0.00239213-0.00108938j -0.000202994-0.00182048j 0.00284961+0.00129155j -0.0018076+0.00146929j 0.000182557+0.00339731j -0.00675308+0.0014983j -0.00216887+0.00234891j -0.00330944-0.00402496j 0.000507285-0.0034161j -0.00119493+0.000483872j 0.00327697+4.02833e-06j 0.00206093+0.000965878j 0.00217437+0.00310105j -0.000979392+0.00560144j 0.00432895+0.000194997j -0.00233688+0.00168977j 0.00157718-0.00518119j 0.00335906+0.00240516j 0.00219609+0.00355554j -0.00671166+0.00672207j -0.00246994+0.00212352j -0.000359986+0.000737694j 0.00476864-0.0041747j -0.00408096-0.00195089j 0.00494957-0.000673383j -0.00393225-0.000573333j 0.00274009+0.00255386j -0.000746439-0.00375671j 0.00421381+0.00171529j 0.000994601-0.000711935j -0.00554919+0.00344708j 0.00170186-0.001324j 0.000240831-0.00268904j 0.00512557-0.000214505j 0.000442072-0.0020106j 0.000517831+0.0032119j -0.00370075+0.00251091j 0.00223741+0.00224836j -0.000432451+0.00202362j -0.00123623+0.00129706j -0.00122292-0.00122063j 7.57188e-05-0.00159953j 0.000273221+0.000736661j 0.000136327-9.38468e-05j 0.00188389-0.00177132j -0.000679356-0.000404772j -0.00136166+0.00116022j 0.00183606-0.00105355j 0.00186027-0.0015287j -0.00265441+1.79057e-05j -0.00242943+0.00116842j -0.000733449+0.00263597j -0.00259159+0.00306861j -0.00116102-0.00323268j 0.000630275+0.00143907j 0.000719097+0.00256147j 0.00124936+0.000591156j 0.000487389-0.00451446j -0.00145685-2.09964e-05j -0.00172885-0.00303565j -0.0022896-0.00108395j -0.00216479-0.00403672j -0.000294821+0.00232035j 0.000483761-0.0019838j -0.00135541-0.00265654j -0.00191652-0.00404957j 0.00189006-0.000662144j 0.000420441-0.0036401j 0.00409391-0.00159414j -0.00159717-0.00291951j 0.00300645-0.00122599j 0.000704244-0.00284573j 0.00583787+0.00162826j 0.00171631-0.000897269j -0.00083807+0.000909575j 0.00199304+0.00186722j 0.00379457-0.00127412j 0.000984857+0.00106582j -0.000577215+0.000320752j 0.00440899+0.00384044j 0.000273738+0.00396566j 0.00475194-0.00165849j 0.00264558-0.00582425j 0.000557825+0.00416062j -0.000454414-0.00501258j 0.0051523-0.00261393j 0.00406909-0.00499099j 0.00306668+4.15061e-05j 0.000176413+0.00401913j -0.000244608+0.00441397j 0.00165177+0.00274461j -0.00254424-0.001251j -0.00410308-0.00118777j 0.00045499+0.00341507j -0.00148056-0.0055905j 0.00472773-0.00201472j 0.00286301+0.0015695j 0.00103667+0.00177231j 0.00385513-1.71893e-05j 0.00332674+0.00147315j -0.00108515-0.00158853j -0.00208269+0.00179579j 0.00242326-0.00161873j 0.00058038+0.00464164j -0.0029799-0.00184011j 0.00313847-0.00162872j -0.00247683-0.00120777j 0.00156959+0.00375107j -0.000472425-0.00613681j 0.000576035-0.00252666j 0.00134439-0.00291841j -0.00439149+0.00252905j -0.000482917+0.00158037j -0.00265231-0.00054761j 0.00392951+9.51416e-05j 0.00227732-0.00124342j -0.000743197-0.00295117j 0.00117975-0.00405611j -0.00442898-0.0014183j 0.00902114-0.00104827j -0.0021304-0.000254181j 0.000963251+0.00278039j 0.000620752+0.000721059j 0.0037109+0.00112694j -0.000830748-0.000498024j -0.000653956+0.000845456j 
-0.000925015+0.00308722j 0.00217863-0.000926535j -7.45074e-05-0.00256687j 0.00391506-0.00231184j 0.000714124-0.00112758j -0.00172602-0.000642749j -0.00239069-0.00564658j -0.000128026+0.00153447j -0.00190845+0.00270646j 0.00200754+0.00287347j 0.0030127+0.0023447j -0.00275364-0.000167091j 0.00320059+0.00679479j 0.00235367-0.00215046j -0.00138202+0.000169071j 0.00101642+0.000212845j -7.11785e-05-0.000423328j 0.00106514+0.00083637j 0.0012942-0.000429574j -0.000400791+0.00028227j 3.02085e-05+0.000984882j 0.000214149-0.00153292j 0.000450777+0.00010609j 6.82402e-06-0.000596318j 0.000419123-0.000325667j -0.00190891+0.000676204j -0.000809605-3.86979e-05j 0.000929981-0.000839055j 0.00263952-0.00167585j -0.000840198+0.00139813j -0.00155334-0.00083856j -0.00104142+0.00020975j 0.00172739+0.000245662j 0.00103788+0.00124563j 0.00207058+0.00181154j -0.00216249-0.0003466j -0.00336052+0.00038331j 0.00123805-0.00164985j 0.00370244+9.00277e-05j 0.00238821+0.00308906j -0.00111684+0.0034783j -0.00138171-0.00112279j -0.000737322+0.00349835j 0.000294676-0.00126616j -0.0012141+0.00265538j 2.1707e-05-0.000554006j -0.00124775-0.00423206j 0.000957036-0.00173335j -0.0027788-0.000496607j 0.00198913+0.00207227j 0.000306099-0.000515053j -0.00190923-0.00215155j -0.00233361-0.000673393j 0.00089778-0.00417735j 0.00130149+0.000161355j 0.00586529-0.00418793j -0.00371959+0.001865j 0.0030355-0.00111796j -0.00355377-0.000737905j 0.00605788+0.00275793j -7.24125e-05+0.000174922j -0.00120315+0.00240272j -0.00218018-0.00437086j 0.000127029+0.00219854j 0.00258373-0.00111922j 0.00278714-0.000439412j -0.00227243+0.00014332j 0.000367506+0.000933886j 0.00192384-0.000288966j 0.000907086+0.000421192j -0.00302895+0.000972665j -0.00176123+0.000618284j -0.00267193-0.00220866j -0.00238854-0.00254515j -0.00168956-0.000932412j -0.000386544-0.00203599j -0.0013636+0.00199181j -0.000983704-0.000490261j 0.00429392-0.00157437j -0.00446007+0.000566898j 1.19434e-05+0.000899773j 0.0015496-0.000584304j -0.00030575-0.00163385j -0.00122496+8.85482e-05j 0.00203587+0.000646782j -0.0039267-0.00228693j -0.00661625+0.0016808j -0.00201777+0.0029291j 0.00351844-0.000618952j 0.00277575-0.00277421j -0.0040717-0.00262736j 0.000830496+0.00131542j -0.00185087+0.000884762j -0.00269092+0.000838772j 0.00398478+0.00218912j -0.00287796-0.000429575j -0.00143613+0.00102016j -0.00346362-0.00205921j 0.00019959-0.00494943j -0.000868709-0.00539159j -7.00378e-05+0.000108611j -0.00348144-0.00222161j -0.00478805-0.00116942j 0.00256138-0.0017272j -0.000514829-0.00046527j 0.00603371-0.00112873j 0.00230013-0.00176141j -6.99154e-05-0.00479978j 0.00278011-0.00245829j -0.000472731+0.003425j -0.000337879-0.00191308j 0.00037767+0.00189317j -0.00136408+0.00430285j -9.90207e-05-0.00233505j -0.00395843+0.00459751j -0.00190352+0.000425611j -0.00174011+0.00424934j 0.00105188-0.0024154j -0.000799208+0.00351461j -0.000355525-0.00429833j -0.00152129+0.00168343j -0.00216357-0.00265356j -0.000771668+0.00105812j 0.00363494+0.000674123j -0.00395797-0.000286643j -0.00131968+0.00201729j -0.00191402+0.000886596j -0.000401963+0.00165606j 0.000961092-0.00121236j -0.00451087+0.000520027j 0.0015421-0.00145246j 0.00396274+0.00153267j 0.000834909-0.00737065j 0.00331962+0.00231645j 0.00534073-8.53983e-05j -0.00493637-0.00508806j -0.0011664+0.00362293j 0.00221989+0.00341693j -0.00367111-0.00101776j 0.00251904-0.000949381j 0.00140163+0.000496436j 0.00270159-0.000771115j -0.000895794-0.0030105j 0.00301815+0.000502871j 0.00179726-0.00034457j 0.0032314+0.000832625j 0.000526182-0.000727657j 0.000726115+0.000656845j 0.0012835+0.00186981j 0.00218384-0.000862902j 0.00148588-0.00159087j 6.125e-05+8.7166e-05j 0.00134119+0.000910796j 0.00227529+2.99202e-05j -0.000592322+0.00137988j 0.00169921+0.00107257j -0.00160855-2.4333e-05j -0.00106136+0.00114006j 0.000506624+0.000937687j -0.00118624+0.000591011j 
-0.000986697+0.00139323j 0.000923065+0.000761343j 0.000675301-0.000541822j 0.00144061-0.00219719j 0.00157541+0.00126896j 0.00274607-0.000244342j -0.0041844-0.0029205j 0.000389058+0.00351391j -0.00399211+0.00505067j 0.00225626+0.000669647j 0.00214388+0.0010513j 0.000864505+0.00145716j 0.00247214+0.00276004j 0.000487487+0.00011382j -0.00049658+5.85789e-05j -0.00104499-0.000274142j -0.00183066+0.000621381j -0.000573595+0.00153921j -0.000779088-0.000376864j 0.000706376-0.00286932j 2.65529e-05-0.00193084j 0.00220513-0.00123946j 0.000588998+0.000925689j 0.00205107+0.00332122j 0.000788946+0.000665255j 0.000762578-0.000646114j 0.000651137+0.00063648j 0.000747955+7.4402e-05j -0.00145439-0.000235249j -0.000563588-0.000126055j -0.000197204-0.000376417j -0.00100277-0.000117137j 0.000218979-0.000697452j 0.000268975-0.000757859j 0.000525823-0.00109071j -0.00147638+0.00274374j -0.000839272+0.000300502j -0.00106593-0.00291495j -0.00290899+0.000712167j 0.00476867+0.000406174j 0.00241957-0.00255535j 0.00272809+0.00198694j 0.00253927+0.00296222j -0.000788789+0.00434267j -4.88319e-05+0.00225479j -0.00236904-0.00180983j 0.000373468-0.00190199j -0.00305549-0.000372018j 0.00151234-0.00197789j -0.000177378+0.00509515j -0.00179565+0.00272357j -0.00281041-0.00210137j 0.00424454-0.00268004j 0.00556665+0.00394846j -0.00312272-0.00155846j -0.00149866+0.00144753j -0.00123207-0.00510123j -0.00505863+0.00177367j -7.53676e-05+0.00589539j -0.00220866-0.00285589j -0.00517078+0.000734687j 0.00200315+0.000378123j -0.00241017+0.00430596j -0.00102585-0.000504877j -0.00224004-0.00166358j 0.00126005+0.00208235j 0.001522+0.000344016j 0.000156001+0.00218057j 0.000195949-0.000280159j 0.000318905+0.000899657j 0.000374985-0.000531194j -0.00109486+0.000215728j 0.00262224-0.000204046j -0.00222124-0.0017505j 0.000719378+0.00154416j 0.000621192-0.000615103j 0.00127027+0.00107555j -0.000385855+0.000287182j 0.000595182-0.00100672j 0.000460396-0.00172909j 0.00180813-0.00206758j 0.00117601-0.000212394j -0.00144555+0.00205698j -0.00216935+0.00195738j 0.00118744-0.00117874j 0.000774383-0.00065816j 0.000417409+0.00313378j 0.00194233-0.000765532j 0.00064096+0.00121978j 0.000940422+0.00015557j -2.7747e-05+0.00038572j -0.000253991-0.00212772j -0.00134226+0.00160025j 0.00059604+0.000866283j -0.00089524-0.00239153j 0.000339454-0.00349406j -0.000485424-5.65449e-05j 0.00110785-0.00295361j 0.00294171+0.00194101j -0.000237212-0.00567956j 0.00184671-0.0062507j -0.00169506+0.000511094j -0.00337923-0.000814819j 0.00156323+0.00427447j -0.0024565+0.00320967j 0.00368595+0.00303202j -0.00269908+0.00107356j -0.00213178-0.00284511j 0.00077658+0.00145941j -0.00282089+0.00314192j -0.00119254-0.00380152j 0.00088948+0.00221234j -0.00352459-0.00715789j -0.00891664-0.00299919j 0.00550745-0.00281351j -0.00111351-0.000943183j -0.00601063+0.0107981j 0.00218448-0.00497604j 0.00387707-0.00211558j -0.000164416-0.00468959j -0.00376722-0.00725122j -0.00544135-0.00220356j -0.00521825+0.000523693j 0.00389035-0.00260474j -0.00493537-0.00829693j 0.000226372+0.00341325j 0.00483502-3.04801e-05j -0.00164428-0.0020132j 0.00136627+0.00265438j -0.00131715+0.000118667j 0.00106448+0.00342225j -0.00244076+0.00589765j -0.000601441-0.00309513j 0.000676716+0.00375068j 0.000227199+0.00149699j 0.00118281+0.000553425j -0.000661286+0.000747294j 0.000710378-0.00235791j 0.00202109-0.00160032j -0.00395121+0.00455247j 0.000662489-0.000640896j -0.000523902+1.2909e-05j 0.000249982+0.00212871j -0.000336339-0.000126537j -3.28196e-05+0.00129937j 0.00115384-0.0003943j 0.000375883+0.00275944j 0.00119836+0.00115998j -0.000224314-0.000784129j -0.00367978+0.00139276j 2.79765e-05+0.00111933j 5.03982e-05+0.00191679j 0.00264268-0.00052844j -0.000904715+0.000984247j 0.00111292-0.000238659j 0.000693071-0.000420537j -0.00102922+0.000916912j -0.000977129+0.000231726j 0.00036381-0.000185627j -0.000574977+0.000111879j 
0.000427244-6.2486e-05j 0.00230357+0.00192309j -0.000421483+8.02022e-05j 0.00274613-0.00237138j 0.00348046-0.00107172j -0.00379708+0.00392664j -0.00136856-0.00239049j 0.00124181+0.00126974j -0.00571799-0.000480337j -0.00163342+0.00356815j 0.00594832-0.00138888j 0.00173798+0.00248985j 0.00195348+0.00066808j 0.000883679+0.000328925j -0.000633545+0.000282702j -0.00148624+0.000339806j -0.00219197+0.000560509j 0.0036006+0.00159307j 0.00300749+0.00201039j 0.000935966-0.000303894j 0.0048586+0.00308897j 0.000133236-0.0050547j -0.000354739+0.000228575j 0.000967942-0.000908427j 0.00115318-0.00142983j -0.00101872+0.000240933j -0.00066898+0.00198875j -0.00235466-0.000347299j -0.00302268+0.00159771j -0.000656494-0.00129014j 0.00166879+0.00160805j -0.000859034+0.000597348j 0.00292038-0.000353234j -0.000859346-0.00147306j 3.21398e-05-0.00130761j 0.00308953+0.00425499j 0.00132963+0.000214996j -0.00104065+0.00246502j -0.000542685+0.000747509j 0.00573562-0.000480892j 0.00165296+0.00368694j -0.00130375+0.00475472j -0.00181202+0.0012292j 0.0024282+0.000704727j 0.00133387-7.77933e-05j 0.00185974+0.000187334j -0.00049739-0.00251015j 0.000170202+0.00365206j -0.00368245+0.00431428j -0.00157945-0.00119797j -0.000759658-0.00016653j 0.00183062-0.000347538j 0.00619751-0.00125361j 0.000817682+0.00233792j -0.00117435-0.000503546j 0.00103827+0.000470921j -0.00342984-0.00273169j -0.00598464-0.00238126j 0.000757586+0.00626824j -0.00131361-6.52328e-05j -0.00415329+0.00472914j 0.00116174-0.00312112j 0.00100656+0.00164094j -0.00290897-0.00562127j -0.0044862+0.00318781j 0.00311903+0.00344644j -0.000447358-0.00199676j 0.00215316+0.000101471j -0.00254332+0.000819631j -5.59693e-06+0.00245783j 0.000590002+0.00091405j -6.63537e-05+0.0019282j 0.00388727+0.00230205j 0.000818617+0.000909832j -0.00027388+0.000316448j 0.00131631-0.00133957j 0.00181743+0.000113994j -0.00175551+0.00129395j -0.0036621+0.00275344j -0.000712242-0.00155966j 0.00166109-0.000962111j -0.0014957+0.00354418j -0.000504667+0.00191047j 0.00116287-0.00290768j 0.000978189+0.00328527j -0.00206553-0.00179125j 0.00143764-0.00105762j -0.00115215+0.000327969j -0.00258327+0.000726664j -0.00280954+4.24137e-05j 0.00275148-0.00214922j 0.00160217+0.00277181j -0.00206151+0.00109572j -0.00351765+0.000324723j 0.000737403+0.00335985j -0.000663896+0.00518226j -0.00203555-0.00142834j -0.00291038+0.00507825j 0.000153064-0.00232178j 0.00119701-0.00144717j -0.0020544+0.0062905j -0.00482936-0.000770227j -0.00130387-0.00168211j -0.00347989-0.00196964j 0.001289+0.000241176j 0.00152385-5.15781e-06j -9.6105e-05-0.00105809j -0.00104023-0.0010744j 0.00128195-0.0012602j 0.000307194-0.00076854j -0.000502007-0.000546707j -0.00249516-7.22512e-05j 0.00225381-0.00148305j 0.00409773-0.00279123j -0.0013452+0.00211669j 0.000963137+0.00299233j 0.00322095-0.00357096j -0.00284856+0.00277439j 0.000474422+0.00285653j -0.00351377+0.00187945j -0.000999284+0.00275707j 0.00304158+6.28531e-05j 0.000106958+0.0012548j 0.00120378-0.000677426j -0.00258375-0.00145229j 0.000776543-0.00274432j -0.00010872+0.000159264j 0.00165381-0.000554302j -0.0011465-0.00388248j -0.00131085+0.0022198j 0.00723261-0.00404774j -0.00244612+0.00243051j -0.00259534-0.00152269j 0.00227769-3.163e-05j 0.00341723+0.00445084j -0.000285439+0.00288936j 0.00198156-0.00344436j 0.00287664+0.00218536j 0.00154184-0.00276539j 0.00319381+9.4789e-06j 0.0014809+0.000195754j -0.00177384-0.00147059j 0.000870024-0.00184321j -0.00469646+0.000881506j -0.00266249-0.00727007j -0.000744955-0.00249291j 0.000257578-0.000400014j -0.000890377+0.000280622j 0.00163226-0.000782307j -0.000151254-0.00170113j -0.000405257-0.00487776j -0.00042898-0.00227567j -0.00113163+0.00256741j 0.00331886+0.000804111j -0.000803377-0.000759992j -0.000655652-0.000649051j 0.000522256-0.000581038j 0.00119101+0.00196211j -0.00188011-0.0024641j 0.000812783-0.000591278j 
4.08766e-05-0.00076469j 0.00072819-0.000351611j 0.0025928-0.000834297j 0.00391865-0.00103457j 0.00556252+0.000194778j 0.00205014-0.000546736j -0.00430985+0.000454938j 0.00206935+0.000997034j -0.00102209+0.00338391j 0.00317581+0.00407249j 0.00326401-0.00116319j 0.000402712-0.000549483j 0.00360449+0.0021596j -0.00129545+0.00131796j -0.000238081+0.00096187j -0.000849419-0.000366078j -0.00667506+0.00134802j -0.000862032+0.00592229j 0.00229388-0.0020464j 0.000557893-0.00536029j 0.0018561-0.00300486j 0.000224775-0.00133989j -0.00258026-0.00146335j 0.0027876+0.00303856j -0.000605491+0.00223404j -0.00145819+0.000440473j -0.000700039+0.00129125j 0.00138908-0.000766881j -0.000855764-0.000623058j -0.000194926+0.000518364j 0.000101773-0.000184048j 2.24288e-05-0.00153448j -0.00129739+0.000887182j 0.00121422-0.00112608j -0.00276614-0.000682038j -0.00103186-0.000591054j -0.00175052+0.00138041j 0.00109183-0.00266259j -0.00148293-0.00133837j 0.00233889+0.000356008j 0.00519361-0.000547821j 0.00310945+0.00149879j 0.00146355-0.00134352j -0.00188302+0.0062199j 0.00407793+0.00101691j -0.000313353-0.00161685j 0.00260179-0.00378528j 0.00053167+0.00145307j 0.00021176-0.00162359j 0.00386108+0.003884j 0.00218261-4.3277e-05j -0.0043136-0.00109706j -0.00430035-0.00359821j -0.00033264-0.00460969j 0.00502399-0.000626095j 0.003368-0.00500109j 0.00130909-0.000285572j -0.00285645+0.00328458j 0.00152698-0.000432703j 0.00153878-0.001383j 0.00285659-0.00340298j -0.00314066+0.0034262j -4.12721e-05-0.00408329j 0.000745513+0.00255404j 0.000349165+0.00137866j -0.00043285-0.000329887j 1.62029e-06-0.00100099j -0.000556199-0.00197961j -0.000184532+0.000409083j -0.00154235+1.31169e-05j 0.00183582+0.00123943j -0.00149287+0.000238094j -0.000452279+0.000484144j 0.000155487+0.000299321j 0.00166362+0.00110077j 0.000479903-0.00028971j -0.00128933+0.000434902j 0.0020031-0.00175437j -0.000538681-0.00283136j 0.00365144+0.00239481j 0.00245004-0.00216536j 0.000548407-0.000886742j 0.000781301+0.00206408j 8.16263e-05+0.00119323j -0.00121911+0.000299672j -0.000323861+0.00110393j -0.00139036+0.00218949j 0.00136047-0.000825725j -0.000155033+0.0032903j -0.00453624+0.00266628j 0.00345439-0.002234j 0.00225203-0.00360452j 0.000415848+0.00503482j 5.34816e-05-0.000487433j -0.00213834-0.00123305j -0.00165424+0.000486714j -0.00099464+0.0015299j 0.00118064-0.00265979j -0.00239103-0.0009863j -0.00183264-0.00788191j 0.00049804-0.000977008j -0.000960725-0.000575038j -0.00148417-0.000280496j -0.00261851-0.00186224j -0.00559046+0.00238552j 0.00352319-0.000368131j 0.0058397+0.00287054j 0.00457348+0.00117979j -0.000633262+0.00129931j 0.00302002+0.00322814j -0.00145932-0.00123802j -0.00107751+0.00590921j 0.00175356+0.00248697j 0.00745456-0.00204544j 0.000347931+0.00212596j -0.00571575-0.000198381j 0.00271547-0.00215604j -0.00442191+0.000818569j -0.00237143+0.001943j 0.00110717+0.00311553j 0.00779724-0.00260087j 0.00244566+0.000404317j 0.00408146+0.000223004j -0.00180271-0.00462003j -0.00166646+0.00139797j 0.00536903-0.00100167j -0.00665887+0.00112219j 0.00178393-0.000298931j -0.00213495-0.00354003j 0.00145148-0.00030926j 0.0046189-0.00506442j 0.000642573+0.000588891j -0.00287029-0.00263976j 0.00280009+0.00310696j 0.000831055-0.00311553j -0.00121315-0.000930789j 0.000496736-0.00376097j 0.00331978+0.00176259j -0.000186657-0.00389314j 0.00319173+0.000284349j -0.00164998+0.000373891j -0.00342546-0.000951109j -0.000416579-0.00135539j -0.00185379-0.000279822j -0.000306126-0.00400087j 0.000699035-0.00177881j 0.000143646-0.00304275j -0.00167971-0.000914701j -0.000635676+0.00206401j 0.00156457+0.000347167j -0.00160803-0.00137962j -0.000149995+0.00112997j -0.00146149+0.000454631j 0.00143376+0.00122434j -0.00080532-0.00219201j -0.00207587-0.000497373j -0.000637684-0.000677374j -0.000323471+0.000954318j -2.23569e-05-0.00162315j 0.00120379-0.000610498j 
-0.0014154-0.00157959j -0.00131316-0.00225648j -0.0040834+0.00533547j -0.00355323+0.000614235j -0.00715497+0.00676142j 0.00366872-0.000230334j -0.000201064-0.00569585j -0.000123369+0.000260445j -0.00196512+0.00321325j 0.000611078+0.00115464j -0.00328367+0.00256503j -0.000907329+0.00255391j -0.000802039+0.00480474j -0.000637988-0.000295425j -0.000565372+0.000717666j 0.00321603+0.0031947j 0.0106345-0.00255724j -0.00240753-0.0109811j -0.00428517+0.000938837j -0.000723118+0.00864718j -0.00317103-0.000976142j -0.00113839+0.0044319j 0.00876459+0.00243388j -0.00411692-0.00349672j 0.00380785+0.00111387j 0.00134523+0.00138456j -0.001384-0.00418697j -0.00293515+0.00168292j 0.00120673+0.00177388j 0.00222091-0.000484483j 0.00207462-0.0025773j 0.000622282+0.000913072j 0.00110119-0.00228779j -0.000367988+0.00213517j 0.00307259+0.00199489j 0.00481858+0.00311092j 0.00167189-0.00284446j -0.000849997-0.000688573j 0.00187424+0.00477466j 0.00179263+0.000556915j -0.00169815-0.00618207j 0.00214744-0.00382056j 0.00109532+0.0020162j 0.000919127-0.0040582j -0.00175899-0.000435594j -0.00227308-0.00280741j -0.00760729+0.000815881j -0.00471514-0.00193209j 0.0078638-0.00144997j 0.00127296+0.00323895j 0.000643651-0.00424841j 2.42465e-05-0.00253406j -0.000313677-0.00209063j 0.00140939+0.00208205j 0.0019582-0.00263676j -0.0005421-0.00304459j -0.000567921-0.00149125j 0.000635893-0.00128793j -0.00423294-0.00191001j -0.001209-0.00484705j 0.000794775+0.000493869j 0.000821915-0.00123812j -0.00145119-0.000418662j -0.000995989+0.00116942j -0.000601638-0.000977349j -0.000373434+0.00192917j -0.000366+0.00027826j 0.00103415-1.79156e-05j -0.000399492+0.00101968j -0.000221789+0.00187753j 0.000897571-0.000963305j -0.000299292-0.000278745j 0.00160332-4.52287e-05j 0.00149255+0.000191451j 0.000596046-0.000440165j 0.000265791+0.000625896j 0.000650629-0.00137616j 0.000407393+0.00283988j -0.00168727+0.00326211j -0.00351325+0.00185241j 0.000131452+0.00175857j 0.000455677+0.00108538j -0.000947467+0.00226211j -0.00160781-0.000729354j -0.000805165-0.00176275j 0.00500174+0.00106811j 0.00180238-0.00189161j 0.0012066-0.00188947j -0.00108604-0.000348143j -0.000503241+0.00249975j -0.000711925+0.00241536j -0.000913281-0.0022391j -0.000386873+0.0020852j 0.00184428+0.00113978j -1.37602e-05-0.000266878j -0.00353374-0.00269153j -0.00299362-0.000142937j 0.00132358-0.00294648j -0.00279872+0.000632874j -0.00181139-0.000608168j -0.00210415+0.00129491j 0.00250088-0.00116278j -0.003391-0.0070476j -0.000472721+0.00104393j 0.00139822-0.000918408j -0.00215074-0.00386945j 0.00297488+0.000214918j -0.000720668-0.000346531j -0.00811917-0.00398882j -0.00056567+8.14906e-05j 0.0013363-0.00986421j -0.00217737-0.00165646j 0.00266637-0.00381765j 0.00106656+0.00312709j -0.00133935+0.00729612j 0.00821985+0.00885645j 0.00683134-0.00526123j -0.00344183+0.0030147j 0.00078951-0.000240056j -0.00167683-0.00547099j 0.000928418-0.000101512j 0.0092779-0.00141346j -0.00140836+0.00250931j 0.00563479+0.00318298j -0.00464381-0.00144705j 0.00551717-0.000651045j -0.00119003+0.000481118j -0.0016466-0.000216175j -0.0016974-0.00562068j 5.70354e-06+0.00191648j 0.00329215-0.00179003j -0.00156828+0.00219762j -0.000772941-0.00367798j 0.00183364+0.00336922j 0.00341593+0.000666537j -0.00183725-0.00032847j -0.000933422+0.00132313j 0.00219559+0.000327414j -9.20953e-05-0.00252534j 0.00251403-0.000135114j -0.000167082-0.000654532j -0.000370862+0.000134905j -0.000425711+0.000405756j -0.0026258+0.00177964j -0.00219646-0.00354637j 0.00222846-0.000483339j -0.00103798-0.00103922j 7.21326e-05-0.00158595j -0.000474672-0.000228196j 0.000589432-0.00030435j -0.000503538-0.00338676j 0.00033418-0.00161845j 0.000912547+0.00114256j 0.00130243+0.000389229j -0.00139776-7.42519e-05j -0.000335482+0.000579967j -0.00146747-0.000122143j 0.00071083+0.00168427j 0.000158773+0.00103571j -0.000888587+0.000690123j 
0.00327985-0.000447517j 0.001433+0.00321315j 0.00130083-0.00168745j 0.00292028+0.00276522j -0.00269711-0.00226641j -0.000401975+0.00183621j -0.00130107-0.00130493j -0.00444109-0.000710427j 0.00623073-0.00112641j -0.00050098+0.00375273j -0.00166635-0.000291703j -0.00599025-0.00365373j 0.000904802+0.000807542j 0.000503621-0.000537045j -0.00110956-0.00122925j -0.00356736-0.000531601j -0.00391949+0.00358467j -0.000635736+0.00277703j -0.00848125+0.00269371j 0.0070662-0.00426484j 0.000237639+0.00442801j -0.000453613-0.00158041j 0.00431022-0.000770058j 0.00157347-0.00235955j 0.00279283-0.00582822j 0.00165354-0.00348737j 0.00218202+0.0024298j -0.00175779+0.00349146j -0.00118573+0.00122j -0.00122108-0.000369286j -0.00224424+0.00307642j 1.45525e-05+0.000237743j -0.00160472+0.00163692j -0.00276696-0.0052544j -0.00302908+0.00319422j 0.00102462-0.00122661j -0.00212823-0.00607217j -0.0015632-0.000625131j 0.000126741-0.00244146j 0.00435787-0.000427512j 0.000813253-0.000289838j 0.000330828+0.000543806j 0.00519375-0.000332501j -0.00142571+0.00338952j 0.00180374+0.00498457j 0.00552149-0.00283911j -0.000209866-0.00335197j -0.000197684+0.00737256j -0.00509353+0.00137945j -0.00404508+0.000313232j -0.00265367+0.000250399j 0.00506298+0.00484711j -0.00168795+0.00403265j -0.00013566+0.00520357j -0.00346643-0.00386074j -0.00574663+0.0057343j 0.00531028-0.00132j 0.000979671+0.00375327j 0.00255296-0.000420877j -0.00327214-0.00296391j -0.00222956+0.00254015j -0.000354475-0.00503767j 0.00335563-0.00159578j -0.00242464-0.00075712j -0.000512835-0.00347354j -0.00119349-0.000126467j -0.00129482-0.000653202j -0.00117406-0.000257671j 0.00263786-0.000916621j -0.0026108-0.00274149j 0.000135346-0.00224433j -0.0017398-0.000432213j -0.00148798+8.97647e-05j 0.00104317-0.00170173j -0.00135143+0.00236047j -0.00175702-0.000513029j -3.40398e-05-0.00175432j -0.00239209-0.000551908j -0.00169814+0.00272115j -0.00284172-0.00101553j -0.00062372-0.000981069j 0.000463572-0.00230291j 0.000478935-0.00233634j 0.000324508-0.00116278j -0.0031603-0.00185449j 0.000272678+0.00182616j -0.00308328-0.00101281j -0.00105198-0.000863464j 0.000334262-0.0012623j 0.00126515-0.000862087j 0.00117156+0.00270548j -0.000564245+0.00216648j 0.00110243-0.00423365j -0.00405627-0.00289821j 0.0027335-0.000284829j 0.00214604+0.00124528j 0.00256916+0.00155503j -0.00372591+0.00334711j 0.00471633-0.000182589j 0.00100779-0.000972506j 0.00124706+0.000839911j -0.00297184-0.00101422j -0.00451478-0.00083776j 0.00205147-0.00459549j -0.00366301-0.000167686j -0.00349656+0.00458777j -0.000410374-0.000759148j -0.00105709+0.00078311j -0.000581759+0.00296736j 0.00142058+0.00116717j -0.0034238+0.000910947j -0.00306619-0.0013649j -0.000901054+0.00211701j -0.00265818-0.000184331j -0.00255082-0.00172314j -0.000103255-0.00232073j -0.000821866+0.0014827j 0.00101516-0.00409375j 0.000334784+0.00090213j -0.00328965+0.00036955j 0.000817841-0.000847639j -0.00220863-0.00063263j 0.00259563-0.00274571j 0.0017845-0.0049054j 0.00111528-0.000419301j -0.00261334+0.00081677j 0.00316303+0.000325189j -0.00210834-0.000533745j 0.00121128+0.00261407j -0.000836678-0.00131103j -0.00128767-0.00148201j -0.00531593+0.000822214j -0.00287221-0.00050255j -0.000179431-0.00194162j 0.00447663+0.00449491j 0.00189352-0.00573779j -0.0031658+0.00522272j -0.00314126+0.00020467j 0.00292279+0.00351426j 0.0020097+0.00313443j 0.00213483+0.0024549j -0.0019056-0.000511533j 0.00018743-0.000226937j -0.00138711-0.00236534j 0.00336686+0.000130793j 0.00494351+0.000517141j 0.00303711-0.00203442j 0.00164517+0.00080299j -0.00148853+0.00301057j -0.000398864+0.00363475j 0.00371293-0.00158318j -0.000541759+0.000831917j 0.00154474-0.00151256j -0.00101965-0.00131039j 8.54843e-06-0.000167411j 0.00351853+0.000426391j -0.00288257+0.000416167j -0.0033033-0.00154263j 0.00191876+0.00209362j -0.00363926+0.00170442j 
-0.000520609+0.00200213j -0.000379409-0.00155604j 0.00226337-0.00346263j 0.00191821-0.000242653j 0.00134774-0.00554838j -0.00228168+5.22224e-06j 0.00211133+0.0011347j -0.00345059-0.00064725j 0.00111386-0.00376578j 0.00174009-0.00258133j -0.000819653+0.000439541j -0.00201314-0.0020568j 0.000412864-0.00101744j 0.000659394+0.0010107j -0.00127897+0.000267024j 4.22636e-05-0.000288431j -0.000326156+0.000767768j 0.000592855+0.00077431j 0.00307465-0.00145952j -0.00157095-0.00266102j -0.00121546-0.00397959j 0.00158844-2.71149e-05j -0.00204217-0.00155408j -0.000235475+0.00343766j -0.00102971+0.00227273j -0.00159569+0.00311494j -0.000362903+0.00073535j 0.00113192-0.00205117j 0.00120539-8.0025e-05j 0.000354551-0.000449812j 0.00104325-0.00100776j -0.00173554+0.0009747j -0.000175701-0.00189152j 0.00108786+0.00320639j 0.00447628-0.0034334j -0.00196408+0.00135506j 0.00249846+0.00204675j 0.000162235-0.00229655j 0.000372801+0.00290469j -0.00371393+0.000698651j 0.00497758-0.00476123j 0.00160905+0.00290417j -0.000781391-0.00191475j 0.00210892-0.000647613j 0.000532119-0.00187348j 0.000239893-2.00409e-05j 0.00283801-0.000802117j 0.000362606+0.00041441j 0.00409236+0.00148801j -0.000654942+0.00187563j 0.000472912-0.000886157j 0.000157067-0.0029596j 0.00239184+0.000496019j 3.95141e-05+0.000546954j 0.00250982+0.00186101j 0.00139853+0.000859701j 0.00507689-0.00324866j -0.00109856+0.000224345j 0.000907816-0.00152116j -0.00361699-0.00237336j 0.000281251-0.00197673j -0.000609727-0.002283j 0.00112898-0.000331071j -0.000147222+0.000372194j 0.00172648+0.00117575j -0.000557681+0.00063019j -0.00241789-0.00154951j 0.00197052-0.000402053j 1.27074e-05+0.00163824j -0.00072641+0.000693143j 0.000228703-0.00031791j -0.000176398-0.00248161j 0.00476603-0.000697066j -0.00263073-0.00201679j 0.00069611+0.000141229j 0.00263814-0.000727661j -0.000727044+0.00049778j -0.00109909-0.000410083j 0.000780131+0.00176863j -0.00459858-0.00314938j -0.00142821+0.00287005j 0.0047234+0.000120792j -0.00156207+0.000442757j -0.00132713+0.000211395j -0.000929712+0.00145683j 0.000466222-0.00113021j -0.00148081-0.00327393j -0.00153237+0.00349468j 0.000348589+0.00037469j 0.000282344-0.000360439j 0.00258548+0.00054772j 0.00206482+0.00165931j 0.00170253+0.000547811j -0.00246075-0.00355539j -0.000909024+0.00272655j 0.00263818-0.00295088j -0.00406055+0.00389468j -0.00208931+0.0050041j -0.00139062-0.00485263j -6.74102e-05-0.00278732j -0.000447724+0.00343868j -0.00574266-0.00280895j -8.1674e-05-0.00182858j 0.000976418-0.00335225j 0.0040655+0.00186585j -0.00318291-0.0021456j 0.00221951-0.00279927j 0.000402009+0.00171092j -0.000429044-0.00336597j 0.000314232-0.0021312j 0.000290941+0.00462743j -0.00318186-0.000206219j 0.000190999+0.000823696j 0.000915149+0.00061431j -0.00204523+0.000387952j -0.000983616+0.00245462j 0.00268778-0.000672574j -0.00238997+0.00150523j 0.00273189+0.000326242j 0.0012359+0.00341872j 0.000650377-0.00128669j 0.000706951+0.00667498j -0.00214181+0.00171056j -0.00390149-0.00407126j 0.00193618+0.000234378j 0.00219731-0.00022929j 0.00457363+7.49327e-05j 0.000120184+0.00188288j 0.0011697+0.00159361j -0.000978688-0.00074619j 0.000232226+0.000778198j 0.00144985-0.00184258j 0.000507933+0.00204141j -0.00191008+0.0018617j 0.00211492-0.000650692j 0.00210503+0.000665667j -0.000349747+0.00106833j -0.000465787+0.00212572j 0.00313454-0.000246277j 0.00297735-0.00218835j 0.000744853-0.0017535j 0.00180972-0.000906039j 0.00249341+0.00220041j 0.000655524+0.00120096j -0.00100572+0.00204591j 0.002728+8.3622e-05j 0.0035456+0.00235898j 0.000111369-0.000228343j -0.00462958-0.000351635j -0.00331114+0.000534078j 0.0013509+0.000718968j -0.00224296+0.000408681j 0.00152001-0.00361235j -0.00183023-0.00297188j -0.000596604+0.00184091j 0.00280294+0.00123711j -0.000279252-0.00042412j -0.00334681-0.00217413j 3.07201e-05+3.40576e-05j -0.000115171-0.00145095j 
-8.06871e-05+0.000951341j -0.00305019+0.00119998j 0.00247389+0.00631028j -0.00502684+0.00390541j -0.000495534+0.00674037j 0.00258041+0.00326423j -0.000845648-0.00256619j -0.00464952+0.000469808j -0.00600712-0.00166635j 0.000520178-0.00373626j -0.00440162+0.00167108j 0.00409188+0.00445961j 0.000235734-0.00242168j -0.00359064-0.00090344j 0.0015235-0.000100363j -0.000107408-0.000756258j -0.00146911-0.00135147j -0.00163803+0.000580253j -0.000588052-0.00215259j 0.00212978-0.00144628j 0.000801373-0.00231466j -0.00250648+0.00135773j -0.000784421-0.00130027j -0.00104341-0.000952607j -0.000916183+0.000125228j -8.16149e-05+0.000501744j -0.000886309+0.00172975j -0.00118989+0.00089217j -0.00283766+0.000528039j 0.00018132+0.00145002j -0.00111961+9.50537e-05j 0.0020526+0.000275272j -0.000128731+0.000796303j -0.00135959-0.00432945j -0.0024665-0.00293658j 0.00203372-4.61452e-05j 0.000350421-0.0031442j -0.000292879+0.00232366j 0.00143112-0.00300988j 0.000639245-0.00180168j -0.00218715+0.00480362j -0.00458764-0.00611207j 0.000810808-0.000321862j -0.00249156+0.00203075j 0.00545885+0.002334j 0.00174798-0.00119962j -0.0058507+0.00119406j 0.000346915+0.00159459j -0.00234908+0.00498822j -0.00199787-0.00173052j -0.00271458-0.00230381j -0.00115158+0.00167309j -0.00057314-0.000838229j -0.00364825+0.000841659j -0.00186425-0.000938541j 0.000679798-0.00301855j -0.00226528-0.000178967j -0.00300073+0.000184273j 0.00414467-0.00115314j 0.00198768+0.00160758j 0.00456847+0.000833755j -0.00137071-0.000325219j 0.00167609-0.000866012j 0.00109329-0.00159892j -0.00223539+0.00344944j -0.000471006-0.00266338j -0.000702005+0.000136264j 0.000705158+0.000140074j -0.00138326-0.0020298j -0.000825572-0.00028041j -0.000137893+0.00128413j 0.00140929+0.00153054j -0.00060006+0.00258476j 6.65491e-05-0.00150006j -0.00402456+0.00242528j -0.000548114-9.31065e-05j 0.00102312-0.00142935j -0.000410367+0.000686843j -0.00274038+0.00215327j 0.00026358+0.0022198j 0.000725579+0.000128958j -0.00526067-0.00118586j -0.000780809+0.00233437j 0.000767858+0.00257308j -0.000729615+0.000332263j 0.000848393-0.000985396j 0.00316693-0.000776504j 0.0042001-0.00207916j -0.00703341-0.000302308j -0.00568117-0.00310203j 0.000719738-0.00317247j -0.00139607-0.00199932j -0.000612966+0.0016913j -0.00115007-0.00794487j 0.000263199-0.00345124j -0.00628706+0.00256588j -0.000969446+0.000983673j -0.00202944-0.00105773j 7.14501e-05+0.000793109j -0.00132494-0.00525501j 0.00284661+0.0049223j -0.00547166+0.00423129j -0.00130317-0.000606576j -0.00133459-0.00401298j -0.004056-6.14273e-05j -0.00162623+0.000894231j -0.00514345+0.00308588j -0.00481755-0.00376278j -0.00133977+0.00210298j 0.00608881-0.00487326j 0.00260433-0.000584968j -0.00333004+0.00230718j -0.000812447-0.0109282j 0.000498946-0.00609948j -0.00131174-0.00416701j -0.00299719-0.0023139j 0.00099092-0.00141445j 0.00179453-0.00105919j -0.00789729+0.00186165j -0.00220637+0.00243444j 0.000563648-0.000108897j -0.00239202-0.000314467j 0.00159806-0.000148758j -0.00376103-0.0034089j -0.00440804-0.00264757j 0.00290067+0.00111715j -0.000350722-0.00293101j -0.000952486+0.000477129j 0.00170484+0.00452424j 0.000455989+0.000671487j 0.00229741-0.00166968j -0.000644491-0.00178223j -0.000587087-0.000916819j -3.55291e-05+0.00307704j -0.00259042-0.00156564j 0.00456962+0.00298691j 0.00375666-0.00140399j -0.00154227+0.000183537j 0.00223847-0.00124202j -0.00203033+0.00338623j -0.00453903-0.00218831j -0.00372914-0.0027693j 0.00396202+0.00330582j -0.000752014-0.00554134j 0.000858195+0.00251779j 0.000954223-0.00074395j 0.00333599+0.000485699j -0.000948863-0.00202296j -0.00295577+0.00211546j -0.000237041+0.00138965j 0.00344124+0.000192698j -0.000301235-0.000821641j -0.00171275-0.00298027j 0.00180635+0.0035128j -0.000291354-0.000148253j 0.000171319-0.000185173j 0.00199623+0.00103181j -0.000313529+0.000612568j -9.83718e-05+0.00103195j -0.00145058+0.000275006j 
0.000284237+0.000866947j -0.00164191+0.00221824j 0.00173345+0.000285873j -0.0045702+0.00304529j -0.00469715+0.000437165j 0.00172301+7.26075e-05j 0.000612957+0.00403277j -0.000865853+0.00167028j 0.00178121-0.000868399j -0.00356796-0.00701145j -0.00636484+0.000711737j 0.0018991+0.000241832j -0.00393073-0.00724217j 0.000574663+0.00143863j 0.00223824-0.00213792j -0.000293964-0.00301459j -0.00567415-0.000586829j 0.00110272+0.003829j 0.00117161-0.00242641j 0.00252217-0.00256309j 0.00455197-0.000727784j -0.00041045+0.00263447j -0.00247591+0.00263159j -0.00183522+0.00158366j -0.00352614+0.0018594j -0.00246759-0.00137163j 0.00104726+0.000223846j 0.0023293+0.000151781j -4.11992e-05+0.0014655j 0.00115794+0.00167138j -0.000423381-0.00152579j 0.002387+0.00129427j 0.000522511-0.00183716j 0.00311138-0.00373901j -0.00181845-0.00123741j 0.00280208-0.00234005j -0.00273422-0.00292392j 0.00203544+0.00136314j 0.00239396-0.0010274j 0.00759118+0.000686972j -0.000278596+0.00329257j 0.0013669+0.00149406j 0.00229782+0.00591963j -0.00177299+0.00194265j 0.00286728-0.00111937j -0.00127476-0.00268613j -0.00196148-0.00519854j 0.00268907-3.93136e-05j -0.00528535+0.000591682j 0.00172583+0.00296984j 0.00124206+0.00213551j -0.00241616+0.00449167j 0.00214466+0.0034094j -0.00326213-0.00191566j -0.00190514-0.00365131j -0.0011741-0.00596354j -0.00100397-0.00138805j 0.00101035+0.00215199j -0.00115949+0.00581251j 0.00408972+0.00161009j -0.00438951+0.00363997j -0.00508503+0.00149745j -0.00310567-0.00141103j -0.00742829-0.0013943j -0.00045659+0.00531833j 0.00572043-0.00203067j -0.000342278+0.00161699j -0.000676936-0.000745584j -0.000439234+0.000834932j 0.00427797+0.00313816j 0.00156593+0.00238728j 0.00206058+0.00231321j -0.00112851-0.0021146j 0.00142699+0.00257772j -0.000827917+0.00089624j -0.000484392+5.15342e-05j -0.000307238+0.000901159j 5.38801e-05-0.000597922j 0.00230905-0.000689754j -0.00213597+0.0018881j -0.00152391+2.28957e-05j -0.00176577+0.000414181j -0.00106027-0.00194287j 0.00225213-0.00221003j 0.00284798-0.00215403j 0.00163509+0.00319007j -0.00475172+0.00320604j -0.00112267-0.000448837j -0.00163192+0.00132424j 5.63319e-05+0.000873156j -0.00104196-0.000619809j -0.000839711-0.00143669j 0.00197504-0.00414577j -0.00195032+0.00021962j 0.00425943-0.000557737j 0.00432065-0.00038273j 0.00148948-0.000834618j -0.00326185-0.0018541j 0.00121781+0.00291312j 0.00127369+0.000987836j -0.00104554-0.00191709j 0.004072+0.000588548j -0.00428914-0.000397819j 0.000131905-0.00322294j -0.00193069-0.00246644j 0.00175032-0.00205024j 0.00215267-0.000553267j -4.03083e-05-0.00299438j -0.00356671-0.000458798j 0.00400912+0.00414071j -0.00459982-0.0002999j 0.00278058-0.00261273j 0.000350443+0.00503169j 0.00778254+0.000731938j -0.00089814+0.00256349j 0.00355732+0.00862178j -0.0023073-0.00610679j 0.00137115-0.00315477j 0.00449151+0.00397489j -0.00186395+0.00323796j 0.00600147-0.00427346j 0.00464004+0.000750419j 0.00049955+0.00159524j -0.00671197+0.00478724j 0.00109425+0.00399851j -0.00255234-0.00436363j -0.00225753-0.000259805j 0.00135982-0.00487939j 0.000378935+0.00310495j -0.00137394-0.00155349j -0.00442773-0.000880347j 2.56771e-05-0.00493698j -0.00163958-0.00311016j 0.00302318+0.00128043j 0.0021053-0.000130252j -0.00519323-0.000770836j -0.00264943+0.000126077j 0.00289359+0.000596467j 0.000153237+0.000652511j 0.00076408-0.00338757j 0.00212542+0.00157035j 0.00231489-0.00143115j 0.00273642-0.00137352j 0.00176539+0.00290054j -0.00702878-0.00279639j 0.00130034-0.000523945j -0.00315289+0.000406652j -8.06938e-05+8.24308e-05j 0.000309027-0.00221028j -0.00132366-0.00548267j -0.00196702-0.0023262j -3.0971e-05-0.00531515j 0.00254579+0.00217778j -0.000963987-0.000657614j -0.000271982+0.0017397j -0.0022303-0.000635883j 0.00215353-0.00262187j 0.000895984+0.00139604j -0.0010181+0.000182502j 0.00133522-8.09372e-05j 
0.00393911-0.0037886j 0.00505558-0.000481703j 0.00438285-0.00620497j 0.00620328+0.000654916j 0.00375151-0.00693516j 0.00122331+0.0105065j -0.00610919+0.00698894j -0.00325815+0.00491779j 0.000347749-0.00244593j -0.00237633+0.00310007j 0.00280088-0.00287989j -0.00239545-0.00316251j 0.00154458-0.006467j -0.00396676+0.00193833j -0.0038984-0.00186399j -0.00156369-0.000518827j -0.000882466+0.00078589j 0.000496652-0.000485228j 0.00091988-0.00344039j 0.00476759+0.00223146j 0.00430587-0.000728594j -0.00103797+0.000860982j 0.000542721+0.00251125j -0.0021996+0.000922098j -0.00193333+0.00177001j -0.00340439+1.88872e-05j -0.000376957-0.000983937j 0.000461537-0.000980491j 0.000430459+0.0026086j 0.00428673+0.000856754j 7.30377e-05+0.000211928j -0.00054529+0.000678628j -0.00374694-0.000445601j 0.00213131+0.0031679j 0.00279072+0.00210275j 0.00145533-0.00341327j -0.00259416-0.000658182j -0.00140308-0.00384588j 0.00234417+0.0016885j 0.00568673+0.00615217j 0.00414696-0.0013651j -0.00278938+0.000572781j -0.000965083-0.00137441j 0.00566375+0.000481399j -0.00217145+0.00717143j 0.00290771-0.000159277j -0.00709125-0.0057596j -0.00664498-0.00185243j -0.00555093+0.00427321j -0.0024222+0.000618312j -0.000456597-0.000868806j 0.0035106+0.00112556j -0.000531271-0.000413778j 0.00632328+0.0022944j -0.00463418+0.000270859j 0.00361202+0.00277328j 0.000496104+0.00113386j 0.00161383-0.000854328j -0.00273057-0.00180755j 0.00252696-0.00228505j 0.000903265-0.00184493j 0.00331086-0.00558894j 0.00182709-0.00167824j 0.00206247+0.00085472j -8.14939e-05-0.000646529j -0.00251398+0.000280109j 0.000871883-0.000879596j -0.000194921+0.00206712j -0.00182734+0.000409103j -0.00150925+0.000811131j 0.000621313+0.000176503j 0.000597505-0.00176741j 0.00249564-0.00241929j 2.41596e-05+0.000729065j 0.00118948-0.000953178j 0.00170441+0.00162968j -0.00119351-0.000346306j -2.40759e-05+0.0013757j -0.00128094+0.00109506j -0.00178035+0.000424764j 0.000947241+0.00109373j -0.000341583-0.00158737j 0.00246489-0.000922623j -0.000361749-0.00112993j -0.000185404+0.00403619j 0.000770983+0.000247814j 0.00182112-0.00368403j 0.000450602+0.000357131j -0.00281984+0.00217782j 0.00495005-0.000287093j -0.00147068+0.00538452j 0.000143343-0.00230027j -0.00260218-0.000121143j 0.00348615-0.00563808j -0.0053704-0.0029898j -0.00611056+0.00128885j 0.00119167-0.00171169j 0.000902401+0.000752768j 0.00211228+0.00145448j -0.00163209-0.000616593j 0.000958606+0.000329155j 1.4908e-05-0.00277179j -0.00235179+0.0006822j 0.00195476+0.00377273j -0.00155014+0.000911615j 0.00386113-0.000873093j 5.05763e-05+0.00294008j 0.00100364-0.00175999j 0.000732221-0.00377439j 0.00352683-0.000922848j 0.00169334+0.000230349j -0.00284155+0.00219563j -0.000777363-0.0037406j 0.00449999-0.00328806j -0.00100463+0.00288079j -0.00203327+0.00269645j -8.38951e-05-0.00160025j 3.96404e-05-0.000242568j -0.00371021+0.0043711j -8.31051e-05+0.0021427j 0.00209427-0.00139522j -0.00330332+0.000525169j -0.00499333-0.00116216j -0.00347875+0.00323778j -0.00172055-0.00130899j -7.62668e-05+0.00120091j -0.00284313+0.00220033j -0.00193266-8.9348e-06j 0.00295225+0.00235151j -0.000536662-0.000214714j -0.00517218+0.00709959j 0.00187065-0.00335273j 0.00258247+0.00140721j 0.000161022+0.000263562j -0.00318453-0.00198966j -0.00379534+0.00312998j 0.00252126-0.00214863j -0.00193551+0.00074988j -0.000999631-0.00145043j -0.00155214+0.0020217j -0.00495766+0.000220556j 0.00231491+0.000861921j -0.00174559+0.00146094j 0.0023694+0.00218901j 0.000462935+0.00288203j -0.00551424+0.00226354j 0.000345115+0.000154223j -0.0029183+0.0013901j 0.000409426+0.00113195j 0.000664128+0.00113232j -0.000663945+0.00144398j 0.00358291+0.0025798j -0.00302855+0.00125666j -0.000305646+0.000905228j -0.000997909+0.000971776j 0.000407799+0.00100349j -5.5551e-05+0.000750822j 0.00234295+0.00185451j -0.000204338+0.000884907j -0.000536086-5.49096e-06j 
6.10534e-05-0.00285374j 0.00222296-0.00151274j 0.00364305-0.00349524j 0.00195004-0.000733211j 0.00366615-0.00530805j -0.000783185+0.00548093j -0.000767567+0.00504987j -0.00245309+0.00306699j -0.00480731-0.00358987j -0.000788413-0.00255557j 0.00182466-0.00252039j 0.00260923-0.000737833j -0.000808952-0.00715286j -0.000509519+0.00115648j -0.0016932+0.00159075j 0.00148851-0.00173009j 0.00128345+0.00250431j -0.00155387-8.07701e-06j -0.00815771+0.00121241j -0.000927051-0.00308615j -0.00558755-0.000516655j 0.000708255+0.00308254j 0.00177482-0.00147286j 0.000220895-0.00226174j 0.0019023-0.00297243j 0.00205465-0.000692711j 0.00201124+0.000875767j -0.000781009+0.00215229j 0.00150055+0.0013422j 0.00270487-0.00142004j -0.00033064-0.00020102j -1.77064e-06+0.000806823j -0.000962142-0.00345792j 0.000848004+0.00087166j 0.00132044+0.00294251j 0.0018924-0.00403708j -0.00451196+0.00237198j 0.00045993-0.000222219j 0.000136361+0.000411874j -0.00290921-0.000145157j 0.000495362-0.00278273j 0.00235053+0.00343489j 0.000454074-0.00348635j 0.00138504-0.000318242j -0.00145345-0.00152028j 0.00263778+0.0043999j 0.00645694-0.000727106j -0.000366243+0.00558795j -0.00214423-0.00169417j 0.00462641-0.00345569j 0.00422159-0.00259051j 0.000951538+0.00430022j 0.000408019+0.00140546j -0.00958952-0.00430491j 0.00461261-0.000200348j -0.000624614-0.00112776j 0.00293665-0.00230983j -0.00288884-0.00282643j 0.000615564+0.00515917j -0.0050738+0.000822182j 0.000424237+0.00333123j -0.0047808+0.00380806j -0.0021313-0.00204056j -0.00487334+0.000840069j -0.00161917+0.00441537j 0.0035564+0.0023592j 0.00099729+0.000501539j -0.00141832+0.000489148j -0.000504425+0.000821613j 0.0014749+0.0034023j 0.000920134-0.000571569j 0.000917859+0.00104466j 0.00124458-0.00142631j 0.00212358+0.000843709j 0.00297743-0.00132333j -0.00182849+0.00071534j -0.000286883-0.000356083j -0.000808586-4.97294e-06j -0.00167185+0.000625629j 0.00182088+0.00255882j -0.00114915+0.00209864j 0.00286113+0.0023519j 0.00121626+0.00209861j 0.00295787-0.00160259j 0.000420663+0.00239275j 0.00015124+0.00181762j 0.00169519-0.00318236j 0.00232701+0.00396535j 0.00210461-0.000443188j 0.00150427+0.000453014j -0.000588738-0.000946147j 0.00230607-0.000846867j 0.00023986+0.00170878j 0.00275688-0.000813699j -0.00169209+0.00283862j -0.00258422+0.00201449j -0.00165849-0.000183757j 0.00317183+0.00383777j 0.00136799-0.000206163j 0.0014361+0.00259732j -0.00317229+0.00309297j -0.00207786-0.00360848j -0.00405997+0.00400093j -0.000847556+0.00598146j -0.00156553-0.00273443j 0.00135973-0.00192775j -0.000152786-0.00226167j 0.00758847+0.00157031j 0.000682047-0.00615828j -0.00385197+0.00336907j -0.000762649+0.000516606j -0.0025169+0.00278903j 0.00511435+0.00281251j 0.00333503-0.00405307j 0.000330698+0.00327341j -0.00286555+0.00405338j 0.00289537+0.00041005j -0.00385152+0.00378707j 0.00115051+0.0059713j 0.00277263+0.00156965j -0.000161394+0.00547172j 0.00523833+0.000318502j -0.000905314-0.00138134j -0.00100199+0.000969373j -0.00463495-0.00380024j 0.00288916-0.00313949j 0.000795878+0.000965984j 0.00108974-0.00174174j -0.00598675+0.000218749j -0.00113912+0.000159866j 0.00161236-0.00534844j -0.00355088-0.00381027j -0.00103443-0.0021217j 0.00278384-0.000330402j 0.00229769+0.00577294j 8.93541e-05+0.00443435j -0.00225656+0.0040483j 0.00251489-0.000648091j -0.00036669+0.000209738j -0.00160348-0.00381097j 0.00530186-0.00184711j -0.0029764-0.00290501j 0.00225605-0.00297651j -0.00288729-0.00160086j -0.0019453-0.00196999j 0.00377223-0.00478822j -0.00079599+0.00133205j 0.000551268-0.00310426j -0.00223563+5.85583e-06j -0.00115551-0.000743241j 0.000786004-0.00145479j -0.00187278-0.00394691j 0.00329462-0.000499367j 0.000900397-0.00189327j -2.31116e-05+0.000936712j -0.000161259-0.000214652j -0.000332676-0.00257526j -0.00147061+0.000360439j -0.00018689-0.000705433j 0.000658135+0.00133704j 
-0.000159088+0.000480409j -0.000305994+0.00066808j -0.000296429-0.000703107j -0.00119491-0.000997281j -0.000561982-0.000271023j -9.7337e-05+0.00117364j -4.53777e-05+0.000122907j 3.7582e-05+0.00128444j -0.00297561+7.56512e-05j -0.00160749-0.00189224j 0.000481631+0.000111931j 0.00195544+0.0012629j -0.00112792-0.00202558j 0.00121169-0.000693446j -0.000554645-0.000269074j -0.00257934+0.00149429j 0.000656375+0.00145568j -0.00157996-0.00319624j -0.00250974+0.001446j 0.00346844-0.0016662j 0.000960532-0.0036805j 0.00447788-0.00251864j 0.00514174+0.00241028j 0.00195233+0.00549915j 0.00187041-0.00138987j 0.0034746-0.000848812j 0.00270242+0.00126429j -0.00113098+0.00182684j -0.00130479+9.21615e-05j 0.00086371-0.00012529j -0.000127014-0.000720479j -0.00178428+9.54175e-05j -0.000811588-0.00119546j 0.000965977-0.000944611j 0.00124206-0.0024813j -0.000482813+0.000424605j -0.00124353+0.00273259j -0.000477683-0.00146959j -0.000621645+0.000285641j -0.00190183+0.00236j 0.00324756-0.000517022j -0.000179247-0.00195427j -0.00182293-0.000140775j 0.000633106-0.000337497j 0.000307842+0.00100165j -0.00201422-0.000330938j -0.00597526-3.33634e-05j -0.00118142-0.00631146j -0.00044585+0.00153703j 0.00186536+6.02341e-05j -0.0021547-0.00011913j -0.00632541-0.00437364j 0.00183355-0.00836009j 0.0039006-0.0022969j -0.000861296-0.000326581j 0.00432883-0.00455942j -0.00915896+0.00195603j -0.00555453-0.00194739j 0.000240724+0.00148117j 0.00382439+0.00195541j 0.00768749-0.00273834j 0.00378357+0.00222904j -0.00469977+0.00196386j 0.00469664+0.00168369j -0.000459604+0.00181448j 0.000486666+0.000231972j 0.00124628+0.00164698j -0.00129683+0.000847411j -0.00112074-0.000877541j 1.94537e-05+0.00139769j -0.000591393-0.000235385j 0.000380103+0.00195356j 0.00136519+0.000813942j -0.00186303-0.000477589j 0.00010112+8.08232e-05j -0.000460751+0.000528934j -0.00103263-0.000621854j -0.000155811-0.000817018j -0.000791836+0.000226505j -0.00193398+0.00045539j 0.000457708-0.000265561j 0.00278546+0.00136681j 0.00148213+0.000281755j -0.000200014+0.000588259j 0.00453791+0.00203453j -0.000718339-0.000109387j 0.00200409-0.00214812j 0.000727137+6.60291e-05j -0.00276438-0.00153092j -0.00136644+0.00140245j -0.00481448-0.000346217j 0.000133514-0.00275238j 0.0030844-0.00101641j -0.000962443-0.00277761j 0.000415317+8.96363e-05j 0.00148995+0.00300596j 0.00243656-0.0019158j -0.00104238+0.00425951j 0.00270431-0.000162201j 0.0011615+0.00872454j -0.00126958+0.0021628j 0.00351772-0.00310844j 0.000170657+0.0028612j 0.00211998+0.00267776j 0.00507628-0.00320038j -0.00348639+0.00259574j -0.0026998+0.000694756j 0.00275924+0.00074658j 0.000418071-0.00453427j -0.0049769-0.00194174j 0.000490786+0.00811538j 0.00403345-0.00128623j 0.00267002+0.00544405j -0.00315344+6.61523e-05j -0.00136377-0.00430327j -0.00065183-0.0051526j 0.00343447-0.00586234j 0.00407248+0.00446875j 0.000662372+0.000304269j -1.67198e-05+0.00343174j -0.00299902+0.0083358j 0.00349152+0.000288899j 0.00117507-0.0024689j 0.00397329-0.00047967j 0.00256794-0.00133193j -0.00270924-0.0036259j 0.00659417+0.00240724j 0.00163675+0.0023702j -0.00620117-0.00259952j 0.00202161-0.000305131j 0.0014387-0.006776j -0.00698851-0.00244314j -0.000232993-0.000412593j 0.00210452-0.00718286j 0.000670608+0.00417819j 0.00444346+0.00502652j -0.00471961+0.00187239j -0.000911613-0.00187901j 0.00165257+0.00100814j -0.002039-0.00315415j 0.00127814-0.00225809j -0.00518806-0.00115067j 0.00174812-0.00012526j -0.00542921-0.00423095j 0.0011569+0.000290937j 0.000891503-0.00532187j -0.000626329+0.000164165j 0.000881025-0.00201933j -4.71563e-05+0.00254492j -0.000134827+0.000316968j 0.00126372+0.000580023j -0.000759829-0.00157374j 0.0006906-0.00338778j 0.00369854-0.000369313j 0.000416681+2.88429e-05j -3.36142e-05-2.44889e-05j 0.00102762-0.000622575j -0.000455774+0.000171593j -0.000217457-0.00043935j -0.000341198+0.00113347j 
0.00294542-0.00243963j -0.00088695+0.000147489j 0.00126285-0.00369388j 0.000162155+0.00175935j 0.000158572-0.00485998j -0.000272113+8.76883e-05j 0.00383115+0.00766788j -4.74799e-05-0.000327946j 0.00442723-0.00503898j -0.00224756-0.00295121j -0.00117969-0.00239102j 0.000811739-0.00301895j -0.00379015-0.00722462j -0.000322689-0.000740765j 0.000788528+0.000594554j 0.00223387-0.000405448j 0.00558204-0.00141519j 0.000389476-0.00451806j 0.00181518+0.00497753j -0.00231022+0.00605722j 0.00158469+0.00604463j -0.000368836-0.000607368j 0.00140554+0.00055169j -0.00272582-0.00293651j -6.30961e-07-0.00389423j 0.00229133-0.00144549j 0.00156107+0.000238353j -0.0025807+0.00231538j 0.000180562+0.0012013j -0.000704236-0.000869312j 0.000747755+0.00137222j -0.00167018-0.000239396j 0.00188959-0.00325155j -0.000815589+0.00126138j -5.16585e-05+0.00201479j 0.000874488+0.00150395j 0.000229282+0.000730321j 0.000244874-0.00031915j 0.00117728-0.000438669j 0.00322187+0.00307006j 6.38996e-05+2.04834e-05j 7.15896e-05+0.00080664j -0.00176644+0.000280464j 0.00177364+0.000661355j -0.00216447+0.00164821j 0.00184148+0.000934694j -0.000736837-0.00107367j -0.00330789+0.00213594j -0.000318661+0.00192606j 0.00141836-0.000647057j 0.000921921-0.0025823j 0.00197428-0.000416835j 0.000427826-0.00499304j 0.000128479+0.00090047j 0.00229813-0.000625247j 0.0020167-0.00238983j -0.0024189-0.000565806j -0.0036299-0.000905659j -0.000149348+0.00093645j 0.000692871-0.00111606j 0.000731777+0.000775523j 0.000433049+0.00179631j -0.000869094-0.000301434j -8.46707e-05+0.000619613j -0.00095884+0.00171173j 0.00129169+0.00148527j 0.000617115+5.79573e-05j 0.000648189-0.00059875j -0.000650952-0.00122051j 0.00130348+0.000835486j -0.00115917-0.000564772j 0.000257618+0.000866302j -0.00102903+0.000388925j -0.000148181+0.000708665j 0.00103182-0.000125072j -0.00253645+0.000221564j -0.00111793-0.00186821j -0.000473036-0.00125461j -0.00019924-0.000348554j 0.00108278-0.00165722j 0.000884185-3.86801e-05j 0.00185439+0.000797674j 0.000271343+0.00315813j 4.25318e-05+0.00096153j -0.00377984-0.00346005j 0.00378758+0.00144744j -0.00490873+0.00530078j 0.000243021-0.00272888j 0.0030538+0.000427068j 0.000617099+0.00426738j 0.00436978+0.00197092j -0.00106976-0.00107746j -1.97239e-05+0.00282238j -0.00258787-0.00107664j -0.00630586-0.00360707j 0.000816287-0.0040348j -0.000552464+0.00651892j -0.00178085-0.00435215j 0.00326306-0.000761979j -0.0021738-0.00611334j 0.00125898-0.0101328j 0.000483686-0.00504366j 0.00124259+0.00160362j -0.000690273-0.00227193j -0.00163093+0.000634374j -0.00179996+0.00307217j 0.00715914-0.00138855j 0.0049434+0.000303562j 0.00142732+0.00375451j -0.000409752+0.00624161j -0.000538931+0.000862016j 0.00353287+0.00325582j 0.000307672+0.00196313j 0.00056144+0.00469024j 0.00567101-0.00183158j -0.00767421-0.00457331j 0.00160435-8.34325e-05j 0.000978567-0.000205162j 0.00512753-0.00503442j 0.0078879-0.00380789j 0.00415099-0.0109866j 0.00359957+0.00162936j -0.000906909+0.00227136j -0.000185373-0.00376425j 0.00112623-0.00151257j -0.000526278-0.000653039j -8.48547e-05-0.00151841j 0.00475905-0.000664633j -0.00588762+0.00108099j 0.00208329-0.008537j 0.000822094-0.00276572j -0.00516183+0.00548587j 0.000397886-0.00256315j 0.00153813+0.00216395j -0.00261001+0.00341474j 0.00603644+0.00201752j 0.00126577+0.00139916j 0.00131598-0.00248233j 0.00140475-0.00219829j -0.00241015+0.00307928j 0.00265604-0.0032053j -0.000878712+8.67958e-05j 0.00383698-0.00194336j -0.00349697-0.00557691j 0.00263544-0.000605204j 0.00431395-0.00432186j 0.000949952+0.00168139j 0.00151526-0.00224555j 0.000562126-0.000184019j 0.000943127+0.00321528j 0.00201824-0.00218574j -0.00473085-0.000376797j 0.00224104-0.00125656j 0.00453904+0.0031756j 0.000432234-0.000587488j 5.85646e-05-0.000765211j 0.00205393-0.000335598j 0.00036349-0.000604997j 5.99831e-05-0.000135807j -0.00058047+0.00168158j 
-0.00142822-0.000211352j 0.000910253-0.00174656j -0.00271323+0.00125126j -0.00202183+0.00114932j 0.00105897-0.000781251j -0.00604408+0.00124746j 0.00615874+0.00386263j 0.00306621-0.0048777j 0.0024971-0.00710118j -0.00535036+0.00164931j 0.000790419-0.00254231j 0.00104768+0.000114515j -0.00440659-0.00190211j 0.00219944-0.000200026j 0.000879219-3.17507e-05j -0.00257536+0.000984795j -0.000731152+0.000942602j 0.00126712+0.00154561j 0.00106721+0.000185808j 0.000574703-0.00379996j 0.00171674-0.00339266j 0.00308341-0.00181235j 0.000691875+0.00175231j 0.00146246+0.00404825j 0.000919057+0.0025956j -0.000358621+0.00133836j -0.00112467-3.18301e-05j 0.000415363-0.00158954j -0.000420058+2.78719e-05j -0.00221494-0.000410724j -0.00131161-0.000342781j 0.000716746-0.00196709j 0.00185252+0.00250448j -0.00057745-0.00119551j 0.0015192+0.00488149j 0.00250711+0.00126499j -0.000978296-0.000755857j 0.00155229-0.000695441j 0.000365146+0.00244949j 0.00355626+0.000748453j -0.00257212+0.00329309j -0.00115988-0.00289525j 0.00159403+0.00575386j -0.00302991-0.000898254j 0.000454741+0.00244089j 0.00138334-0.00284696j -0.00245409-0.00213845j -0.000253892+0.00206308j 0.000994904-0.00239928j 0.000136754+0.00463375j -0.00083544-0.00127686j 2.60697e-05-0.00187942j -0.00283451+0.00325217j 9.66229e-05+0.000422924j -0.00119349-0.0011263j 0.00232-0.00251914j -0.00152611+0.00033604j 0.00160205+3.0037e-05j -0.00390136+0.00123742j 0.00413814+0.000352713j -0.00397545+0.00350915j -0.00112864+0.000190762j -0.00143414-0.00260576j -0.00443749-0.000525979j 0.000183809-0.00128674j 0.00269259+0.000565659j 8.85862e-05-0.00205199j 0.00203493+0.000906435j 0.00126948+0.000972148j 0.000124527+0.00071322j 0.000351054-0.000495701j -0.00206861+0.000358944j -0.000810742-0.00172687j 0.000220949-0.0013801j 0.000335302-0.000598617j 0.000835445-0.00177967j -0.000673969+0.000217454j 5.52763e-05+0.000425589j 5.41418e-05+0.00321057j 0.000880613+0.000792097j 0.00118485-0.000725903j -0.00104427+0.000879797j 0.000871358+0.000425184j -0.000969633-0.0028866j -0.00222092-0.00231323j -0.00356297-0.00131192j -0.00246979-0.00159169j -0.00114424+0.00195092j 0.00190168-0.00101782j 0.000922434-0.00406468j 0.0013783+0.00023817j 0.000134259+0.00397369j -0.00116742-0.00306331j 0.000904732+0.00169856j 0.00329789+0.00289717j 0.000779258+0.00561367j 0.000808057+0.00169544j -0.000892956+0.00397001j -0.00149564-0.0016351j 0.00230912+0.00201689j 0.00231621+0.00412256j -0.00291244+0.00419844j 0.00182548-0.00293184j -0.00171298-0.00317655j 0.00313749-0.00174692j -0.00183347+0.00252911j -0.00262312-0.00222757j -0.00187515-0.00161636j 0.00184677-0.00279084j -0.00292385-0.00268023j 0.00527554+0.00200561j -0.00215553-0.000453147j 0.000928296+0.00146762j -0.000852344-0.000784272j -0.00390175-0.000159077j -0.0015391-0.00359628j -0.00035451-0.00140584j 0.00280415+0.000508404j -0.00399841+0.000639001j 0.00130867-0.000638361j -0.00140957+0.0070159j 0.000439776-0.000923372j 0.00162178+0.000267385j 0.00190454+0.00225395j 0.00235559+0.00112603j -0.00216107+0.00268842j 0.00101198-0.00137933j 0.00199601+0.0036218j -0.00167132-0.000222479j -0.000102791+0.000684883j 0.000384832-0.000178847j 0.000904356-0.00172684j 0.00359889-0.00234565j -0.00328895-0.00324677j 0.00166686+0.00146868j 0.00186123-0.000775747j 0.00217606-0.000644981j -0.00240245+0.00110471j -0.00165055+0.000377472j 9.61443e-05-0.000861464j -0.00108056+0.000414226j 0.00326297-0.000411722j -0.00071531-0.00155359j 0.00126083+0.000366838j 0.00404058+0.00364829j -0.00156337-0.000685312j 0.000857795-0.00034559j -0.000288555+0.000486705j 0.000198416+6.9908e-05j 0.00257245+0.000601642j 0.00144871+0.000206534j 0.00266519-0.000808035j -0.00048701+0.00215621j 0.00412422+0.00324835j 0.00090825+0.00104622j 0.000275592+0.000113081j -0.00173577+0.00025197j 0.0028168+0.00232956j 0.000981142+0.000201667j -0.000519161+0.000154831j 
0.000792702-4.97895e-05j 0.00114984+0.000313863j -0.000737941-5.46413e-05j 0.00320184-0.00107301j 0.000827931+0.000829908j -0.000748026-0.00184174j -0.000804471-0.00358768j -0.00028254-0.0033219j 0.00288819+0.00100755j 0.00386906+0.00594064j 0.00211324-0.000165385j -0.0036381-0.00147508j 0.00377308+0.00606796j -0.00113687-0.000847946j -0.00166423+0.000821301j 0.000422551+0.000489418j 0.00115734+0.000674699j 0.000270281-0.0011857j -0.000916627+0.000724195j 0.00170029+0.00217501j -0.000554595+0.00256627j -0.00331674-0.000792461j 0.0014987-0.00218932j -0.000987511-0.00431632j 0.00212671-0.00183874j -0.000605482+0.000873729j -0.00125622+0.000680269j -0.00236922+0.000547336j -0.0005286+0.000397035j 0.000863539-0.00126149j -0.00112433+0.000530364j 7.76082e-06+0.000147181j -0.000403395+0.000366335j -0.000121993-6.21666e-05j -0.000868479+0.00182584j -0.000230324-0.000916823j 0.000209553+0.000260471j 0.00126388-0.00194566j 0.00208857-0.00259005j 0.00103238+0.00135926j 0.00179553-0.0011525j 0.000828676-0.00168906j -0.00246235-1.81254e-05j 2.53434e-05-0.0013496j -0.000876244+0.000548591j 0.000658043-0.000811239j -0.0028001-0.00220778j -0.001006-0.00307032j 0.000111046-0.00109148j 0.00445668-0.00197237j 0.000686218-0.00213702j -0.00404067-0.00122351j -0.00639193-0.00221445j -0.00262159-0.00622193j 0.00473742-0.000455851j 0.00334169-0.00809335j -0.00176496+0.00439719j 0.00103056-0.00124486j -0.00288758-0.00284574j 0.00553651-0.000979463j 0.00347446-0.00268038j -0.00170517+0.00433451j -0.00401869-0.00530594j 0.00178086+0.00283178j 0.00479066-0.00066892j -0.00195758-0.000423791j -0.000248415+0.00145038j -0.00224281-0.00223058j -0.000120824+0.000633735j -0.00174518-0.00119897j 0.000949874+0.000783166j -0.00136165-0.00156587j -0.00117399-5.54146e-05j -0.000236195-7.63362e-05j 0.000783337+0.0016114j -3.56102e-05+0.000656208j -0.00197572+0.00027564j -0.000613603-0.00194456j 0.000163683+0.000586649j 0.00139163+0.000594338j -0.000130279-0.000812894j -0.000377272-0.000580699j 0.000659557-0.000775394j 0.000462864+0.00109806j -0.00217674-0.000585134j 0.000104346-0.00038424j -0.00133933-0.000720371j 0.000232273+0.00218225j 0.000301186+4.68087e-05j -0.000218537+0.00128232j 7.08838e-05+0.00115911j -0.00145501+0.000222847j 0.000938436-0.00155669j 0.00216602-0.000950065j -0.000685804-0.00369014j 0.000577648+0.000873468j 0.000961747+0.00092886j -0.000138301-0.00240963j -0.00263418+0.00480351j -4.6509e-05+0.000704925j 0.00140521-0.00122451j 0.00232225-0.00181373j 0.00159186+0.00306242j 0.000258631-0.0020672j 3.44032e-05-0.0013601j -0.00276756-0.000526336j 0.00356074-0.000178273j 0.00669556-0.00123458j 0.000296904-8.89683e-05j 0.00393354-0.000402908j 0.00105243+0.009036j 0.00210475+0.00369057j 0.00277936+0.00820099j 0.0102-0.00334804j -0.00163898+0.00110423j -0.00740043-0.00140962j -0.000304264-0.00624497j 0.000769642+0.00216234j -0.0017597+0.00559932j 0.0046357+0.00874884j 0.00872668-0.00420188j 5.5931e-05+0.00551889j 0.00410594-0.00521921j -0.0111457+0.000796047j 0.00966456+0.0054695j 0.00116771-0.00362624j -0.00266635+0.00160571j 0.00419908+0.000476464j 0.0015019+0.00332028j 0.00296725-0.00362225j -0.00820952+0.00127283j 0.00141525-0.0113589j 0.00150858+0.00427557j 0.00168302-0.00183928j -0.00967573-0.00755435j -0.00161217+7.82699e-05j -0.000900402-0.00510137j -0.000222354-0.00135672j -0.000581536+0.00194928j -0.00269174-0.00531085j -0.00425936+0.00375214j 0.0021999-0.0017336j -5.11776e-05+0.003144j 0.00414857-0.00023121j 0.00133361+0.0080772j 0.000167537+0.000421201j 0.00133498+0.000630686j -0.00198983+0.00201615j -0.00217889+0.00160632j -0.00185817+0.000762053j -0.000457632+0.004487j 0.000865293+0.00336348j -0.000445911+0.000660032j -0.00230275-0.00119377j -3.76949e-05-0.00115021j -0.000522096+3.22085e-05j -0.00137856+0.000936818j -0.000737797-0.000992635j 0.00032863-0.000285872j -0.000347114+0.000239057j 
-0.000755722+0.00054894j 0.000272224-0.00153852j -0.000819778+0.000250319j -0.000876965-0.0019251j 0.00317591+0.000384719j 0.000694652-0.00442424j 0.0010121+0.000910091j 0.00187785-0.00039396j -0.000296737+0.00299676j 0.00287256-0.000824463j 0.00186624+0.000480663j 0.00210121+0.000736597j 0.00123192+0.00131564j -0.000997434+0.000556036j -0.00102661+7.3792e-05j 0.000255087+0.000344533j 0.000180547+0.000994423j -0.00043645-0.000929644j -0.00140944-0.00307183j 0.00207174-0.000213843j -0.000600469-0.00219874j -0.0010293+0.00184089j 0.000579554+0.000320476j -0.000670843+1.81332e-05j 0.000353292+6.17237e-05j -0.000960509+0.00198998j -0.00140086+0.00177854j -0.00155559-0.000650752j -0.000852892+0.000248822j 0.00103043+0.00219741j -5.09288e-05-0.000276359j 0.000791413-0.00194528j 0.00109932-0.00138272j 0.00135538+0.00346018j -0.00074297+0.00173476j 0.000989237+0.00037495j -0.00330702-0.000338425j -0.00129057+0.000299443j -0.00365513-0.00122185j 0.00395876-0.000597857j 0.00157002-0.00483828j -0.00089968-0.00247156j -0.000647769+0.00248583j 0.00562881+0.00673425j -0.00156511+0.00663309j 0.00115111+0.00297534j -0.00198903-0.00614579j -0.00751725+0.00450177j 0.00226483-0.00252723j -0.000553322+0.00614182j -0.000887941-0.00625908j -0.000495101+0.000525226j -0.00440929-0.00592607j 0.00527587+0.0060477j -0.00263746-0.00240992j 0.000796677+0.00325301j -0.000285209-0.00439939j -0.00502808+0.000585172j 0.00147387+0.000747161j -0.0037143-0.00812864j -0.00263652+0.00121061j 0.00143819+0.000736441j 0.000769317-0.00140813j -0.00227128-0.00337282j -0.000771558-0.00148665j -0.00114303+0.00209298j 0.00127494+0.000297535j 2.28645e-06+0.00228718j -0.00192026-0.0014443j -0.000876347-0.000449629j -0.00122882+0.00248746j -0.000507968+0.000846711j 8.22481e-06+0.00133981j 0.000224299-1.04818e-05j 0.000277393-0.000674329j -0.000750555+0.000656121j -0.00184335-5.28458e-05j 0.00164833-0.000107985j 0.0022364-2.10862e-05j 0.0020961+0.00384639j 0.00068429+0.00109871j -0.00270131+0.0015693j 0.000285221+0.00208049j 0.000459782+0.00385273j -0.000503914+0.00052571j -0.00111147-0.000810628j -0.00400953-0.00277953j 0.00272158+0.000140382j 0.00260039-0.000843226j -0.00365113-0.00167086j 0.00319648+7.6183e-05j -0.000773248+0.00491453j 7.35039e-05-0.0007091j -0.00262407+0.00244411j 0.00380148+0.0071737j 0.00410488-0.000961054j 0.00223303+0.000740769j 0.000633607+0.00145589j 0.000955901+0.0048913j 0.00262808+0.00255271j 0.00148534+0.00138987j 0.000271697+0.00214556j 0.00606242+0.00358721j -0.000974614-0.00161302j -0.00203066-0.000827165j 9.72986e-05-0.00253034j -0.00155152-0.00415825j 0.00174892+0.0069299j 0.00577487+0.00815433j 0.00306858+0.00435578j -0.00253589-0.00272566j 0.00346894-0.00121769j 5.36137e-05+0.00450788j -0.000765409+0.00277946j 0.00339653-0.00137404j 2.33916e-05+0.0014473j -0.00274732+0.00296272j -0.000143965+5.206e-06j 0.00147251-0.00294157j 0.00306061+0.000122546j -0.000140114-0.0017505j -0.0065288+0.00371419j 0.00687228-0.000387059j -0.00404189-0.0016966j 0.00477176+0.00331417j -0.0044753-0.00102718j -0.000456382-0.00526965j -0.000485532-0.00630746j 0.00245934-0.00202562j 0.00287842+0.00051754j 0.00163105-0.000633999j 0.000681025+0.00163387j -0.00158231+0.00596902j -0.000205353+0.00420255j -0.00261649+0.00693658j 0.000102486-0.00205547j 0.00456848+0.000125142j -0.00139237-0.000681019j -0.00101801+0.00436918j -0.00143571-0.000669527j 0.000625605+0.00207284j -0.0008248-0.00149306j 0.00113778-0.00406306j 0.0072047-0.00141509j 0.00043065-0.00413113j -0.00289271+0.00365917j 0.0012479-0.00122452j 0.000597177-0.000505755j -0.001601+0.00035078j -0.00163105+0.00077832j 0.00238941-0.00092299j 0.00142529-0.003731j -0.00377433+0.00180232j -0.00196144+9.03289e-05j 0.000805905-0.000660054j -0.00036915-0.000294375j 1.36065e-05+0.000412462j -0.000524054+0.00170591j 0.000209116-0.000327095j -0.00073231+0.00038258j 
-0.00104585+0.000620107j 0.000838112+0.00148158j -0.00194551+0.00101586j -0.000904669-0.00231428j 0.00110551-0.00017958j -0.00166267-0.00276645j 0.00116225-0.00285745j 0.000763227-0.000192095j -0.00146525+0.0027251j 0.00138681+0.000747798j 0.00313686-3.25817e-05j 0.00107221+0.00223258j 0.00216806+0.00137847j -0.00121864+0.000359471j -0.00203987+0.00253539j 0.00328718+0.00142196j 0.00244791+0.00152841j 0.00217723-0.00387796j -0.00397424+0.00111636j 0.00495273+0.00178086j 0.00292095+0.00598714j -0.0083318+0.00247875j 8.17477e-05-0.00416487j -0.00690167-0.0111866j 0.00372666-0.00332802j -0.00259526+0.00513017j -0.00623524+0.00365705j -0.00819468+0.000683389j -0.00174339+0.00278344j 0.000153701+0.000282251j 0.000876055+0.0023427j 0.000834245-0.00256825j 0.000391187-0.001583j 0.000495924-6.24034e-06j 0.00115341-0.000717133j 0.000188604+0.00128098j -0.00150881-0.00234049j -0.000818708+0.000474247j 0.000133009+0.00335181j 0.0006618+0.00463999j -0.00208563+0.00100491j -0.00163591+0.00357972j 0.0015348-0.00264414j 0.000388622-0.000950308j -0.00219606+0.00142986j 0.00273003-0.000452098j 0.000800487+0.00212001j -0.000478086+0.00218366j -0.00581782+0.00486617j -0.00493659-0.00236241j -0.000674804+0.00480431j 0.00764986+0.0038488j 0.00950743+0.00175528j 0.00235054+0.00582106j -0.00477077+0.00344438j 0.000519624+0.00853906j 0.00105734-0.003067j -0.00186555+0.00109278j 0.00287763+0.00401443j -0.00527316+0.00466588j -0.00225822+0.00402462j 0.00189648-0.007995j 0.0046712+0.00331488j -0.0014485-0.000387201j -0.00631607+0.00284541j 0.000763417+0.00357273j 0.000611491+0.000142028j 0.00158078+0.00303915j -0.00156065-0.00161998j -0.00147338+0.000170018j 0.000534151-0.000913657j -6.53292e-05+0.0014014j 0.00139439+0.000856356j -0.000326459+0.000953711j 0.00010332+0.000380531j -0.000837413+0.00165698j 0.000594989+0.000635308j -0.000185613-0.000266615j 0.00123001+0.000268393j 0.00225579+0.000239896j -0.00206359-0.000669959j 0.000913993-0.0018768j 0.00063384+0.000361549j -2.84504e-05+0.00172782j -0.0038513-0.00183768j 0.00113561-0.000429494j -0.00212404+0.000346589j -0.000405741+0.000993337j 0.00292653-7.70145e-05j 0.00214627+8.81172e-05j 0.00171987+0.000757892j -0.000321137-0.00036243j 0.000312467-0.00055009j 0.00375666+0.0024714j 0.00230863-0.00207419j 0.00194495+0.00388337j 0.000203991+0.000401144j -0.000488898-0.00221109j -0.000866851+0.000138123j 0.000531699+0.00266551j -0.000827993-0.00233777j 0.00383541+0.000383285j -0.00175142+0.00146257j 3.22456e-05-0.00174251j -0.000204325-0.000361816j -0.000896918+0.00140733j 0.00167477-0.000704853j 0.0012645-0.00343014j -0.00236184-0.00148564j 0.000550735-0.00235896j 0.00109507+0.00480713j 0.00191313+0.000560075j 0.00370975+0.00441432j 0.00120504-0.00180695j -0.000798302-1.86666e-05j -0.00224529-0.00334234j -0.00213802-0.00275534j 0.00185834-0.000675678j -0.000485451+0.00349411j -0.000427691+0.00215218j 0.00399828+0.00147689j 0.00153799-0.00171912j 0.000786498-0.00189995j 0.000339562+0.000157393j 0.00398344+0.00346949j 1.1001e-05+0.000346081j -0.00113315+0.00343301j 0.00120691+0.00218589j -0.00285947+0.00248462j -0.000456834-0.00133208j -0.00517886-0.00204706j 0.00187966-0.00430227j -0.00129522-0.001604j -0.00142479-0.00525827j -0.00020547-0.00503615j -0.0024853-0.0015737j -0.00319376+0.000675022j -0.00117518-0.00301482j -0.000277885+0.00110269j -0.000199805-0.0029701j 0.00114966+0.00116471j 0.00156363-0.000328038j -0.00101871+0.0019705j -0.000239037+0.00130286j 0.00176874+0.00384875j 0.00221497-0.000869239j -0.00049215+0.000485116j 0.000453104+0.00130893j 0.000107211+2.11638e-05j 0.00108862+0.00036929j 0.0015772+0.00195348j 0.00352247+0.00366169j 0.00321194+0.00227753j -0.00145353+0.00164697j 6.82727e-05-0.00131882j 1.20812e-05-0.000924248j 0.000931967+0.00182019j -0.00225786+0.00194372j -0.000319373-0.0022143j -0.000975853-0.000467914j 
0.00157344+0.00145074j -0.000937211+0.00201152j 0.00054944-0.000284572j 0.00057435+0.00251148j -0.00452894+0.000826021j 0.00197819+0.00499241j -0.00278227-0.000799849j -0.00185779+0.0027106j 0.000822043-0.000411979j -0.00331154+0.0017768j -0.0021108+0.00152551j -0.00248929+0.000703689j -0.000557978-0.00112091j 0.000952446+0.000540528j -9.23065e-05+0.00111079j -0.000865101+0.00141788j -0.00325667+0.00189915j 0.00294526+0.00403933j -0.000735226+0.00251491j 0.00227678-0.00603203j 0.00137364+0.00204451j -0.00204407-0.00185747j -0.00165563-0.00383039j -0.00134275-0.0035454j 0.000355261-0.00282388j -0.00298629+0.0025044j -0.00212227+0.00375574j -0.00139744+0.000101649j -0.000637303+0.00121231j -0.000611153-0.000507203j 7.37588e-05+0.00209076j -0.00281662-0.000287214j 0.00234964+0.0035962j -0.000814151+0.00103298j 0.00150183-0.00143786j -0.00222486+0.00416218j 0.00292199+0.0042288j -0.00221364+0.00393262j -0.00341331+0.00134604j -0.00360729-0.00722067j -0.00383538-0.000123676j 0.002815-0.0016402j -0.000682411+0.00435213j -0.00351529-0.000396305j 0.00119191-0.00332677j -0.00419517+0.00156473j 0.00558671+0.00373362j 0.00124048+0.000964873j 0.011442-0.00696962j 0.00171019+0.0036553j -0.000619334-0.00282988j -0.00273471-0.00748779j -0.00131187-0.00421307j 0.00192764+0.00254171j 0.00257143+0.000921377j -0.00244412+9.33684e-05j -0.00323414-0.00230389j -0.00313202+0.000152749j 0.00203477+0.000298714j -0.0020536-0.00204933j -0.00223904+0.0023952j 0.000394854+0.00447058j -0.00138996+0.00337298j -0.000666636-0.00313928j -0.000809387-0.00374358j -0.000321399+0.00138819j 0.00215049-0.000538575j 0.00242725-0.000972977j 0.000859579-0.000220866j 0.000220362+0.00159572j -0.00167923-0.000153095j -0.00106198+0.00114269j 0.000829494-0.000648754j -0.00160347-0.00141718j -0.00347014-0.00266804j 0.00118014+0.000382994j 0.00146243-0.00103667j -0.00172149-0.000545985j -0.00428709+0.0020168j -0.00213355-0.00429345j -0.00237213+0.000300513j -0.000838179+0.00029233j -0.00151032-0.00155488j 0.000933854-0.00368728j 0.00313306+0.00271463j -0.00230758+0.00284711j 0.0022731-0.000486182j -0.00236638-0.000356044j -0.00385494-0.00295927j 0.00260876+0.000212349j -0.0034948+0.00231599j 0.000791143+0.00340782j -0.0049465-0.0038136j -0.00246703-0.00367797j -0.0030471-0.00307821j -0.00216685-0.00054899j 0.00109971-0.00125012j -0.00472675+0.000502505j 0.00356958+0.0047194j 2.48647e-05-0.00447187j 0.00280985+0.0036582j 0.000548902-0.00287634j -0.00283108+0.00097238j -0.000146604-0.00215521j -0.000728609-0.00251592j -0.000242433+0.000705962j -0.000519906+0.000394629j -0.000125638-0.00221771j 0.00260198+0.00357287j 0.00561731+0.00435326j -0.00145538+0.000637222j -0.00229977-0.000232076j 0.000790238+0.000277735j 0.00819742-0.00392114j -0.00169607+0.0034749j -0.00157058+0.00171371j 0.00162616-0.00569492j -0.00100404+0.000381202j 0.000867638+0.0032247j 0.000972616+0.00381033j 0.00457291-0.00423728j -0.002085-0.000581225j 0.000874995-0.00604656j -0.00515348+0.00317535j 0.00324271+0.00153926j -0.00547824-0.00337966j -0.00102469-0.000673615j -0.000258263-0.00576755j 0.00393858+0.0027707j 0.00233532-0.00165753j -0.00494996+0.0022014j -0.00334785-0.00243576j -0.000984758+0.00492072j 0.00209822+0.00036547j -0.00523576+0.00226506j -0.000126414-0.00098938j 0.000489027-0.00188809j -0.000226312+0.000960752j -0.00114925+0.00318918j -0.00140374-0.000218829j -0.000149538-0.000108294j 0.0016551+0.000602807j -0.000245992-0.000653019j 0.00343605-0.000720923j 0.0016789-0.00283728j -0.00079974+0.00280598j -0.000193741+0.000956053j -0.00110962+0.00173115j 0.00155551+0.00070164j 0.000305818-0.000178945j 0.00210953-0.00117842j 0.00144904-0.00110509j -0.00100688+0.001837j -0.000721558+0.00170116j 0.00021316+7.68539e-05j 0.000386473+0.0001629j 0.00108367+0.000939583j -8.58381e-05+0.00108993j -0.000472512-0.00049944j -0.00126964-0.000304898j 
-0.000288749+5.08041e-05j -0.00191012+0.00104809j -0.000622306+0.000871924j -0.00133723-0.00152399j 0.00266838+0.000960594j -0.000234998-0.00377308j 0.00268433+0.000329859j 0.0020903-0.00236677j -0.000472396+0.000572756j 0.00179417-0.00117162j 0.00112325-0.00116636j 0.00266343+0.000659876j 0.000222973-7.77703e-05j -0.000987621-0.000262533j 0.000117074-0.00224289j -0.00133003+0.000335313j 0.00221764-0.000601805j -0.000266696-0.00335661j 0.00409233-0.000123289j -0.000469049+0.00253309j 0.00158856-0.00275677j 0.00270109-0.00202133j 0.00239839+0.00193039j 0.0014172+0.00542031j -0.000321063+0.00269293j 0.00284323-0.000637661j 0.00167136-0.00130223j -0.000285138-0.000171738j -0.00210119+0.00160514j 0.00130828+0.00121697j 0.00118924+0.00168201j -0.000997564-0.000380891j 0.00101754-0.00348568j 0.00029702+0.000576623j 0.00352799+0.00126842j -0.000785743+0.00162009j 0.00225107+0.00669117j -0.000176764-0.00282752j 0.000119134+0.00235827j 0.00140559+0.0028812j -0.000738371-0.00434528j 0.00489637+0.00552349j 0.00144897-0.00322048j -0.000697914-0.00271579j -0.00778418-0.000856014j 0.00296243+0.00260196j 0.0114068+0.000501371j 0.00161033+0.0025076j 0.00364494-0.00657551j 0.00432023-0.00583785j 0.00313021-0.000277246j 0.00314139-0.0010445j -0.00224076-0.00243614j -0.00135381+0.000100545j 0.00858588+0.00314027j -0.00248678-1.14382e-05j 0.00373111+0.000543465j 0.000882951+0.00298183j 0.000732449-0.00100892j -0.00274917+0.00112701j 0.000957053-0.00149845j 0.000505632+0.00229189j -0.000495999+0.00076215j 0.000116958+0.00459402j 0.000885564-0.00330166j -0.00119018+0.00261327j 0.00299248+0.00169554j -0.000735625-0.000631413j -0.00329513-0.00120325j -0.00085418+0.000670176j 0.000896034+0.00428737j -0.000146643-0.000926493j 0.00413465+0.00408723j -0.00154107+0.00119006j 0.00342579+0.00119833j -0.00338064+0.000608215j 0.000943392+0.000208322j 0.000766789-9.25407e-05j 0.00323222-0.00337775j 0.00760434-0.000485401j -0.00283196+0.00209366j 0.00136069+0.00132709j 0.00105375+0.00240222j 0.00511179+0.00201733j -0.0055775+0.00241327j -0.00412304-0.000378642j 0.00128984-0.00184585j -0.000121891-0.0025052j -0.0020057+0.00214122j -0.00208356-5.83345e-05j -0.00316886-0.0028007j -0.000427932-0.0039358j -0.0035091-0.00329096j 0.00571404-0.00418164j -0.00143465-0.00102692j -0.00626322+0.00532599j -0.000350954-0.000740134j 0.00138536-0.00354761j 0.00478076+0.00156193j -0.000371485-0.00297197j 0.00314883+0.000412508j -0.00149756+0.00466686j -0.00713531+0.00270637j 0.00102822+0.00501514j -0.00369383-0.000247155j 0.00542344+0.00315488j -0.00382331+0.00276049j 0.00123084-0.00572268j 0.00137159-0.00272798j 6.1101e-05+0.00215945j -0.000840742-0.00340518j -0.00302869+0.00623551j -0.00257668-0.00744701j -0.00157603-0.00589781j -0.000586363+0.000748319j -0.000651001+0.00122086j -0.00331493+0.00433325j 0.000300356-0.000509526j -0.00595191+0.00728209j -0.00267695-0.00156149j -0.00117405+0.00301688j -0.00319445-0.00234077j -0.00489345-0.00108052j -0.00704219+0.00306148j -0.0091632-0.0045358j 0.00250729-0.000496919j -0.00310569-0.00204878j -0.00209028+6.55453e-07j -0.00173171+0.00730914j 0.000822993-0.000290315j -0.000627141+0.000810414j 0.00186717-0.00317235j 0.00181992-0.00228825j 0.00260082+0.00276636j -0.00288497+0.00119032j -0.00130314+0.00134934j 4.96831e-05+0.00213219j -0.000989164+0.00297311j -0.00136878+0.000670492j -0.00124815+0.00197762j 0.00200923-0.00116327j -0.00405504+0.000491843j 0.00245291-0.00617347j -0.00143459-0.00432559j 0.00475962+0.00262683j -0.000294087-0.000708148j 0.00046858+0.000648777j -0.000647706-0.00163969j -5.33183e-05-1.55385e-05j -0.000750312+0.00085292j -6.21031e-05-0.000173948j -0.000697929-0.000246156j -0.00153911-0.00200822j 0.00064403-0.0027549j 0.001093-0.00109692j -0.000649527-0.00146974j 0.00133823-0.000304001j -0.00038659-0.000273555j -0.000878832-0.00123111j 0.00122829-0.000598996j 
-0.000827258+0.00210162j -0.00162603+0.000620925j 0.000818999+0.000165267j -0.00112019-0.000832467j -0.000102509+0.000996386j 0.0011298-0.0011721j -0.000571749-0.00204878j -0.00112151+0.000766193j -0.00248805+0.00149482j 0.00161782-0.00317423j -0.000810481+0.00204538j 0.0012653+0.00133222j 0.000982176+0.000592012j 0.000187097-0.000877377j -0.000480983-0.00152582j 0.000374979+0.0002229j 0.00215162-0.00195631j -0.000194952-0.00303662j 0.00518424-0.0014326j -0.000965584+0.00320221j 0.00146549-0.00248942j 0.0016664-0.00175248j 0.00147231+0.00144242j 0.000302775+0.00341168j -0.000315236+0.002402j -2.54481e-05+0.00112796j -0.000491529-0.00111712j 1.10143e-05-0.00172588j -0.000245523-0.000137248j 0.000256189+0.000388551j 0.000456069+0.000505477j -0.00221963-0.00134062j 0.00250245-0.00097679j -0.00125692+0.00106824j 0.00348402+0.00317174j -0.00116857+0.00431741j 0.00279551+0.00208918j 0.00128073-0.00222413j 0.00261135+0.00326606j 0.00400028+0.00481711j -0.00282703+0.0035107j -0.000953639-0.000616013j -0.000859736+0.00309238j -0.00121946-0.00490455j -0.00402635+0.00285974j 0.00214396-0.00255501j -0.00184666-0.000843699j -0.00212701-0.0028366j 0.0023152-0.00153753j 0.00136197+0.000430304j -0.000335395-0.0016758j 0.00274812-0.00539626j -0.00258776-0.00372325j 0.00489531-0.000183888j 0.0032645+0.00238343j 0.00504598-0.00383644j -0.00433532+0.00420764j 0.00225184-0.00198418j -0.0057149-0.00139896j 0.00610748+0.00130123j -0.00087769-0.000200582j 0.00189371-0.00221258j -0.00122043-0.00109555j -0.000727816+0.000108387j 0.00225188-0.00215055j 0.000163736+0.00223385j 0.00129861-0.000901456j 0.00326419+0.000908686j -0.000500657-0.000304777j 0.000132437+0.000353381j 0.000380415+0.00240907j -0.00146402-0.00175215j 0.00020348+0.00115097j -0.00158612+0.000280121j 0.00269322+0.00150146j -0.000411806-0.000771124j 0.00186557-0.00112454j -0.000746858-0.000427183j -0.00270793+0.000760372j 0.0016948-0.00272765j -0.00348895-0.00117266j 0.000811466+0.00318782j 0.000977908+0.000624426j 0.00314652-0.00252231j -0.00845863-0.00512182j 0.000836704-0.00015802j -0.00801981-0.00011017j -0.00195686+0.00137538j 0.00553692-0.000178846j 0.00366944-0.00129237j 0.002926+0.00433976j -0.00018384+0.00879546j 0.00346749-0.00548496j 0.00263663+0.00214754j 0.00550931+0.00179424j 0.00697928+0.00670086j 0.00209907+0.00514213j -0.0057334+0.00563737j 0.00414722-0.00136924j 0.0023244+0.0040533j -0.000259154-0.00247727j -0.00175303+0.00585207j -0.00319702+0.00118804j -0.00134658-0.00765848j -0.00209692-0.0012532j -0.00110918+0.00112567j 0.00125073-0.00774994j -0.00293427+0.00105627j 0.000619716-0.00160059j 0.000833117+0.00140845j -0.00357624+0.000175513j -0.0010568-0.00261734j 0.000546911+0.00704527j 0.000176809+0.00383523j 0.000817967+0.00227896j 0.000456445+0.00367721j -0.000271552+0.00334268j 0.000470338-0.00577127j 0.00390492+0.00311733j -0.00283143-0.00129041j 0.000287109+0.00173363j 0.00217949+0.00359578j 0.000396125+0.00304065j -0.00307236+0.000103456j 0.00123205+0.00244827j -0.00359958-0.00251237j -0.000703793-0.000704893j 0.00216111-0.00210547j -0.00202925+0.0014712j -0.00458215+0.000618591j -0.00181419-0.000538295j -0.0020143-0.00168318j -0.00286529-0.00413465j -0.00250336-0.00467686j 0.00707087+0.00519766j -0.00427137-0.000767844j 0.00343704+0.00432942j -0.00148999-0.00257139j 0.0028794+0.0022905j 0.00243021+0.00167905j 0.00765461+0.00391597j 0.000690624-0.00121879j 0.000746962-0.00216387j 0.00427291+0.00390423j -0.000131966+0.00210888j 0.00131304-0.00193707j 0.00212745+0.000119899j 0.00211916+0.000490299j -0.00284992-0.00252236j -0.00239788-0.000533234j 0.00327919-0.000372868j -0.00223165-0.00119183j 0.00457105+0.00168135j 0.00119599-0.000171629j 0.00222524+0.000684168j 0.00103159-0.00136407j -0.00178821-0.000580951j -0.000966939+0.000135606j 0.000455272-0.000320586j 0.000169268-4.46021e-06j 
-0.00432825+0.000361732j -0.000184419-0.00332721j -0.00185282+0.00287814j -0.00183393-0.00222869j 0.00245054+6.90873e-06j -0.00655937-0.000306949j 0.00348624-0.00550084j 0.000292406-0.00246876j -0.00640067-0.00211042j -0.000247034-0.002478j 0.00344361+0.000134471j 0.00278033+0.00179248j 0.000729285+0.00320067j 0.0004664-0.000716609j 0.000497338-0.000653036j 0.00275312+0.000975384j 0.00510112-0.00140772j -0.00124037-0.00254516j -0.004675-0.000676881j -0.00519963+0.00141727j -0.00957602-0.00120932j 0.000527574+0.00442339j 0.000398746-0.00144228j 0.00039472-0.00148828j 0.00011382+0.00146583j 0.000815516+0.000329574j 0.000470338-0.00375663j 0.00206404-0.00122981j 0.00128908+0.000300196j 0.0012207+0.00213035j 0.000464421-0.00122896j 0.000490739+0.00316425j 0.0022984-0.00132647j -0.000284468+0.00546894j 0.00401414-0.000715182j -0.000875116+4.52451e-05j -0.00264622+0.00318784j -0.00202017+0.00172044j 0.00100572-0.00183255j 0.00226038+1.17381e-05j 0.00454216-0.00231524j 0.00164785+0.00708582j -0.00366967-0.00114158j 0.00456524-0.000185165j -0.0030113+0.00229159j 0.00358855+0.00312834j 0.00499396-0.00390131j -0.00169436+0.00297389j -0.000889719+0.00140795j -0.000633072-0.00378696j -2.18964e-05-0.000856376j 0.000800016-0.00202861j -0.00195631-0.00433238j 0.00252025-0.00139718j 0.00364106+0.000268498j 0.00253093+0.00282842j 0.00253588+0.000988431j -0.00272155-0.00111711j 8.42313e-05-5.31954e-05j -0.00281905-0.00346761j 0.000640422+0.000235388j -0.000250311-0.00010608j 2.18371e-05-0.00357428j 0.000512133-0.00125568j -0.000485924-0.00155671j -0.00193694+0.0028174j -0.00067691+0.00198026j -0.000508267+0.000147035j -0.00352418-0.000109421j -0.000880525+0.000533554j 0.000134954+0.00309627j -0.000866844+0.000452508j 0.00214989+0.00144578j -0.00125132-0.000845916j -0.00149478-0.000755819j -0.000905552+0.00213226j -0.00226607+0.00126608j 0.000115729+0.00019465j 0.00240377-0.00127438j -0.00398198+2.55779e-05j 0.000937632+0.00118801j -0.0012756+0.00107038j -0.00144386+0.00173009j -0.00310016+0.000560474j 0.00522429+0.0015991j -0.00117953-0.000196838j -0.000706978+0.00140755j -0.0035215+0.000202401j -0.00432792-0.000859452j -0.00334004-0.000614936j -0.000998582-0.000392133j -0.000993561-0.000854921j -0.00365948-0.00110543j -0.00515357+0.000521514j -4.98262e-05-0.000437372j 0.00334688-0.00471395j -0.0011737-0.00231225j -0.00276977-0.00164423j -0.00115959-0.000324867j 0.000866059-0.000161188j 0.000553114-0.000663906j 0.00384608-0.00370536j 0.000516764-0.00207586j 0.00193729-0.00248707j 0.00464642-0.00187438j -0.00157413+0.00234789j -0.00048755+0.00053743j -0.000521505-0.00167074j -0.00211399+0.00163096j 0.000478143+0.00232456j -0.000202846+0.00333959j 0.002924-0.00206204j -0.000168631+0.00156471j 0.00223427+0.00401974j -0.00135662-0.00148116j 0.00131153-0.00199549j -0.000949064-0.00582532j 0.00261059+0.00106669j 0.00263596-0.00248925j -0.00126346+0.00299574j 0.00198861-0.00248142j 0.000675683+0.00147473j -0.000566625-0.00113695j -0.000666232-0.000735394j 0.00501819+0.000572215j -0.0012168-0.000124301j 0.00483026-0.00302858j 0.00223885+0.000357152j 0.00113596+0.00131739j 0.00201125-0.00455897j 0.000243963+0.000814623j -0.000956287+0.000990932j 0.0016248+0.00204097j -0.000760801+0.00173755j -0.000937227-0.000649323j 0.00220418-2.13866e-05j -0.00172381-0.00172071j 0.000794752+0.00178711j 8.21458e-06-0.00143586j 0.000534741-0.00189548j -0.00227302-0.00176374j 0.00239861+0.000634388j -0.00144303+0.00156223j -0.00259897-0.000196621j -0.000509952-0.00230159j 0.00095638-0.00101497j -0.000213596+0.00121685j -0.00121072-0.000116777j -0.000417377-0.000629158j -0.000877191-0.00247832j -0.00158053-0.000723709j 0.00125031+0.00070395j -0.000852307-0.000429886j 0.000262657+0.00151936j -0.000828376+0.00102904j -0.000103173-0.000351964j 0.00022571+0.00064417j 0.000291574+0.00164176j -0.000877724+0.00103777j 0.000203648-0.000772826j 
0.000366471-0.000422472j 0.00119726+0.000259355j -0.000119144+0.0027187j -0.000511577+0.000460876j 0.000857172+4.20242e-05j -0.00491526+0.00537611j 0.00150173-0.00444159j -0.00307812-0.00128574j -0.00548405-0.00505481j -0.00106743+0.000734621j 0.00117347-4.18506e-05j 0.00118684+0.00215339j 0.000255204+0.000683037j 0.000607931-0.00121528j -0.00186455+0.000825254j -0.0013045+0.00143106j -0.00038626+0.000241857j 0.00101882-0.00204093j 0.0041428-0.00153814j 0.00369333+0.00303254j 0.00699698-0.00103232j -6.54427e-05-0.00454046j 0.00294367+0.00378122j 0.000205546+0.00176201j 0.000602485+0.000157689j -0.000919616+0.000102323j -0.000802009+0.00121449j -0.00205009+0.000128033j 0.00032843-0.00143236j 2.68066e-05-0.001816j -0.000176997-0.000699277j 0.000210614-0.00130213j 0.000236573-1.2086e-06j -0.000547918+0.00173597j -0.00532889+0.00166339j -0.000455116-0.000187851j 0.000401414-0.00136931j 0.00332429+0.00320812j -0.0046639-0.00181178j -0.00356331-0.00518755j -0.00155354+0.00099086j -0.00281512-0.00162318j -0.00266109+0.00554199j 0.00132243-0.000351191j -2.46774e-05-0.00181303j -0.00165143+0.0043566j -0.00165993+0.000375274j -0.00258255-0.00230585j 0.00330275-0.000606222j -0.000900648+0.00342752j -0.00141592-0.00129549j -0.00221392-0.000558558j -0.00130308-0.00205715j 0.000875372+0.000963448j -0.00294535-0.0022554j -0.00150507+0.00239351j -0.00416566+0.000759171j -0.00136723-0.00247942j -0.00131914+0.000324826j 0.000675913-0.00199086j -0.00294922+0.00155739j 0.00222142+0.00440162j -0.000155486+0.00275754j -0.00202974-0.00453377j 0.00135526-0.000465687j 0.000245921-0.000974276j 0.000955442-0.000287958j -0.000768842+0.000542469j 0.00300554+0.00165651j 0.00123939-0.00108236j -0.000462279-0.00144211j 0.000928909-0.000159189j -0.00225275-0.00147215j 0.00107359-0.000270607j -0.00016831-0.000202424j 0.00033125-0.00164719j 0.00185426-0.0011444j -0.000612105-0.000244622j -0.00282925+0.000671911j 0.00145974-0.00128629j -0.000898441-0.000285552j 0.00028103-6.89297e-05j -0.000843327-0.000882378j -0.00092378-0.000608261j 0.000424232+0.00091574j 0.00146037+0.00377668j 0.00239097-0.00217594j 0.00349581+0.00168525j 0.00176744+0.00144349j 0.00293974+0.00207564j -0.00281794+0.0017076j -0.00175862-0.00242279j 0.000434638+0.0026311j 0.00343736+0.000184978j -0.00309849-0.00245235j -0.00321005-3.77063e-05j -7.41875e-05-0.000942991j 0.00492552-0.00158031j 0.000901437+0.0010432j -0.000230702-0.00252225j -0.00171264-0.0018317j -0.000501867-0.00421299j -0.00322932+0.00517707j 0.00195198+0.007558j -0.00700724+0.00111702j 0.00529318-0.0024386j 0.00374237+0.0028738j 0.00481939+0.000887466j -0.00203154-0.00103792j -0.00267906+0.00471966j -0.000490203-0.00397953j -0.00216452+0.00368994j 0.00161016-0.000892252j -0.00188808-0.00286236j 0.00102749+0.00510668j -0.00243258+0.00198934j 0.000492406+0.00626962j -0.00349644-0.000517029j 0.00103257+0.0052046j 0.00196859-0.00147378j 0.00419311+0.000219965j -0.00263449-0.00476233j -0.00158312-0.00109055j 0.00445319-0.00218951j -0.0063066-0.00287143j 0.00298353-0.00161228j -0.00264471+0.00490396j -0.000502639-0.00172655j -0.000378162-0.000645118j -0.00134112+0.00253116j -0.000841074-0.000634305j -0.00352846+0.00124095j -0.00450333-0.00253278j 0.00176698-5.10565e-05j 0.00013992-0.000963894j -0.00284935+0.000292446j -0.00176843+0.00508762j 0.00223077-0.000886671j -0.00241291-0.000268821j -0.00235992+0.000854138j 0.00275848+0.00222282j -0.00295452+0.00164571j -0.00239682+0.00114816j 0.000368197-0.000307663j -0.000835005+0.000434109j 0.00106537+0.000638136j -0.000432588+0.00117777j -9.36725e-05-0.000508413j -0.000265529+0.000201994j -0.00140235+0.000544743j 0.000705323+0.000757598j -0.00121961+0.000687819j 0.00289272-0.00136076j -0.000228289-0.00251442j 0.000788617-0.00056749j -0.000227365+0.000964938j -0.00200273-0.000363893j -0.000764995-0.00175943j 0.000457164+5.58691e-05j 0.000526734+0.000522245j 
0.000276082+0.00153061j -0.00040916+0.000286114j 0.000477866-0.00146703j -0.00018712+0.0012057j -0.000503821-0.00150365j -0.000141179-0.00246243j 0.002005+0.00181967j -0.00101057-0.00199126j 0.00470627-0.00154914j 0.00114122-0.00123977j -0.00279706+0.000632923j -0.00168068-0.00186531j -0.000682349-0.000620041j -0.000824612-0.000133612j -0.000321989-0.000267053j 0.000973232-0.00169498j -0.00271535+0.000653411j 0.000383948+0.0016251j 0.00107303-0.00125456j -0.000258406-0.00218999j 0.00102597-0.000907031j -0.00090151+0.00136667j -0.00213072-0.00168532j -0.00130373-0.000470689j -0.000627378+0.00111859j -0.00343823+0.00128254j -0.00113996+0.000152824j 0.00149815-0.000979903j 0.00081815-0.000500576j 0.00103497+0.000114433j -2.27334e-05-0.00334557j -0.00116013-1.84776e-05j -0.00144645-0.00245421j 0.000581503-0.00345483j -0.00191503-0.00266204j -0.00167204+0.00189398j 0.00276204+0.000934051j 0.00178299-0.00285846j -0.00227432+0.00125078j 0.00504657-0.00280388j 0.0024186+0.0011911j -8.62775e-05+0.00271289j 0.00345091+0.00505301j 0.000460479-0.00106186j -0.000727874-0.000406714j -0.00594418-9.5931e-05j -0.00693906-0.000263529j -0.0028494-0.00987965j -0.00175349+0.000975151j 0.00197728+0.00602219j -0.00149986+0.00600559j -0.00317799-0.00243228j 0.00661005-0.00382954j 0.0112467-0.00143794j -0.00604767+0.000599976j -0.0003179+0.000360962j -0.00852708+0.00158736j 0.00051849-0.00135469j -0.0038085+0.00604622j 0.00520583-0.00051865j -0.00550005+0.00136901j 0.00652541-0.000942807j -0.00229346+0.00820242j -0.00158133-0.00197603j 0.000354444-0.000179911j 0.000218448-0.00198914j 0.00107201+0.000395804j 0.00102497+0.00323488j 0.00252492+0.00088432j 0.00467392+0.000228204j 0.0019895+0.000287741j 0.00187525-0.00301144j 0.00191765+0.000933149j -8.32337e-05+0.000907037j 0.00167264+0.00209943j -0.000683697-7.47103e-05j -0.00121587-2.28959e-05j 0.000465358-0.00223884j 0.000109966-0.00189037j 0.000920445-0.00176521j -0.000229846+0.00161849j 0.00179557-0.000306484j -0.000887931-0.000658045j -0.00169738-7.58704e-05j 0.000712968+0.000604555j 0.00020831+0.00157434j 0.00303322-0.00256009j -0.00458008-0.000223847j -0.00118607+0.000910006j 0.00133726+0.00483774j -0.00247146+0.000900383j -0.00145442-0.00231605j -0.000544758-0.00111068j -0.00268218+0.00138997j -0.0030811+0.00347246j 0.00396492-0.00355481j 0.00198925+0.000394538j 0.00245082+0.0025137j 0.00140789-0.00119989j 0.00132385+0.00378225j -0.0007053+0.000802184j 0.000317019-0.00616281j 0.00395775-0.00209908j 0.00387041+0.00411382j 0.0033284-0.00124142j -0.00487231+0.0041652j 0.000773233-0.001376j 0.00551689+0.00244269j -0.00154933-0.00217704j -0.00344208+0.000548143j 0.00112116+0.00462217j 0.000442025-0.00255637j 0.0045137+0.000869831j -0.00129995+0.00414101j -0.00154499-0.00212915j 0.00403174-0.00170929j -0.00144799-0.00403986j 0.00103204+0.0049305j 0.00179337-0.00487684j -0.00204227-0.000784896j -0.000756024+0.000733239j 0.00223446-2.41938e-05j -0.00124412-0.0053164j 0.00130553-0.00184713j 0.00675077-0.00322615j 0.00033839-0.000698872j 0.00368174-0.000632177j 0.000161797+0.00219711j -0.000677141-0.0020746j 0.00109981-0.00366637j -0.000299779+0.00145583j -0.00470252+0.00375479j 0.00212243+0.00588562j -0.00224666-0.00394703j 0.00102943+0.00145637j 0.00191051-0.00109668j -0.00469478+0.00246546j -0.00152017+0.00227086j 0.00231814+0.00106249j -0.000173187-0.00115825j -0.000914829+0.000904066j -0.00102322+0.00346895j -0.00562123-0.00141851j -0.00616507-0.00020654j -0.000477964-0.000440464j -0.00264377-0.0002871j 0.000729103+0.000280419j -0.00218285-0.00113857j -0.00359562+0.000427768j -0.00221691+0.00029928j -0.00307386+0.00150211j -0.000936875+0.000384802j -0.00210942-0.00270793j -0.000558271-0.00570237j 0.000652705+0.0010877j 0.00171441+0.00192881j -0.00216142-0.000702645j -0.00041212-0.00252902j 0.000839718+3.12116e-05j 0.00169356-0.000768288j 
0.00101526+0.000631959j 0.000394651+0.00188799j -0.000853853-0.000699633j 7.26377e-05-8.27833e-05j -0.00339482-0.00112039j -0.000548151-0.00272181j 0.00062216-0.00181488j -0.000881332+7.81189e-05j 0.0029517+0.000753119j 0.000286822+0.000139419j -0.00158912+0.000784285j -0.00284191-0.00067155j -0.000185335+0.00102284j 0.00229643+0.000257142j -0.00129098-0.000330868j -0.00135402+0.000600857j 0.000219556-0.00116798j -0.000263538-0.00338847j 0.00191251+0.000835833j 0.00524125+0.00293416j 0.00541616+0.000182054j 0.00133863-0.00354997j 0.00460348+0.00381293j -0.000657646+0.00213408j 0.00134166-0.000392407j 0.00152754-0.00100422j 0.000917309+0.000323803j -0.00208614+0.00129828j 0.00198082+0.000477674j -0.000169816-0.000827464j 6.8479e-05+0.00190696j 0.000970227+0.000849981j 0.00143833-0.000587903j -0.000386923-0.00114185j -0.00670375+0.00112425j 0.00301859+0.00204397j -0.000762313-0.0030114j -4.68041e-05+0.00252595j -0.0029289-0.00142202j 0.000541661+0.000662249j 0.007301-0.00145696j -0.00181489+0.00448229j -0.00532687-0.000475915j 0.00616598+0.00318258j 0.00468983-0.000969796j 0.00252481-0.00100939j -0.00443863-0.00260844j -0.000706813+0.00237079j -0.00279781+0.0084972j -0.00358761-0.000428868j -0.00206619+0.000227413j -0.000485398+0.00208749j 0.00165682-0.00169181j -0.000173112+0.000495547j -0.00044142-0.00143825j 0.000705522+0.000778733j -0.000127925-0.00123806j -0.00661179+0.0010897j 0.00402407-0.000678111j -0.00217492-0.00298567j 0.00193993-5.79174e-06j -0.00246322-0.00205924j 0.000592264-0.00334907j 0.00030491-0.00415311j -0.00274745+0.00445568j -0.000419522+0.000617669j -0.00340173+0.000407419j -0.000178919-0.00150053j -0.00163464+0.000711877j 0.000215199-0.00128504j 0.00118439-0.0011726j 0.000305781+5.28303e-05j -0.000977843-0.00121223j 0.000956022+0.000416236j -0.00239828+0.0011062j -0.00185608+0.0018863j 0.00331613-0.000659779j -0.00133897+0.000475864j -0.00267916+0.00126153j 0.00494915-0.00167708j -0.00276622+0.00350313j 0.00117925-0.000362252j 0.00158208+0.000970103j 0.00192731-0.00256542j -0.000639663+0.000181416j -0.00372673+0.00300335j 0.00281833-0.00463968j -0.00530936+0.00343489j 0.00363405-0.00517661j -0.000949077-0.00107117j 0.000730545-0.00360096j 0.0018541+0.000236918j -0.00538378+0.00593691j 0.0025694+0.00339456j -0.00346465+0.00608316j -0.000885217-0.000704413j -0.00499876+0.00270625j 0.00235686-0.00335695j -0.00341171+0.00203607j -0.00311743-0.00235113j 0.000650735+0.00315619j 0.000414043+0.00361343j -0.00148965-7.52447e-05j -0.00105802+0.0023314j 0.00310952-0.00506159j -0.0018317+0.00015379j -0.00278514-0.00184468j -0.0015549-0.00225854j -0.0023554+0.00179241j -9.43349e-05+0.00304j -0.000923505-0.0038005j -0.00345446+0.0026786j -0.00265796-0.00540746j 0.000827791-0.00216045j -0.000521484+0.0028471j 0.00162742-0.00183971j 0.00132046+0.000285592j -0.0042398+0.00561332j -0.000154965-0.000188444j -0.00147176-0.0023473j -0.00204667+0.00360481j 0.00160239-0.00133985j -0.00124331-0.00348021j -0.00347976+0.00328832j -0.00259863+0.00233776j 0.00605143-0.00128944j 0.000538636-0.00724099j -0.0020882-0.00045758j 0.00169371+0.00523216j 0.000119547-0.00323757j -7.77468e-06+0.000509346j 0.00350164-0.000268369j 0.00393622+0.00404835j -0.000434871+0.00361718j -0.00324272+0.00063052j 0.00315836-0.00576992j -0.00533757-0.00156913j 0.000893338+0.0035803j -0.00428493+0.00665351j 0.00356793-0.00416774j 0.00231907-0.00496375j 0.00302241+0.00300355j -0.00361507-0.00307713j 0.000547433+0.0021215j 0.0045034-0.00283041j 0.00778084+0.000677446j -0.000494042+0.0024613j 0.000882077+5.54324e-05j -0.00131477-0.00357584j -0.000234569-0.00307288j -0.00209225-0.00171221j -0.00152503-0.00148775j 0.00649913+0.000684297j -0.002801-0.00153247j 0.000384011-0.000664553j 0.000207274-0.0013719j -0.00163949+0.000216913j -8.14612e-05-0.000309326j -0.000817189-0.00145837j 0.000953445-0.000100701j 
0.00207239+0.000637072j 0.000102068+0.00393594j -0.00277003+0.00403567j -0.00429132-0.00290417j 0.00136028+0.00357754j -0.000741171-0.00213314j 0.00119979-0.00417882j 0.00222218-0.000934476j -0.00463455+0.0035213j 0.0019049-0.00266147j 0.000312245-2.76351e-05j 0.00480951+0.00369243j 0.000348173+0.0010193j -0.0008997+0.0011147j -0.000214873-0.00353811j -0.00648648-0.00269201j -0.0103645+0.00994881j 0.00670932+0.0104264j -0.00137152-0.00353663j 0.00014948-0.00914291j 0.0040223-0.000162811j -0.000479928-0.00366071j -0.00691237+0.00123967j 0.0057853+0.00229385j -0.00309183-0.000908396j -0.00147653-0.0027048j 0.00240164+0.00406675j 0.00139556-0.00135635j -0.00275412+0.00280783j 0.00048747+0.00395316j 0.00264182+0.0023162j 0.000808567-0.000881337j -0.000564404-0.00280342j 0.000771109-0.000495028j -0.000134107-0.00141015j 0.00372206+0.00187087j 0.00452272-0.00354599j -0.00122053-0.00224305j 0.00125499+0.00277106j 0.000467279+3.41803e-05j -0.00404497-0.00497772j -0.000144787-0.00522857j 0.00117802-0.000910371j -0.00201685-0.00256961j -0.00275181+0.000130865j -0.000346473-0.00202208j -0.00461293+0.00492124j -0.00358281+0.000239815j 0.00721184-0.00320328j -7.464e-05-0.00163199j -0.00110625-0.00374531j 0.000406658-0.00151161j -0.00251697-0.00380143j 0.00077684+0.00405423j 0.00217931-0.00213933j -0.00269066-0.00312527j -0.00156545-0.000859795j -0.00179337+0.00163532j -0.00175706-0.00228671j -0.00393587-0.00119376j 0.00322259-0.00214384j 0.00118753-0.00278887j -2.76478e-05+0.0017859j 0.00276726+0.00156153j -0.00206326-0.00120825j -0.00148558+0.00328348j 0.0012517+0.00167174j -0.000321485-0.000786567j -0.0027115-0.000657899j -0.00318701+0.00221634j 0.000179133+0.00036552j -0.000459234+0.000552764j 0.00384984-0.0013772j -0.00114192+0.00212997j 0.00173104-0.000701204j -0.00209423+0.00132775j 0.000268624-0.000290537j 0.000333731-0.0013212j -0.000390643-0.00347949j 0.00128643-0.00176019j -0.00135978+0.000472062j 0.00249093-0.00403629j 0.00156412+0.00282963j 0.00245842+0.00248672j -0.00407538-3.68714e-05j -0.0022742+0.00525371j -0.00181391+0.00160421j -0.00170976-0.00239811j 0.00358891-0.00179061j 0.000580978+0.00676818j -0.000672406+0.000277919j 0.000924256-0.00224079j 0.00233741-7.85468e-05j 0.00324995-0.000191318j 0.00170492-0.00349205j 0.00247501-0.0033098j -0.00143393+0.00732367j -0.00054737-0.00160884j -0.00259579+0.00060696j -0.00434801-0.000784305j 0.00476685-0.00332909j 0.00495885+0.00283974j -0.000949813-0.00565733j -0.00305494-0.00080378j 0.00495671-0.00193462j -0.00754834+0.003007j 0.00042817-0.00219936j -0.00265453+0.00279068j -0.00216699-0.000178337j -0.0050999-0.00305308j 0.00143502-0.00181002j 0.00154521-0.00137228j -0.00174601-0.00288787j -0.00588501+0.00748746j 0.00164265-0.000416747j 0.00201025-0.00423667j 0.00261607+9.4424e-05j 0.00201657+0.00094341j 0.00100782-0.00554828j 0.00128259-0.0048592j -0.00110418-0.000583176j 0.00639313+0.00160775j -0.0014997+0.00107612j 0.000268002+0.00116367j 0.0025772+7.7736e-05j 0.00230698+0.00042525j 0.000400667-0.0029579j 0.0029206+0.00381589j -0.00531751+0.0010822j 0.00282651-0.00437612j -0.00192991-0.00366137j 0.000336594-0.00257926j 0.00255123-0.000790968j -0.00106501+0.00168527j -0.00052018-0.000150023j 0.00176977+0.00135227j -0.00335261+0.00157843j -0.000100461-0.000817785j -0.00038999+0.000191299j 0.000841072-0.00250463j 0.00154849-0.00358698j 0.00058471+0.00300189j 0.0003579-0.00207651j -0.00186119-0.00159893j 0.00332902-0.000635205j 0.00291297-0.00298761j -0.000133502+0.000730997j 0.00122471-0.00138941j 0.000140245-0.0013483j 0.00188568+0.00127157j 0.000588524+0.00083269j 0.00123303+0.00157087j 0.00115137-0.000946588j -0.000432434+0.00189028j -0.000953425+0.000678007j 0.00072764-0.000785803j 0.00148407+0.00029284j -0.00149524+0.0014969j -0.000294233-0.00113396j -0.000326236+0.000222931j 
0.00196912-0.000597812j -0.000817478+0.00129915j 0.0038891+0.00101102j 0.00222846+0.0033637j 0.00117145-0.000912073j -0.00127403+0.00210597j 0.00283804-9.15833e-05j -0.00560854-0.00379579j 0.00224416-0.00686633j 0.00310665+0.00235189j -0.00321749-0.00082909j -0.00213305-0.00144987j 0.000379827-0.000438159j -0.00131799-0.00127526j 0.000281761-0.000622971j -0.000163639-0.00232219j -0.00265169+0.00317371j 0.00191743+0.0039404j -0.00160688+0.00196077j -0.000917258-0.00485304j -0.00154523+0.00306559j -0.00211685+0.000412966j -0.00218746-0.0047365j -8.4175e-05-0.00373302j -0.000698628-0.00357501j -0.000890237-0.00114391j 0.00157056+0.00222045j 0.000186723+0.00175539j -0.0010568+0.000930116j 0.00151231-7.46809e-05j 0.000568836+0.00125932j 0.000293106-0.00121564j -0.00120046-0.00379498j -0.00139272-0.000679845j -0.000128312-8.88305e-05j -0.000574038-0.00227166j -0.000915384+0.000124285j 0.00237472+0.000728885j 0.00143461-0.00223513j 0.00324832-0.00345981j 0.000468796+0.00389393j -0.000964228+0.00498327j 0.000652604-0.000210868j 0.00214991-0.00224867j -0.00183217+0.00192166j 0.00527808+0.00184394j 0.00269467-0.00544937j 0.00311173+0.0026879j -0.00270733+0.00337308j -0.000152008-0.0020849j 0.00219578-0.00300596j 0.0065633+0.00185423j 0.00271043+0.00394396j -0.00493332+0.00138259j 0.00121847+0.00125102j 9.75144e-05+0.0017499j 0.00259583-0.0020595j 0.00256057-0.0042718j 0.000245991+0.002164j 0.00214284-0.000737782j -0.00430478+0.00732334j -0.00208934+0.0019306j 0.00204142-0.00379935j -0.00719026-8.74407e-05j 0.00265414+0.00167406j 0.00204529-0.00312932j -0.00179461-0.000475355j 0.00124209+0.000261836j -0.000868721+0.00109162j 0.00141515-0.00152963j 0.000923798+0.0021651j 0.00285387-0.00259676j 0.0016825+0.000816127j 0.00144587+0.00119331j 0.00193585+0.000491114j -0.00167053-0.00136999j 0.000730384-0.000429705j -1.72553e-05-0.00033785j -0.000252754-0.00196321j 0.000170719-0.000509618j 0.000418489-0.00138646j 0.000205055+0.00141399j 0.000431914+0.000216977j 0.0023402+0.00168792j -0.000738632+0.00186467j -0.000363026+0.000364433j -0.00153036-0.000106278j 0.000374124-0.00200928j 0.000176909+0.000519277j -0.0012834+0.0030729j -0.0044288-0.000729774j -0.00260318+0.00231064j 0.00641618-0.004215j 0.0011641+0.000608069j 0.00669312-0.0028362j 0.000784462-0.0024774j -0.000271519+0.00316448j 0.000922926+0.000848746j -0.00511131+0.000120853j 0.000473274-6.47887e-05j 0.00399282+0.00244753j -0.00266788+0.00460307j 0.000852041-0.0058922j -0.000652598+0.000363151j 0.00196279+0.00184472j -0.00384115-0.00278195j -0.000878847-0.00406179j -0.00299293+0.00500749j -0.00313494-0.000765745j -0.00494327-0.0036145j -0.00130043-0.00675528j -0.00278818-0.00364516j -0.00337947-0.00438227j -0.00192073+0.0065399j 0.00233244+0.003138j 0.00908169+0.00453101j 0.00127321+0.00243671j -0.000264691-0.000442072j 9.2077e-05-0.00236772j -0.003028-0.00118365j -0.00167236+0.00112173j 0.00163112+0.00248857j 0.000503698+0.00476125j -0.0028918+0.00143799j -3.35875e-05-0.000483534j 0.000691566-0.00222701j -0.00173189-0.000557033j 0.00195838+0.00248197j 0.00125518-0.00355456j 0.00023128+0.00473363j 0.000566719+0.00141912j 0.00189205-0.00265099j 0.000667656+0.000292957j -0.00111454+0.00284275j 0.00169602-0.0046753j -0.00462233+0.00386168j 0.0060118-0.00110099j 0.00224065+0.00143757j 0.000669018-0.00361251j 0.000146504-0.000645264j -0.000865875+0.00473622j 0.00107996+0.00112909j -0.0005367-0.000238126j 0.00116205+0.00279907j -0.00625223+0.00262091j -0.00521628+0.0022493j 0.000896276-7.38285e-05j -0.00116385-0.000514844j -0.00255611-0.00248418j -0.00362859+0.000347938j -0.00352251+0.00135251j -0.0023341-0.000857138j -0.00581472-0.000216869j -0.000682049-0.00662031j -0.000354812+0.000371745j 0.00112904+0.00151791j -0.00126785-0.00116338j 0.000742794-0.0021224j 0.000371796+0.000368088j 0.000485813+0.000958403j 
-0.000663662-0.000822683j 0.00054317-0.000501966j 0.000268349-0.00466499j 0.00334578-0.00384668j 0.00530664-0.00538336j -0.00323553-0.000805164j 0.00263891+0.00204502j 0.000395589-0.00153216j 0.00023749-0.00186087j 0.00216642-6.45823e-05j 0.00354063-0.00203265j -0.000784771-0.00198426j 0.00133946-0.000704324j -0.00101394-0.000434629j 0.000249661-0.00126252j 0.000823907-0.00315723j -0.00158294-0.000457824j -0.000821458+0.00029624j -0.00223396-0.000626404j -0.000424273+0.00153625j -0.00184821+0.0015491j -7.89056e-05+0.00120439j 9.63387e-05-0.00103921j -0.000270468-0.000628658j 0.00105399-0.00126696j 0.00141244-0.00062945j -0.000219933-5.53197e-05j 1.91758e-06+7.56093e-06j -0.000771549-0.000447425j -0.000734797+0.00156789j 0.00330078-0.00179894j 0.00205087+0.000889541j 0.00218744-0.00309773j -0.0010194-0.00178079j -0.000678892-0.00202673j 0.00544005+0.00293832j 0.00657319-0.00665327j 0.00197128+0.00163048j 0.00481589+0.00154551j -0.00133393-0.00300915j -0.00725332-0.00184553j -0.0023694-0.007759j 0.00137649+0.00107654j -0.00344519-0.00778421j -0.00278725-0.00278909j -0.00113265-0.00319684j -0.00693855+0.00774677j 0.000138792-0.0012554j 0.00865894-0.00150347j -0.00198503-0.00165842j -0.00171416-0.00483734j 0.00240458-0.000334024j 0.00115396+0.00192796j -0.00328735+0.00533335j -0.000349109-0.00136354j -0.00489981-0.00255275j -0.000747267-0.00067145j 0.0016826-0.00244607j -0.00372891-0.00266614j -0.00262523-9.41337e-05j 0.00084872+0.00270942j -0.000706269-0.00390143j 0.00144576+0.00213203j -0.00028417-0.000211656j 0.00065689-0.000621244j 0.000131006+0.000289843j -0.000754221+0.00149546j 0.00123814-0.00200272j -0.000228817+0.000917437j -0.00118973+4.34775e-05j -0.000254746+0.0021137j 0.000260363-0.000760043j 0.00175067+0.00218538j 0.00184123+0.0010644j -2.61188e-05+0.00157394j -0.0012034-0.000601893j -0.00206923+0.000629452j -0.00154043+0.000516553j 0.00162701+0.00249352j -0.00211446+0.00401477j -0.000974571+0.00267655j -0.000957135+0.000365597j -0.00190356+0.0026152j -0.00228026+0.000537067j -0.00271633-0.00153574j 0.00345952-0.00146234j 0.000422231-0.00228432j 0.000202055+0.00435734j 0.00129837+0.0060107j 0.000143813-0.004883j 0.00515474+0.00139488j -0.000168722-0.000792375j -0.0040395+0.00168828j -0.00102443+0.00394268j -0.00346235+0.00657168j 0.000925844+0.00237362j 0.000901499-0.0068959j 0.00388753+0.00108888j 0.00173689-0.00383069j 0.00230906+0.00351033j -0.00573598-0.00245279j -0.000255954-0.00220417j 0.00116813+0.0082433j 0.00172548+0.00175544j -0.0036437+0.00214025j 0.00902505-0.00143239j 0.00324892+0.000960541j 0.00803047-0.00184217j 0.00293744-0.00367357j 0.00437759+0.00310061j 0.000355921+0.0062722j 0.00125282+0.00476981j 0.00288222+0.00668614j 0.00524882-0.00388898j -0.000325188-4.39682e-06j -0.00539416+0.00203244j -0.00348385+0.000587934j -0.00198265+0.000425266j -0.000894134+0.00484809j 0.00222135+0.00512605j 0.00151757+0.000128247j -0.00343606+0.00192373j -0.00143247+0.00104251j -0.00420078-0.000783029j -0.00130463+0.000584429j 0.000956428+0.00148348j -1.83921e-06+0.00126469j -0.00178487-0.00126595j 0.000243383+0.000744704j -0.00197218-0.000904529j 0.00234642+0.00178062j 0.00290396+0.00294254j 0.000202031+0.000653262j -0.00111009-0.000423775j 0.00127602+0.000508268j -0.00127785+0.000458186j 0.00163998+0.000209116j 0.000539772+0.00102968j 0.000335919-0.00169558j 0.0010516-0.00124942j 0.000890392-0.000222588j 0.000435302-0.0017604j -0.000607904-0.000230815j -1.44865e-05+0.00149968j -0.00195871+0.000912666j -0.000981972+0.000611265j -6.17514e-05+0.000928155j -0.00110973-0.000559449j -0.00142652-0.000506385j -0.00145854-0.00187388j -0.000466607-0.00027768j -0.000513735+0.000203229j -0.000842896+0.000556601j -0.000162137-0.00203553j -5.30089e-05-6.63638e-05j 0.000346491-0.000409779j -0.000541033-0.000175089j -0.000153819+9.53549e-05j -0.000323414-0.000251313j 0.00039468-0.000241775j 
0.00196706+0.000963645j 0.00126966+0.000954537j -0.00260194-0.000169841j -0.00128438-0.00165904j 0.000934751+0.000314722j -0.000892944-0.00372474j 0.00243472+0.000369562j 0.00263079-0.00197279j 0.00237723+0.0011105j 0.00138136+0.000559151j 0.00127079-0.000161957j 0.00142745+0.000553117j -6.58044e-05+0.00127583j -0.00117199-0.0024484j -0.00187924-0.000899269j -0.000523921+0.000616219j 0.00174641+0.000661069j 0.0021962-0.00383428j 0.00261793-0.000135376j 0.00296483+0.00414481j 0.00428821+0.00331529j -0.00273196-0.00248284j 7.86974e-06+0.000361229j -0.00219378-0.00296653j 0.000377823-0.00233866j -0.00174571+2.361e-05j -0.000779224+0.000615234j -0.00223209+0.000295927j 7.75127e-05+0.000877324j 0.0013534+0.00073643j 0.00122714+0.000339901j 0.0011072-9.7016e-05j -0.000171557-0.00342024j -0.00209319+0.000246682j -0.00018915-0.000567554j 0.000582912-0.000787208j 0.000186525-0.0015915j -0.000110729+0.000618541j 0.00292294-0.00134714j 0.000834945+0.000819623j -0.00173211+0.00152178j -0.00255767+0.00319427j -0.00397739+0.000961585j 0.00317134-0.00695926j -0.00656565+0.000111826j 0.00227363+0.00355493j -0.000939241+0.00313574j -0.00101076-0.00155468j -0.00248297+0.00419596j -0.00174398-0.00790337j -0.000810717+0.00047714j 0.00235695+0.00185112j 0.00194327-0.00174593j -0.00138631-0.00205579j 0.00116314+0.00188211j -0.000293552+0.000432225j -0.00209014+0.003451j 0.000454864-0.00384727j -0.00203234+0.000659849j 0.000386867+0.00244789j -0.000111364+0.000705301j 0.000673213-0.000965653j -0.00105784+0.000307351j 0.000305814-0.00158914j 0.00105665-0.000496495j -0.000267636+0.0014027j -0.00131833+0.0025603j -0.00223709+0.00182444j -0.00159237+0.000623936j -7.957e-05+3.74261e-05j -0.000359646+0.00104517j 0.000576548-0.000912893j 0.00198648+0.00159217j 0.000100481+0.00105735j 3.13345e-06+0.00139507j -0.000847228+0.00149241j -0.000816753+0.000992538j -0.00123877+0.00018612j 0.0016403-0.00141609j -0.00443917+0.000131525j 0.00115995-0.00100997j 0.00146834+0.00236069j 0.00241656+0.00247743j 0.000164012+0.00134395j 0.00324303+0.00428997j -0.00724467-0.00194377j 0.00104021+0.00069712j -0.000166146+0.00114726j -0.00136945-0.00386563j -0.000762933+0.00147515j -0.00731068-0.00393272j 0.00371939+0.00561905j 0.000879771+0.00047303j -0.00022592-0.000385072j 0.0039086-0.000256981j -0.000332749-0.00137729j -0.00116488+0.000833545j -0.00496557+0.00231448j 0.000274524+0.0040289j 0.000471978-0.00125832j 8.29396e-05+0.00186096j -0.00224273+0.000344096j -0.00616298-0.0016654j 0.00116225+0.00170711j 0.00256965-0.00196856j 0.00128298-0.000156304j -0.00812364-0.0030944j -0.00383339+0.00038398j 0.00284541-0.000347291j -0.00305006+0.00566583j -0.0059342-0.00462266j 0.00248051-0.00118059j -0.00128277-0.000176817j -0.00240516-0.00106286j 0.00143386+0.000483667j -0.000986276+0.00518625j 0.000368906+0.00525334j 0.000117154-0.000848077j 0.00303402+0.00299038j -0.00496276-0.000602912j -0.00485311+0.00308968j -0.00365522+0.0016437j -1.16517e-05-0.00349962j -0.00180195-0.00298152j -0.0028263-0.00592404j -0.000593893-0.00380418j 0.00477903-0.00265067j 0.00149949-0.00577482j 0.00261949+0.000295464j -0.00192757+0.00225893j 0.00139653-0.00202865j -0.00129788-0.00108302j -0.00244788-0.000761706j 0.00487481+0.00278048j 0.000122714+0.00356089j -0.00148266+0.000725927j -0.00193901-0.00368096j 0.00130311-0.00151927j -0.00162651+0.000283296j -0.00213623+0.00250875j -0.000684598+0.00184864j -0.00125216-0.00355592j 0.00212176-0.00121956j 0.000916757+0.00125385j 0.00222261-0.00247423j 0.000168446-0.00118145j 0.00224919+4.53534e-05j 0.000170715-0.000490387j -0.00373739+0.000697765j -0.00479851+0.00140067j -0.00200599-0.00162589j -0.00103321+0.000708903j 0.000419302+1.66243e-05j 5.74849e-05+0.000115701j 0.00184103-0.00141352j -0.00106534-0.00123943j -0.000928873+0.000767168j 0.000690429+0.00161674j 8.81099e-06-0.000868609j 0.000794769+0.000800604j 
-0.000300634+0.00184976j -2.04631e-05-0.000970146j -0.00106774-0.000512014j -0.000106172+0.00110037j -0.00104405-0.000803581j -0.00216407-0.00317148j 0.0039226+0.0016628j 0.00106191-0.00337352j 0.00536622-0.00264125j 8.21595e-05+0.00114603j -0.00102454+0.000445597j -0.00157707-0.000932263j -0.00123847+0.0012524j 0.000459841-0.0015057j -0.00129382+0.000185982j 0.000653826+0.00182063j 0.000736996+0.000305549j -0.000644878-0.00249712j 0.00118739-0.00100781j 0.00368441-0.00153417j 0.00274588-0.00290024j 0.000390203-0.000935973j 0.00361526-0.000329136j -0.000477294+0.00224744j 0.00196594+0.00122042j -0.00218302+0.00295128j -0.00237423+0.000938022j -0.00152294-0.000376534j -0.000328347-8.01838e-05j 0.00101372+0.000615774j -0.000462413-0.000919972j -0.00114222-0.00181801j -0.00168071-0.000644288j 0.00255619-0.00413962j 0.00144018-0.00160239j -0.00340215-0.000902132j 5.99313e-05+0.000324719j -0.00182825-0.00409684j -0.00032247+0.00344278j 0.000661244+0.00261434j 0.00240445-0.00574787j 0.00338004-0.00109701j 0.00562755-0.00102651j -0.00123085+0.00569837j 0.0044069-0.000251521j -0.00264637-0.00400431j 0.00184858-0.00230319j -0.000430009+0.000964435j 0.00294072-0.00554413j 0.0039485+0.00768383j 0.00139688+0.00151752j -0.0021597+0.00170115j 0.000808062+0.00215684j 0.00207708+0.00275269j -0.000207989-4.49078e-05j -0.0025511-0.00116158j 0.00522501-0.00604111j 0.000974739+0.00552892j 0.00224338+0.00141918j -0.00405875-0.00250421j -0.001278-0.00238057j -0.00219609-0.0011762j 0.000199062+0.00123642j -0.000922173+0.00341508j -0.000286709-2.73928e-05j -0.000513106-0.00244835j -0.000704502-0.00124998j 0.000971301-0.000620064j 0.0026142-0.00116195j 0.000610367+0.00130374j 0.00107932-0.000167599j -0.000267776-0.0007814j -0.000217454+0.000346312j -0.000620853+0.000629065j 0.000944448+0.00044832j 0.00206963-0.00088541j 0.000695321+0.0016421j 1.81989e-05-0.000771379j 0.0013739-0.00227127j -0.00315355-0.00180459j -0.000216346-0.00109484j 0.00275534-0.00362147j 0.000705466-0.00188887j -0.00390853+0.00113966j -0.00129336-0.00241512j 0.00218927+0.00213077j -0.00219409+0.00486587j 0.000267482-0.000457729j 3.454e-05+0.00267017j 0.00217018+0.00233569j -0.00298922+0.0013965j -0.000547234-0.00557342j 0.00129327-0.0014402j 0.00225248-0.00309713j 0.0018582-0.00564664j -0.000600822-0.00559246j 0.000120688-0.0010184j -0.00197645-0.00427668j 0.000674948-0.000688717j -0.00423732-0.00621987j -0.00139839-0.00557115j 0.00116666-0.000890157j -0.0104536-0.00307566j 0.00315531-0.00206792j -0.00275954+0.00266129j 0.00475189-0.0024447j 0.00343347+0.000354188j -0.00196644-0.00455642j -0.00506112-0.00185959j 0.00412997+0.00484118j -0.00528478-0.00451841j 0.00131737+0.00168397j -0.00131753+0.00110285j 0.00116546-0.00122662j 0.000656621+0.00440586j 0.00293426+0.00670508j -0.00171645+0.00366521j -5.13705e-05-0.00545075j 0.00263164+0.00292773j -0.00392049-0.00169838j 0.00257407-0.00885983j 1.97062e-05+0.000661577j -0.00227618+0.003124j 0.000280108-0.00229777j -0.00529968-0.00345071j 0.00163382+0.000657559j -0.000592989+0.00512343j -0.000167061-0.00237227j -0.00119837+0.00134441j -0.00270514+0.000277139j -0.000832974+0.000151737j -7.09155e-05-0.00129393j -0.00467625-0.00787605j 0.00585069+0.00424674j 0.00469369-0.00444572j -0.00699206+0.00204675j -0.00391306+0.00282774j 0.00315991-0.00176973j -0.00103642-0.00489338j 0.00257727+0.00204775j -0.000225008+0.00231271j -0.000159789-0.000883967j -9.95531e-08+0.00202741j 0.00345092+0.00148805j -0.00404269+0.00266418j 0.0014536+0.00134237j 0.00168325+0.000349691j -9.56142e-05+0.00204028j -0.00289791+0.0010014j -0.00363031-0.000531349j -0.000931285+0.00131093j 0.00125707+0.00075715j 0.00352399-0.00116235j 0.000739157-0.000146038j 0.000497154-0.000242682j -5.98933e-05+0.000881247j -0.00198093-2.48658e-05j 0.000305851+0.00084982j 0.00105641-0.000351533j -0.000224707+0.000444521j 
0.000232313+0.000917025j 0.000312073-0.00154386j -0.00370079+0.00724985j -0.00565875+0.00104895j -0.00394217+0.00756597j -0.00248052-0.00702973j 0.00239127-0.00816102j 0.000518422-0.00465665j 0.00241513+0.00337355j 0.00396822-0.00144347j -0.00287265+0.0032929j 0.000467424+0.000832288j 0.000862929+0.00821261j 0.0012882+0.00019407j 0.000411368+0.000805528j -0.000776813-0.00143347j 0.00108783+0.00271033j 0.0018894+0.00225089j -0.00335608+0.000346711j -0.00402434+0.000762561j -0.00317453+0.00213505j -2.66794e-05+0.00338582j -0.00344591+0.00171368j -0.000260794-0.00331392j -0.00127513-0.00124857j -0.00047914-0.00247758j 0.00225802-0.000272583j 0.00184741+0.000254569j 0.000966637-0.000956392j 0.00100504-0.00172822j 0.000388224-0.000187401j 0.000176267+0.000412336j -0.00395383-0.000326961j 0.00071651+0.00307759j 0.00342656-8.99916e-05j 0.00130972-0.00242557j -0.00101182-0.00107561j -0.000142571-0.000996868j 0.00100665+0.00372509j -0.00489162-0.000193769j -0.00391003+0.0012003j -0.00125553-0.00137182j 0.00181726-0.00124801j -0.00168817-0.00239066j -0.00165778-0.00171636j -0.00134427+0.00304179j 0.00207344+0.00150215j -0.000504775+0.0001406j 0.0014393-0.0025552j 0.00120662+0.0012818j 0.00298014-0.0028948j 0.00235263+6.31764e-05j 0.00408238+0.0049978j -0.00492547+0.00100565j -0.000547487+0.000151378j 0.000216204+0.00169605j 0.00185673-0.00387371j 0.00211124-0.00510039j -0.00252459+0.0021666j -0.00147151+0.00155766j -0.00306568+0.00334395j -0.00013213+9.20547e-05j 0.00125032+0.000767885j -0.0034453+0.000574869j -3.06111e-05+0.00151943j 0.00316363-0.000757611j -0.000266727-0.00185979j 0.00188901+0.00112695j 0.00144161+0.000915852j 0.0012961+0.00165057j -0.00103525-0.00238364j 0.000985575-0.000820751j 0.00243675-0.00398492j 1.63536e-05-0.00111373j 0.00177619-0.00265679j 0.00231516+0.000183557j -0.000368801-0.00158046j -0.000763595-0.000292175j -0.00562311+0.00279411j -0.00224917-0.00192473j -0.00127202+0.000540928j 0.00334911+0.00217737j 0.000697405-9.87609e-05j 0.00389428-0.00416201j 0.00192208+0.00294184j 0.000870544+0.00260337j 0.00333939-0.00405556j -0.000170815+0.00106384j -0.00056977+0.0016608j 0.00510072+0.00162065j -0.00132397+0.00142705j 0.00359129+0.00306675j 0.00143045+0.000899769j -0.000200129-0.00385907j -0.00661328-0.000187742j -0.0035667+0.0010831j -0.00123679+0.00202674j -0.000715926+0.0067694j 0.0045284+0.000894337j 8.2296e-05-0.00489567j 0.000710444+0.00403614j -0.00804861-0.00433479j -0.00196312+0.0033833j -0.00169315+0.00257206j -0.00258537+0.000890383j 0.00186486-0.000628586j 0.00121926-0.00151751j 0.00422691+0.0029452j 0.00661541-0.000762537j 0.00143924+0.00394091j -0.00218743+0.00104562j -0.00615626+0.00207979j 0.000790129-0.00182191j 0.0068467-0.00566554j 0.00211969+0.00205356j -0.00555766+0.00397319j 0.00290924-0.000118655j -0.00448673+0.0024454j 0.00105173+0.00252091j 0.00536618+0.00516877j 0.000546687-0.00255659j -0.00089783+0.00115164j -0.00197774-0.00255267j -0.00597723-0.000602776j -0.00319829-0.00378958j -0.002745-0.0036888j -0.00128869+0.00156043j -0.000530135-0.00552498j -0.000179531-4.38423e-05j -0.000148269+0.000238182j -0.000631402-0.000223015j -0.00289756-0.000177783j -0.000422186+0.00363387j 0.00161434+1.15477e-05j -0.00149946+0.00620706j 0.00163549+0.00359273j 0.0028449-0.000987991j 0.0014065-0.0011175j 0.000795207+0.000192262j -0.00216584+0.0022323j 0.00210462-0.00163423j -0.00113577-0.000920908j 0.00260587-0.00188941j 0.00126515+0.00223181j -0.00365253-0.0021677j -0.00172126-0.000619502j 0.000869203+0.00235322j -0.00103381-0.00036226j -0.000179183-0.000104673j -0.000681909+0.00193333j 0.00130491-0.000367162j -0.00216806-0.00235122j -0.000499518+0.000498778j -0.000951269-0.000880035j -0.00115021+0.00131132j 0.000858579+0.000915907j 0.000202573-0.0014329j -0.00100164-0.000853474j 0.000498774+0.000779298j -4.42206e-05+0.00117338j 
-0.000214404+0.000466544j -0.00127578+0.00122352j -0.000414007-0.00404883j -0.00288366+0.00263566j -0.00215857-0.00549656j -0.000428345+0.00184867j 0.00666121+0.00884711j 5.12867e-05+0.00148352j 0.00136091-0.00645101j -0.0077097-0.00755594j -0.00430667-0.000424704j 0.00187929-0.00132356j -0.00793254-0.0105045j -0.00180355+0.000676791j 0.000184019+0.00081242j 0.00035089+0.000761279j -0.00132772+0.00088888j 0.00177942+0.00290214j -0.00185383+0.000603326j -0.000925447-0.00151296j -0.00159105+0.00256618j -0.00201408+7.03674e-05j -0.00300964-0.00194988j -0.000333208-0.00285667j -0.00161303-0.00108751j -0.0014208+0.0017233j -0.00217436+0.000450474j 0.000406884-0.00172149j -0.00033719-0.000630138j 0.000956959+0.000402576j -0.00267418+0.00039558j -0.00126807+0.00176702j 0.00117185+0.00540229j -0.0013604+0.00268277j -0.000226821+0.00174631j -0.00152731+0.000381824j 0.00183929+0.00146504j -0.000748604+0.000968547j -1.1793e-05-0.00167841j -0.00476372-0.00196523j -0.00232392+0.00012832j 0.00174509-0.00287435j -0.0022388-0.000964633j -0.0029214-0.00205663j -0.00231162-0.000658912j -0.000167988+0.000534946j 0.00465741+0.0025299j 0.00111686-0.0018554j 0.0038597-0.00681727j 0.000356614-0.00375024j -0.00118934-0.00115814j -0.00184607-0.00522825j -0.00914344-0.00156198j 0.00182193-0.00347182j 0.00463438-0.00103246j -0.000416821+0.00112874j 0.000448533+0.00521638j 0.00372636-0.000558971j -0.00383027-0.00685016j 5.93712e-05+0.000128264j 0.00399387-0.00474788j 0.000848966+0.00137099j -0.000624005-0.00256625j 0.00534583+0.000411636j 0.00185294-0.00781769j -0.00507699+0.00278103j 0.00130207+0.000883319j -0.00308136-0.00234581j 0.00186918-0.000467607j -0.00328582-0.00057095j -0.000263998-0.000325333j -0.00295234-0.000656207j -0.000661071+0.000261033j -0.000597345-0.00230552j -0.00174061-7.91163e-05j 0.000845817+3.81825e-05j 0.00308281-3.22456e-05j -0.000447025+0.00171532j -0.00339779+0.00119369j -0.000250448-0.000578917j -0.00128811-0.00196232j -0.00154477+4.40041e-05j -0.000693295-0.00158964j -0.000967247-0.00205212j -0.000236127+0.000732409j -0.00138651+0.00012156j 0.00357289-0.00225552j 0.000223813-0.000134252j 0.000751195-0.00164817j 0.000783422-0.000319979j -0.00235766+0.000279656j 0.000474309+0.00302071j -0.00247622+0.000575347j 0.00208564+0.00306189j 0.00229303-0.000360757j -0.00256086+0.0016425j -0.00135704-0.00218272j 4.27228e-05-0.000615339j -0.000646743+0.00107641j -0.000907453-0.00134805j -0.000302627+0.00478676j -0.000327723+0.00208634j -0.00345664-0.0026161j -0.0010223+0.0015472j -0.00198674+0.00141909j 0.00059767-0.00223204j -0.00151443+0.000758638j -0.00522605-0.000715429j -0.00245857+0.00197845j 0.00136256-0.00121056j -0.000159103-0.00696886j -0.00358246-0.00182216j 0.00168743-0.00518427j -0.00295054-0.00310943j -0.00176317+0.00543187j 0.00571442+0.000674122j 0.00132161+0.00158838j -0.00360145-9.26189e-05j -0.0021422+0.00183286j -0.00520535-0.00284139j -0.0013318+0.00331109j -0.00181676-0.00671915j 0.000443173-0.00308759j 0.007615-0.000981383j -0.00346935+0.000549475j 0.001231+0.00102918j -0.00210242+0.00160345j -0.00432-0.000626899j 0.00200809-0.00354058j -0.000623726+0.00606673j 0.000933334-0.00128631j 0.000837543+0.00428389j -0.00510391+0.000727203j -0.000672507-0.00139789j 0.00263042-0.000962176j -0.00389477-0.00438662j -0.00187167+0.00177405j 0.000302784-0.000917853j -0.00252893+0.00230048j 0.00275752+0.00129428j 0.00150102+0.00141526j -0.000364304+0.00208841j -0.00556443+0.00270018j 0.00199714+0.00509342j 0.000100053-0.00306673j 0.000928196+0.00267602j -0.00135521-0.00326492j -0.000538364+0.00234189j 0.00167113+0.000797611j 0.00125077-0.000508962j 0.000174958-0.000844218j 0.00257107+0.00376947j 0.000570594+0.00284822j -0.0032764+0.000767878j -0.000431364+0.000686713j 0.000840721-0.00029263j -0.00168809+0.00272114j -0.00164995+0.000811362j 0.000738284+0.000726608j -0.00162885-0.00132231j 
0.000974516+0.00101844j -0.00239483+0.000814037j -0.00093276+0.0021203j -0.0040137+0.00191648j -0.00222022+0.00122276j -0.000355655-0.00429719j 0.00371095+0.000214783j -0.000188009-0.00139494j 0.00206623-0.000388314j -0.000311085-0.00415449j -0.00323397+0.00144601j 0.00132025+0.000544951j -0.00196318-0.00122854j -0.000900074-5.67408e-05j 0.000257699+0.000535763j -0.000471186+0.00179962j 0.00274762-0.00142233j 0.000337564-0.00316323j 0.00355923+0.000377419j -9.06284e-05+0.00428778j 0.00256673+0.000684371j 0.000337368-0.00117644j 0.00160813+0.00161995j 0.000406796+0.00120146j -0.000440168-0.000194413j 0.00211358-0.000434511j 6.10987e-05+0.000108249j -0.0016292-3.11296e-05j -0.00120467-0.0010346j 0.00171475+9.14161e-05j -0.00171687+0.0010088j -0.000652016-0.00226057j -0.00311843+0.00176437j 0.00185173+0.0023454j 0.00210368+0.000704196j 0.000809243-0.00394312j -0.00551062-0.000875222j -0.000478439-0.00222914j 0.00269924-0.000931978j 0.0059914+0.00337752j 0.00295258-0.00135161j -0.00290935-0.00190404j -0.000649283-0.0011632j 0.00451695+0.000216314j 0.00264286+0.00732983j 0.00206574-0.00262182j -0.00926399-0.00312979j -0.00393776+0.000637495j -0.0021856+0.00670324j -0.00211023+0.0038124j -0.000565362-0.00285185j 0.00239023-0.000353018j -0.0039284-0.000482368j 0.00415091-0.000555511j -0.00379481-2.24671e-05j 0.00656452-0.00131546j 0.00164357+0.00152692j 0.00181972-0.000299501j -0.00177632-0.00281575j 0.00335129-0.00267793j 0.00284723-0.00385564j 0.00035009-0.00446181j 0.00201039-0.00640606j 0.00323808+0.00191045j 0.00270454+0.000229234j -8.5795e-05-0.00119271j -0.00139283-0.000597234j -5.2597e-05+0.000148422j -0.000841572-0.000164035j -0.00360296-0.00178455j -0.000999772-0.000110175j -0.000581866+0.000738753j -0.000390008-0.000864721j -0.000251667-0.000874743j 0.000619532-0.00208313j 0.00143258-0.000575128j -0.000249955-0.00157428j 0.00135224-0.000104703j -0.00213764+0.00221028j -0.000749704+0.00179171j -0.000957177-0.00059986j 0.00107666-0.000522206j -0.000113255-0.000972883j -7.36755e-06+0.00283521j 0.000995487-0.000611089j 0.00654714-0.000493319j 0.00112785-0.0044791j 0.00345488-0.00161573j 0.0019137+0.000807015j 0.00082256+0.00302359j -0.00015073+0.000996708j -0.0020912-0.00214674j 0.00551875+0.00114755j 0.00394494+0.00184326j -0.000302663-0.000134109j -0.0033887-0.00410919j 0.000998535-0.00105705j 0.00306793-0.00109005j -0.00184847+0.00260889j 0.00129604+0.00170615j -0.000185092+0.0019079j 0.00112004-0.00204942j 0.00257151-0.00197239j -0.0014345+0.00214888j -0.00122369+0.000210926j 0.000194303-0.00307937j 0.00357268+0.00040134j 0.00258181+0.0054425j 0.0008106+0.00319298j -0.000672131-0.000270767j 0.00292971-0.00487179j -0.00186258-0.00187818j 0.00145612-0.000731323j 0.00157961+0.000681806j 0.000796729-1.49476e-05j -0.000571776-0.00201138j 0.00209626-0.00189276j -0.000370861+0.0019303j -0.00506759-0.00398043j 0.00493991-0.000342156j 0.000728121+0.000150626j 0.000223586-0.00418615j 0.00398746+0.00167154j 0.00377632-0.00265715j -4.15105e-05-0.000634452j -0.0016414-0.000515091j -0.00356885+0.00253734j -0.000638517-0.00131391j -0.00498915-0.00591755j 0.00322641+0.00314796j 0.00125949-0.00539318j 0.00211438+0.0031321j -0.00117077+0.00141637j -0.00164786+0.00113301j -0.00153258+0.000427165j 0.000325859+0.00124101j 0.00233732+0.00268279j 0.000624669-0.00337232j -0.000766452+0.00028472j -0.000721113-0.00172544j 0.000727386-0.00158249j -0.00209943+0.000302157j 0.000482979+0.00313914j 0.00286015+0.00158616j -0.00451244-0.000778898j -0.00317632+0.00244206j -0.00164733-0.000880956j 0.000367717-0.000561122j 0.00211992+0.000922599j 0.00202251+0.000922734j 0.00269426+0.00115827j -0.000359484+0.000294692j -0.00228085+0.000468059j -0.00120972-0.00107013j -0.00206001-0.000363427j -0.000150476+0.00104778j 0.00124693+0.00033162j -0.00168363-0.000191929j 6.38861e-05+0.00027035j -0.00143982+0.000104974j 
0.00196651-0.00137981j 0.000721567+0.00045369j 0.00107966+0.000807334j -0.00189636+0.00520439j -0.0044719+0.00265629j 0.00407794+0.000388338j 0.0010794+0.00280973j -0.00322257+0.000479162j 0.00467853-0.00140727j -0.00121247-0.000980093j -0.00645754+0.00218464j -0.00157685-0.00144129j -0.00339803-0.00234945j -3.48953e-05+0.00136211j -0.00217579+0.000711217j -0.00123472+0.00129713j -0.000216454+0.00365117j 0.000342463-0.00104369j -0.00198617-0.00187989j 0.00717472-0.00117933j 0.00322551-0.00181479j -0.00192159+0.00168503j 0.00112018+0.00109743j -0.00403778-0.000114215j 3.98524e-05-0.00087154j -0.00282655+0.00233178j -0.000628783+0.00253681j -0.00142209+0.000920396j 0.00280218+0.00169382j 0.00128588-0.00126389j 0.000290698-0.00137444j -6.39475e-05+0.00233635j -0.00203613-0.00465931j 0.00458527+0.0076075j 0.00257158-0.00273708j 0.00403602-0.00066785j 0.00325628-0.00301337j -0.00155906-0.00216147j 0.000930004+0.00294784j -0.00717421+0.00434614j 0.00218124-0.00368745j -0.00363427-0.000276787j -0.00431032+0.00147417j 0.00390037-0.00596827j -0.00260579-0.000420253j -0.000504546+0.00485135j -0.00522004+0.00454974j -0.00643566-0.00344372j 0.00264071+0.00162318j 0.00099622-0.00082489j -0.000389703-0.00215474j -0.00373815-0.00143581j 0.00331546-0.00189091j -0.00108867-0.00267882j -0.000680457+0.00123194j 0.00316292-0.00355382j -0.00369957+0.00113151j -0.00541232-0.00563355j -0.00500608+0.000991468j -0.00157694-0.00120103j 0.00300096-0.000279679j 0.00273891-0.0022546j -0.00159298+0.00355465j 0.00160592-0.000679749j -0.000549118+0.00370065j 0.00039987+0.00245199j -0.000926054-0.000376316j 0.000555992-0.000658361j 0.000446789+0.00173653j 0.00150381+0.00236486j -0.0012504-0.00249322j 0.000747228-0.00121761j 0.00264358-0.00368659j -0.00128128+0.000589687j 0.000551782-0.00203346j 0.00200367+0.00124697j -0.000807269+4.06884e-05j 0.000382577-0.00110161j 0.000119439-0.00181134j -0.00337138-0.0049312j 0.00104521+0.000101664j 0.00334385+0.000238245j 0.00317754-0.00333096j 0.00391223-0.00215714j 0.00425528+0.00647611j -0.00470672+0.00227066j -0.000970929+0.00270423j -0.00399576+0.00219802j -0.00263464+0.00222006j 0.00145508-0.000357293j -0.00390517-0.00301398j 0.00255701-0.000329836j 0.000868112+0.000425124j -0.00579238-0.00683429j 0.00101719-0.00309091j -0.000206787+0.00412918j -0.00160937+0.00319966j -0.00345153+0.00611663j -0.000826127-0.00816325j -0.00190612-0.00514004j 0.00554531+0.00320561j -0.00786606+0.000943051j -0.00313007-0.000929529j -0.000877406-0.00262765j 0.00212767+0.00265567j -6.76597e-05+0.00286034j -0.00290063+0.000329535j -0.00496071-0.000596002j 0.00318518-0.0054567j -0.00359885-0.0092916j 0.00104231+0.00587699j -0.00350643+0.0013197j -0.00506307-0.00475884j -0.00153711-0.0032724j -0.00283514-0.000776321j -0.00314385-0.00349138j -0.00101913+0.00219393j 0.00194105-0.00300116j -0.0012413+0.00450962j -0.00316786+0.00665631j -0.00210867+0.00301971j -0.00173379+0.0028791j -0.00372993+0.00141407j -0.00325511+0.00151547j -0.00180643-0.00154552j 0.000109804+0.00299804j 0.000208416+0.0029394j 0.00113285+0.00615009j 0.00325849+0.00353683j -0.00369156+0.000232791j -0.00138697+0.00290693j 0.00222546-0.00628996j 0.00384844-0.00242471j -0.00176155-0.000864859j 0.00358302-0.0046j -0.00117948+0.00287816j 0.000951239-0.00207351j 0.00138089+0.00633914j 0.00130063-0.00339968j 0.0023255+0.000935948j -0.00266515+0.000435447j 0.00226051+0.000751368j 0.000696747+0.000334798j -0.00246348+0.000348326j -0.000638087+0.00251168j -0.00120164-0.000370219j -8.03717e-05-0.000504109j -0.000765821+0.00112106j 0.000839774+0.000902558j 0.00199784+0.000834697j -0.00144945+0.00171551j 0.00107281+0.000222861j -0.00316125-0.000488209j -0.000158006-0.00156575j -0.000545265+0.00139736j 0.0015478+0.000486801j 0.00117364-0.000264415j -0.000239437-0.000740056j 0.000906208+0.000246685j -0.000829912+0.0010839j 
-0.000603004-0.000798517j -0.00057833+0.00161238j -0.000218712+0.00638487j -0.00709347+0.00169353j -0.000491801+0.00695667j 0.00112788+0.000354673j -0.00197363-0.00138268j 0.000580554-0.000335382j -0.00368236+0.00254355j -0.00151359-0.00316222j -0.00184593-0.00019743j 0.00625673+0.00334179j -0.00123211-0.00181529j 0.000973615-0.00122594j -0.00197003-0.0015313j -0.00326576+0.00339794j 0.00239316+0.00165252j -0.000494585-0.000978729j 0.00046386-0.000208717j -0.00125635+0.000718968j -0.00150474-0.00345922j 0.00424801-0.00414638j 0.00432752+0.0038828j 0.00756104+0.00547916j 0.0011103+0.00191465j 0.0028185-0.00427739j 0.00323662-0.00407465j 0.00203764+0.000285397j 0.00318121-0.000134818j 0.00226703-0.00121502j 0.00279881+0.000190021j 0.00159876-0.000466305j -0.00244778-0.00125259j 0.00206917+0.00513594j 0.000211535-0.000707295j 0.000715772-0.00187163j -0.000945637-0.00402031j -0.000714827-0.00205256j 0.00202468+0.0015573j 5.62172e-05+0.00248771j 0.00389678-0.00505048j 0.000449644+0.0048613j -0.00232612-0.0031453j 0.00597067-0.00165602j -0.00185184+0.00186426j 0.004066-0.000228543j -0.00042987-0.00392605j 0.00134504+0.00377988j -0.000104635+0.00349755j -0.00414646+0.00111405j 0.000527748-0.00141272j 0.0058944+0.00127963j -0.000384375+0.00598771j 0.00161714+0.00113455j 0.00177365-0.000519779j 0.00187791+0.00574843j 0.0102462-0.0036885j 0.00614352+6.90384e-05j -0.00272093-0.0072788j -0.00544601-0.00343626j -9.34283e-05-0.00307324j -0.00320094-0.00514281j 0.00402542-0.00737201j 0.0017676+0.00202854j 0.00203745-0.0020764j -0.00224542+0.000845429j -0.00498358-0.000640454j -0.00096105-0.000957768j -0.00163639+0.00347644j -0.0024806-0.00162793j 0.00188461+0.000604906j -0.00117341-0.00220771j 0.000767996-0.00205221j 0.00223197+0.00107628j 0.000209448-0.000939833j 0.00177417+0.000243357j -0.00226335+0.000189198j 0.00216172-0.00139957j 0.00321293-0.00254519j 0.000233523+0.00052748j 0.00107084+0.00127259j 0.000435898-0.00171546j 0.00184447-0.00275512j 4.93663e-05-0.000807437j 0.000990624+0.00315224j -0.00163228+0.000689178j -0.00540673+0.00387722j -0.00164353+0.000147651j 0.00191553+0.00204286j 0.00272781-0.000271871j 0.00143152+0.00077454j 0.000944532+0.000422133j -0.00152515-0.00121707j -0.00228252+0.000233867j -0.000904485+0.000554007j 0.00582702+0.000327944j 0.00164541-0.00283728j -0.00183746+0.00149919j 0.00559278-0.00294798j 0.00309215+0.00113764j -0.00230993-0.00239662j 5.22795e-05-0.00763458j 0.00187692+0.00345223j 0.00145995-0.00173287j -0.00282552+0.00207035j 0.00264444+0.000562065j 0.002523-0.00167488j 0.00280718-0.000131786j 0.00277098-0.000126492j 0.000761567+0.000968398j -0.000876296+0.00517585j 0.00349464-0.00184843j 0.00559807+0.00642868j -0.000117275+3.75708e-06j 4.2827e-05+8.01129e-05j -0.000408521-0.00109134j -0.00605304+0.00257879j 0.000835111-0.00358677j 0.00515463+0.00068494j 0.000991795+0.000728227j 0.00226544-0.00361001j -0.00235329-0.000697689j 2.26911e-05-0.00345019j 0.0043632-0.000542342j 0.00575214-0.000529996j -0.00328141+0.00254733j 0.000260074+0.00528639j -0.00146282-0.000694974j -0.000176987-0.0019602j -0.00159532-0.00138017j -0.00268582+0.00353364j -0.00260888+0.000761441j -0.00144782+0.000156956j -0.000650587-0.00445859j 0.00350172+0.00132997j -0.00537883-0.00219902j -0.00307699+0.00312632j -0.0024102+0.0021125j 0.000140659+0.000892694j -0.000756978+0.000478618j 0.0019201+0.00344275j 7.11402e-05+0.000785115j -0.00409337-0.00104573j 0.000507688-0.000624593j 0.0011853-0.00234031j -0.000364361+0.0012729j -0.00256125-0.00365136j -0.000259002-0.000813539j 0.00206623+0.00222521j 0.00389709-0.000335053j 9.44372e-05-0.00141155j 0.00173377+0.00131079j -0.000151243+0.000686485j 5.81343e-05-0.00041872j -0.000203823-0.000272958j -0.000812463-0.00113331j -0.00109472-0.00113384j 0.00162521+0.00123114j 0.000428016+0.00136969j 0.000782716+0.000759502j 
0.00132832+0.0026799j -0.00264039-7.72019e-05j -0.00101325-0.00118227j 0.00175819-0.00197847j -0.00146474+0.000446583j 0.000275283-0.00511267j -0.00272224-0.00245588j 0.000984321-0.000711484j 0.00576905+0.00465517j 0.00412657+0.00107403j 0.000876411+0.00234095j -0.00420034-0.00087227j 0.00460277+0.00535912j 0.00143895-0.000251484j -0.000642363-0.00186755j -0.00163245+0.00219438j -0.00475319+0.00187986j 0.00115705+0.00314193j 0.00343773-0.00227339j -0.00268816-0.00428564j -0.000526698-0.00574248j 0.00517113-0.0062761j 0.000109378+0.00181179j 0.00788112+0.00829064j -0.00117773+0.0034133j -0.000427957-0.00112801j 0.00174573-0.000495064j 0.00282-0.00342676j -0.000174189-0.00155062j 0.00126975+0.000620283j 0.00183676+0.000228046j -0.00135596-0.00222285j 0.00377576+0.0020148j 0.000202719+0.00102667j 0.000351832-0.00122569j -0.00243547+0.00153513j 0.000264076+0.00200592j 0.00156978+0.00428498j -0.000983834-0.0014845j -0.000573771-0.0028371j -0.00366491+0.00447652j -0.000999358+0.0017623j -0.000887242+0.000217747j -0.00140635-0.00393285j -0.000650407+0.00154581j 0.00441951-0.000384088j 0.00364964+0.000723388j 0.00407112+0.00267542j -0.000356854+0.00137379j -0.0045146-0.00281734j -0.00177869+0.000352674j 0.00533584-0.00215691j -0.000689966+9.38513e-05j 0.00242103+0.00150352j 0.00129293+0.00224852j 0.00183166+0.00514715j 0.000642727+0.00137007j -7.92063e-05-0.000232807j 0.00067166-0.00105539j -0.000949325+0.0049766j 0.000281006+0.00216358j 0.000885575-0.00267131j 0.00332569-0.00103991j 0.000838336-0.000862208j -0.0015512-0.00128297j -0.00053044+0.00153517j -2.00405e-05-0.000725574j 0.00174053+0.000934178j 0.00012129+0.000584198j -0.00158883-0.000465795j -0.00145535+0.00299951j -0.00125492+0.000879903j -0.00279442+0.00342766j 0.00160318+0.000325036j -0.00242+0.00096356j 0.000304899-0.00193747j 0.00382475+0.00135277j -0.00220443+0.00151046j -0.00165528+0.00244602j 0.0015542+0.0021143j -0.00151583+0.000655563j -0.00513448+0.00280311j -0.002187+0.0012914j -0.000222231+0.000941578j -0.000771525-0.00190874j 0.00480145-0.00252499j 0.0011131-0.00383625j 0.000661941+0.00235745j -0.00263882+0.000523544j -0.000766396-0.00183048j 0.000315888+0.00147157j -0.00336979-0.00191764j -0.00422689-0.00116789j 0.00359248+1.78283e-07j 0.00294827+0.000154123j -0.0038825+0.00544506j -0.000677744-0.00721195j 0.00240912-0.0013525j -0.000684264-0.0011763j 0.0043236+0.00786692j -0.00347679+0.00280394j 0.00444022-0.00304551j -0.00287308+0.00309221j 0.00128778+0.00146112j -0.00229112-0.00359051j -0.000240119+0.000187798j 0.00104089+0.00299322j 0.00230469-0.00388029j -0.00704832-0.00563291j 1.61701e-06-0.00690566j 0.0026671+0.00278574j -0.00205278+8.1212e-05j 0.00696599+0.00148591j 0.00326356-0.00469424j -0.00414825+0.00497992j 0.00435801+1.73903e-05j -0.000212996-0.00631648j -0.000183163+0.00231059j -0.00317955+0.00907431j -0.00480282+0.00286607j 0.00281886+0.00826338j 0.00595912-0.00340272j -0.00171078-0.000644217j 0.00357983+0.00340872j -0.000789071-0.000287378j 0.00391498-0.00135714j 0.000298847+0.00438332j -0.00104805+0.0032874j -0.00287117+0.000412725j -0.00192493+0.00193142j -0.00036318-0.00253893j -0.00422356-0.00452062j -0.00107208-0.000855951j 0.00100899-0.0051299j 0.00312196-0.00283623j -0.000692412+0.00265127j -0.00304735+0.00398319j -0.000291261+0.000418581j 0.00146506-0.000513491j -0.000419003-0.00445169j 0.000743095+0.00225857j -0.00304072-0.000477725j -0.000106557+0.0042148j -0.00276459-0.000729016j -0.000983007+0.00212636j 0.00284516-0.00173742j -0.000281811+0.00028978j 0.000416882+0.00119305j 0.00114595+0.00049294j -0.000648236-0.00382959j 0.00196763-0.00064078j 0.000195655-0.00316919j 0.00253388-0.00127681j 0.000547777+0.000923622j -3.43953e-06-0.00107635j -0.000569428+0.0012608j -0.00173513-0.000645131j -0.000118269+0.00044652j -0.000683263-0.000385448j 0.000284267-0.000469985j 
0.000164447+0.0016578j -0.000819818+0.00101063j 0.00373435+0.00113191j -0.00202378+0.00291443j -0.00108351+0.00481269j 0.00898642-3.72243e-05j -0.00489868+0.00350855j -0.000528406+0.00450301j -0.00259951+0.00540099j 0.000609046-0.00176348j -0.00395557+0.00203301j 0.00370874+0.00189577j -0.00107556-0.00375508j -0.000468067+0.000270437j -0.00118481+0.00259105j 0.00303486-4.04323e-05j 0.000569719+0.00108337j -0.0011139-0.00126128j -0.00221776+0.00103058j 0.00210191-0.00300195j -0.000993126-0.00168542j -0.00301852+0.00246245j 0.00106214-0.00418346j -0.00324995-0.00310692j 0.00244067-0.0010946j -0.000320825+0.00411536j -0.0019966+0.00291932j -0.00252171+0.00169052j 0.00294843+0.000245853j 0.00252839-0.00176534j -0.00069227+0.000904518j 0.0014653-0.00260689j 0.000305771-0.00126179j 0.000742433-0.00212872j -0.00179948+0.0035794j -0.00254844-0.00357391j 0.00118447+0.000324192j 0.00240032-0.000469862j 0.000441087-0.000446084j -0.00550644+0.000279131j -0.00154108+0.000850496j -0.00186879-0.00112808j -0.0014652-0.000283423j 2.95437e-05-0.00042759j 0.000871438-0.00436572j 0.000454428+0.00207502j 0.00554082-0.00116778j 0.00246967+0.000982843j 0.000292367-0.00299618j 0.00212759-8.35681e-05j 0.00196284-0.00266844j 6.01497e-05+0.00444438j -0.00163369+0.00490513j -0.00951423-0.00107471j 0.00390679-0.00100946j -0.00316415-0.00193618j 0.00283048-0.00115568j 0.0023412-0.0010942j 1.53633e-05-0.00236807j 0.000133474+0.00138918j 0.000279744-0.000714557j -0.00440949+0.00613298j -0.00201419-0.00188747j -0.000976585+0.00105418j 0.000910251+0.00227857j -0.000495993-0.00275568j 0.000368791-0.000819971j -0.000672148-0.000168048j 0.000421039+0.000933776j 0.00329688+0.00114419j 0.00184647-0.000798169j 0.00191716-0.00271378j -0.00134108-0.00202314j 0.00255181+0.00133796j 0.000808504-0.000691103j -0.000304068+0.00110916j -0.000875055-0.00203356j 0.000975316-0.00150771j -0.00252633+7.04306e-05j 0.000405489+0.000650153j -0.00021937+0.0022181j 0.00139829-0.000862224j 0.00114216+0.00104588j -0.00421957-0.00176135j -0.00351973-0.000742343j -0.00100823+0.000582979j 0.000848272-0.000899929j -0.00356887+0.00416207j 0.00495746-0.0053377j 0.0023421-0.00174327j -0.00279254+0.00231089j 0.000996678+0.00158171j -0.00279041+0.00323187j 0.00726958+0.000848891j -0.00257857+0.00237244j 0.00149561-0.000594566j -0.00154595+0.00283559j -0.000137774-0.00122739j -0.00143789-0.00358775j -0.0016835+0.00273381j -4.96158e-05-0.000471829j 0.00217124-0.00163893j 0.00283075+0.000982373j 0.00261375+0.00233728j 0.00513085-0.00391441j -0.00216792+0.00194112j -0.00203293-0.00382163j 0.000958594-5.20681e-05j -1.38437e-05-0.00468745j -0.00365509+0.00249861j 0.00449134+0.00410477j 0.000685183+0.00174601j 0.00164622+0.00126646j -0.00410167+0.00507997j 0.000890556-0.00222107j -0.00364755-0.00951246j 0.00441854+0.00135831j 0.00281332+0.00407673j -0.0025047-0.00441985j -8.25456e-05-0.00323977j -0.00167641+0.00722182j -0.0017661-3.46864e-05j -0.000887255-0.00144725j 0.00587754-0.00163344j 0.00269438-0.00152725j 0.0012944+0.00168478j 0.00340145-0.00137069j 0.00236181+0.00452501j -0.00459987+0.000651689j -0.00039894-0.00269518j 0.00171644-0.000938425j 0.00170598+0.00112597j 0.00370454+0.000216556j -0.00532317-0.00360165j 0.00164604-0.00050913j 0.00381573+0.00111538j -0.00127233+0.00260749j -0.00216216-0.000404566j -0.00167758+0.00231764j -0.00125987-0.000755328j -0.00223557-0.00327315j 0.00302518+0.00133636j -0.00590876+0.0025069j 0.001486+0.000579994j 0.0062952+0.00481005j -0.000195833-0.000785353j 0.00140551+0.00171211j 0.000246773-0.00230312j -0.00544691-0.00147021j -8.99776e-07-0.000214261j 0.00163998+0.00167597j 0.00159672+0.000860794j 0.00332998+0.000336188j 0.00249129+0.000281143j 0.0019283+0.000622603j -0.00057637-0.000276475j -0.00105133-6.15678e-05j 0.00334076+0.00112257j 0.00097214-0.00084443j 0.00128661+0.00150454j 
-0.00250105-0.00232299j 0.00142636-0.00285145j 0.00437183-0.00235197j 0.00491683-0.00219282j 0.00421016-0.00216304j 0.00108405+0.00106835j -0.00536512+0.00105577j -0.00240577+0.00109581j 0.000675402-1.80287e-06j 0.00620119+0.00135506j 0.00130642-0.000519668j -0.00350213-0.00150769j 0.00550684+0.00143707j 0.000649706-0.000946928j 0.000227624-0.000472243j 0.000407597-0.00186851j -0.0020663-0.00372807j -0.00400328+0.00143908j -0.000421551-0.00480617j 0.000309231+0.00416825j -0.00342359-0.00346216j 0.00187158+0.000176743j 0.0023129+0.00386104j 0.00331982+0.00285402j -0.000910317+0.00338809j 0.000127-0.00397603j 0.00172364-0.00478276j 0.00424249-0.00206876j 0.000323158-0.00491378j -0.00217105+0.00178804j -0.000792643-0.000944555j 0.000594265+0.00213546j -0.000976633+0.00422394j -0.00211341+0.000353762j -0.00361513+0.00265915j -0.00192107-0.0013622j -0.00152311-0.000995995j 0.000533604+0.000706105j -0.00257959+0.00271649j -0.00567184+9.13165e-05j 0.00193367+0.0015316j -0.00307569+4.4208e-05j 0.000132181-0.00344483j 0.00131783+0.00273508j 0.00350737-0.00152107j -0.000324806+0.000470238j 0.00157005+0.00197582j 0.0009365-0.00140779j 0.0017891+0.00257612j -0.00346977+0.00162094j -4.89412e-05+0.00140238j -0.000121227-0.00142157j 0.0014482+0.0013623j 0.000586653+0.00182265j -0.0038883+0.00146034j 0.00212611+0.00623861j 0.002193-0.00112701j -0.000400658-0.000197863j 0.002308-0.00280018j -0.0028679+0.00103017j 0.00111546-0.00260604j -0.000238816-0.00395118j 0.00433291-0.000511324j 0.00468163-0.00330992j -0.00226871-0.00021321j -0.00146755-0.00278274j -0.000957207-0.00122402j 0.00126274+0.000839101j 0.00173865-0.000740155j -0.0019201-0.00132261j -0.00116131-0.000508956j -2.76042e-05-0.00100501j 0.00198529+8.7062e-05j -0.00122119-0.00325864j -0.000152197-0.00140877j 0.000292594-0.000146293j -0.000404363-0.00121616j -0.00184709+0.000119344j -0.00476724+0.00193404j -0.00213371-0.00486684j -0.00083669+0.00110749j 0.00408409-0.00148117j -0.00178731-3.05033e-05j -0.00388259-0.00716722j -0.00151374-0.000364132j -0.00139955+0.00412328j 0.00377166+0.000738752j -0.00463398+0.000200509j 0.000121517-0.00228715j 0.00227783+0.00374855j -0.00601693+0.00186237j 0.00156094+0.000141324j 0.000746748-0.000433426j 0.00145262+9.33776e-06j -0.00328206-0.000931707j 0.000631587-0.00149223j -0.00210165+0.00284442j -0.00499536+0.00088219j -0.00186155-0.00169664j -0.0054414-0.00470665j 0.00304097+0.00400098j -0.00251644-0.000350127j 0.00105422-0.00504584j -0.00166408-0.00311196j 0.00471993-0.00112399j -0.00179815-0.00122235j 0.00374982-0.00615696j -0.0034739-0.0052785j -3.42484e-05-0.00162732j 0.00369479+0.00294269j 0.00474398-1.21745e-06j -0.00146663+0.000843675j 0.00289252-0.00151782j 0.00461689-0.00338359j -6.51218e-08+0.00624553j -0.0014636+7.97465e-05j 0.00395414-0.0092804j 0.00111122+0.00695643j 0.000309279-0.00183017j 0.00235864-0.00109934j 0.00352095-0.00307364j 0.00329944-0.00248457j -0.00196948-0.0018994j -0.000563964+0.00209153j 0.00275751+0.00164154j -0.00485326-0.00383168j -0.00158032+0.00110455j 0.00461241-0.000185698j -0.00634463-0.00257904j 0.00201307-0.00177563j -0.000124908-0.0046179j -0.000516477+0.00261887j -0.000133972-0.000553294j -0.00106569-0.00263303j -0.000920452+0.000652478j -0.000671163+0.0044023j -0.0012668-0.000798185j 0.0044131-0.00118743j -0.00304097-0.00103668j 0.00144039-0.00349061j 0.00135633-0.00432755j 0.00442203+0.00227036j -0.00496948-0.00300797j 0.000393254+0.00407522j -0.00140936-0.00263692j -0.00329603-0.00181465j 0.000596576+0.000858001j -0.00158122+0.000860188j 0.000295622-0.00100524j -0.000686777-0.000839272j -0.00047772-0.000151316j -0.00156035+0.00252056j -0.00062607+0.00117208j 0.00275802-0.00129356j -0.0015149+0.00231495j 0.00245377+0.00115772j -0.00105067+0.001328j 0.000914051-0.000954995j 0.000274187+0.00066652j 0.000709891-0.000690981j 
-0.000933608+0.00192635j 0.00340874-0.0018853j -0.0012029-0.00482189j 0.00170179-0.0043037j -0.000545068-0.00535378j -0.00214316+0.00020657j -0.00122608-0.000816256j 0.00193077+0.00421135j -0.00505528+0.00263758j -0.00130939-0.0019323j 0.00305031+0.000219051j 0.000801737+0.00024414j -0.000587929-0.000155738j 0.00196536-0.000871495j 0.00085512+0.00164995j 0.00100771+0.000205463j 0.00107433-0.00196613j -0.00149609-0.00329171j -0.00481458+0.000834654j 0.00502199+0.00248168j -0.000726643+0.00348559j -0.00138369+0.00191932j 0.0050716+0.00116561j -0.00382689-0.00407099j 0.00434454-0.0039706j 0.000736088-0.000678896j -0.000655317+0.000972785j -0.00224517+0.0034343j -0.00108555-0.00117334j -0.000599979-0.000890204j 0.0014239+0.0018397j -0.00141842+0.00227076j 0.00165321+0.00192374j 0.000302647-0.00214719j 0.00200545-0.00235939j -0.00109627+0.0034406j 0.0024753+0.000590492j 0.000111036+0.00163614j 0.00238796+0.000879064j 0.00105758-7.56416e-05j -0.000798995+0.00342518j 0.00135246+0.000326715j 0.00264249+0.00148866j -0.004278-0.000743381j 0.0028759-0.00266942j 0.000924615-0.00286175j 0.00428153-0.00249494j 0.00536734+0.000159321j 0.00334842-0.00244326j 0.00139909+0.00235946j 0.00204663-0.00122398j 0.00217555-0.00203559j -0.000184103+0.00478928j -0.00247024+0.00060118j 0.00572731+0.00136819j -0.000287214-0.00348558j 0.00379834-0.00120894j 0.00598325+0.000871026j -0.000603859-0.00427871j 0.00470315-0.000128153j -0.00211391+0.00210355j -0.00213699+0.00112186j 0.00182534-0.00341705j -0.00341939+0.00129128j 0.0022481-0.00147153j 0.000178804-0.00306459j -0.00298731-0.00177476j 0.00265994-0.00311788j 0.000510176-0.00127577j -0.000111968-0.000621192j -0.000546782+0.000699002j 0.000641759-0.00054068j -0.00218578+0.000779178j -0.000984421-0.000846519j -0.00316769+0.00132753j 0.00251619-0.000235599j 0.00228918-0.000354941j -0.000917351+0.000700523j -0.00318576+0.00151822j -0.000272736-0.00126442j -0.0032372-0.00156574j -0.00227254+0.00124218j -0.00171134-0.00152847j 0.00114816+0.00159283j 0.000664021-0.00310265j 0.00255188+0.000341024j 0.00238996-0.000574249j -0.00279241-0.00349165j -0.00538856-0.000301731j -0.00107153-0.000642931j -1.18548e-05-6.19313e-05j -0.00049971+0.000599066j -0.00167899-0.0019549j -0.00252902+0.000691404j -0.000354481-0.00328414j 0.00250707-0.00150308j -0.000227792-0.00235443j -0.00233334+0.000233341j 0.00183983+0.00196514j 0.00225599+0.00101073j 0.000353194+0.00102623j 0.00294791+0.00118552j 0.00132567-0.00371711j -0.00154499-0.00443808j 0.000664135-0.00164104j -0.00444023+0.00432953j -0.00342665+0.00303073j -0.0052892+0.00064543j -0.0023857+0.00350441j 0.00181829-0.00447436j 0.00109894+6.72153e-05j -0.00284281-0.00699338j -0.00133095-0.00551754j 0.000212775+0.00234006j -0.0033381-0.0024947j 0.00522869-0.000453579j -0.00157852-0.00345582j 0.000523251-0.0022484j -0.000573153-0.00282004j -0.00321733+0.00196516j -0.000912205-0.000884612j 0.00255201+0.000536175j -0.000921946-0.00272247j -0.000666863+0.00168575j 0.0034925-0.00124681j -0.000716776+0.00139962j 0.00165918-0.00339285j -0.00172245-0.00110646j 0.00321397-0.000512048j 0.000685171-0.000597441j -0.000733281+0.00323727j -0.00380742+0.00189712j 0.00174632+0.00435063j -0.00373635-0.000640983j -0.00120103+0.00155182j 0.00225909-0.00216566j -0.00264895+0.000203887j -0.00318025+0.000294051j 0.00280312+0.000266518j 0.000789067+0.00214811j 0.000109823+0.000947919j 0.0003581+0.00173801j 0.000551612+0.00317198j 0.000288826+0.00148847j -0.00198325-0.00102455j 0.00124599+0.000398326j -0.000284921+0.000364906j 0.000845051+0.000224658j 3.34651e-05-0.000844949j 0.00144496-0.00190708j 0.00158396+0.000428415j 0.000564123-0.00272907j 0.00123341-8.54304e-05j -0.00126821+0.00183423j -0.00124253-0.000322807j 0.000340213+0.00012502j -0.000433775+0.000327296j 0.00153822+0.000717499j 0.000240745+0.0019564j -0.00176767+0.0017948j 
0.00144255-0.000108499j -0.00256524+0.00315219j 0.00276378+0.00202374j 0.000626176+0.00455743j -0.00328918+0.00196972j 0.00253479+0.00437768j -0.00253469-0.0025213j -0.00632646+0.000404933j 0.0013862-0.00331406j -0.00032579+0.000446044j -0.00435653+0.00151374j -0.0035531-0.000190184j 0.00101291-0.000997558j -0.00247027+0.00134825j -0.000749651-0.000732024j 0.000640167-4.33232e-05j 0.000995606-0.000994127j 0.00120041+0.00153603j 0.00479974+0.00163523j -0.00458276-0.000965792j -0.000142341+0.000945916j -0.000598684-0.000926473j -0.00416524-0.00390117j 0.000843288-0.000579519j -0.00272593+0.00175791j -0.00180259+0.00119614j -0.000603028-0.0010659j 0.00125628-0.0019332j 0.00185061+0.00220301j 0.00215742-0.00176694j -0.000704535-0.000426886j -0.00187078+0.000914747j -0.00117038-4.7073e-05j -0.000505684-0.00128387j 0.00108384-0.00379867j -0.00146595+0.00228602j 0.00452646+0.0021863j -0.00201772-0.00233819j 0.000790377+0.00207023j -0.00216077+0.00282301j 0.000293839-0.00146433j 0.00225088+0.00143901j -0.00154428-0.00430134j -0.00166082-0.00181754j -0.00168506-0.00165915j -0.000610735-0.0011843j 0.00195164+0.00293012j -0.000841975-0.002093j 0.00161754-0.000806558j -0.000284675-0.00152662j 0.00178383+0.00219819j 0.00119388-0.00063462j 0.00324636-0.00129048j 0.000824724-0.000149433j 0.00179526+0.00241121j 0.000863998+0.000278318j 0.000586759-0.000802797j -0.000634803-0.00101075j 0.000435346-0.000133853j -0.0011181+0.00135589j 0.00116745-0.00274651j 0.000318169-0.00259163j 0.00108748+0.0027365j 0.0034694+0.000418715j -0.0014647+0.000427624j -0.00153156+0.00224783j 0.000750749-0.00135179j 0.00169222+0.000218143j 0.0007373+0.00142357j 0.00141981+0.00109144j 0.00106359-0.000244906j 0.00014822-0.00184659j 0.000802858-0.000817897j 0.000961595+0.000244266j -3.29427e-05+0.000904676j -0.000381067+4.32809e-05j 0.00156085+0.000405928j 0.00187153-0.00037532j -0.00129495-0.000462943j 0.00497589+0.00265564j 0.00102186-0.00247009j 0.00020514-0.000778568j 0.00449358+0.000502739j -8.94493e-05+0.00125422j -0.0021297-0.000702887j -8.34482e-05-0.00142913j 0.000764596-0.000711529j -0.00140116-0.000238666j 0.00101552+0.00104218j 0.00176496+0.00138264j 0.00823821+0.00166372j 0.00248725-0.00116247j -0.00138406+0.00733374j -1.41583e-05+0.00214654j -0.00771674+0.00168103j 0.000210981-0.00117819j -0.000336335+0.00227712j 0.00428796-0.00193885j -0.00152419+0.0032147j -0.00176676+0.00107614j -0.00315394-0.00354898j 0.00164027-0.00310541j 0.00122578+0.00100851j 0.000167698+0.00246291j 1.21146e-05-0.000906713j -0.00230866+0.00156226j 0.00356647-0.00156437j 0.00483289+0.00197027j -0.00508823+0.0035454j 0.00112782+0.00156807j -0.00220944-0.00149751j -0.00107815+0.00158298j -0.000802878-0.00194014j 0.00535695+0.00345383j 0.00512079+0.00104069j 0.00380236+0.000659475j -0.00052506-0.00410775j -0.00345317+0.00353302j 0.00271123-0.00426103j 0.000501621-0.0027782j 0.000811098-0.00508967j 0.00458129-0.000373481j -0.00103875-0.00101643j -0.0012563-0.00169381j 0.00361596+0.00257737j 0.00671517-0.00321459j -0.00216034-0.0041058j -1.7204e-05+0.000338131j 0.00259779-0.00173953j -0.0011574-0.00349466j -0.000415027+0.00798143j 0.000589597+0.00320359j 0.00217333+0.00372853j 0.000140917+0.0002349j -0.0017096-0.00174477j -0.000831859-0.0052525j -0.000195687-0.00686932j -0.00131986+0.00102462j -0.000174072+0.000618358j 0.00213115+0.000813814j -0.00299466+0.00289192j 0.00232822+0.00212014j -0.00374783+0.000406796j -0.00099074+0.00417845j -5.80057e-05-0.00287723j -2.60411e-05+0.000278345j -0.000157749-0.0012309j -0.00156831+0.00078216j -0.00215007-0.0016937j -0.00115815-0.00253349j -0.00442747-0.000716183j -0.00024639+0.0019852j 0.00277762+0.00101094j 0.002268-0.00124358j 0.000874498+0.000827815j 0.00133007+0.000175674j -0.00171321-4.07971e-05j 0.00150238-0.00106506j -0.00129692-0.000857052j 0.0013855-0.00202882j 
-4.59125e-05-0.00167565j 0.00122571-0.00259345j -0.0020574-0.00181282j 0.000470053-0.000599603j -0.00298416-0.000384434j 0.00100574-0.00263928j -0.00161873+0.00142778j 0.0027446+0.00182871j 0.00342527+0.0033007j -0.00133828+1.78003e-06j 0.000350376+0.000364401j -0.00165002-0.00224455j -0.000797979+0.00148541j 0.0002694+0.00127767j 0.000166708+0.00179009j 0.00203352-0.000504251j 0.00272597-0.00257229j -0.00167035-0.000216288j -0.0010713+0.000726609j -0.00181158+0.00454658j -0.00237876+0.0035621j 0.000256106+0.0039404j -0.00249127+0.00133076j -0.00190525-0.00179911j -0.00125888+0.000401263j -0.00103584-0.00147283j -0.000241493-0.0028293j 0.00184176-0.000128145j 0.00149339-0.00239862j -0.000201328-0.0026161j -0.000156087+0.00017924j -0.000713305+0.000567421j -0.00420929+0.00245809j 0.00378991+0.00347493j 0.00370987-1.21804e-05j -0.00516202-0.00304467j -0.00424724+0.0054563j -0.00190813-0.00338462j -0.000761735+0.000417965j 0.00116357+0.00544515j 0.00284619-0.00209597j 0.00581377+0.00557534j -1.38795e-05-0.00302652j 0.0011554+0.00188394j -0.00214513+0.000948144j 0.000174406+0.00212493j 0.00573851-0.00464186j 0.000982958-0.00203915j -0.0079904+0.00161224j 0.00212071-0.00310724j 0.0048681+0.00562846j -0.000830886+0.001017j 0.00176548+0.00157326j -0.0011234-0.00719119j 0.00267957+0.00137824j 0.00417733+0.000955664j 0.00323855+0.00063328j 0.00329371+0.000662199j -0.000519538+0.00321883j 0.00154752+0.00365347j -0.00151231-0.0039676j 0.0013423+0.00218614j -0.00179583-0.000551668j 0.00222582+0.00469128j 0.000780027-0.000280977j 0.000793138+0.00046863j -0.000111471+0.000398821j -0.00206512+0.00287774j 0.00111976-0.000124767j 0.000690998+0.000214959j -0.000205997-0.00254251j -0.00185322+0.00030067j -0.001093-0.0022841j -0.00135797-0.000807734j 0.00268612-0.00135363j 0.00217746-0.000357173j 0.00140182+0.000930949j 0.000190626+0.000590165j 0.000803622-0.00185522j 0.000554695-0.00335977j 0.00111208-0.00192147j 0.00117215-0.000674225j 0.000796995-0.00326054j 0.00174664-0.000837227j 0.00140264-0.00110673j -0.00127211-0.000350381j -0.000113095+0.0030695j -0.000555532-0.00197594j -0.00198189-0.00151832j 0.00113587+0.00250656j -0.00355817-0.00103257j 0.000307094-0.00117546j 0.00385747-0.00319556j 0.000840199-0.00402608j 0.00256925-0.00657321j -0.00147537+0.00274668j 0.000440848+0.00417363j -0.00266324+0.00170093j 1.96403e-05-0.000136291j -0.00137434-0.00221594j 0.00364025-0.000714708j -0.00093945+0.00133671j -0.00595039-0.00197538j -0.000891447-0.00183505j 0.000307927+5.15962e-05j -0.00274598+0.00429023j -0.000833471+0.00218162j -0.00453191-0.000426537j -0.00169883-0.00126522j -0.00374072-0.00408981j -0.000816777+0.000873796j -0.00139875-0.000887688j -0.00185004-0.00141487j -0.00280386-0.00050293j -0.00122901-0.000592738j 0.000112731-0.00260021j 0.000563796+0.000469514j 0.00161412-0.00382568j 0.000467087+0.000261356j -0.00328054+0.000269459j -0.000147748+0.0012492j 0.00205908-0.00191718j -0.000322683+0.00099327j 0.00316013-0.00243863j -0.00106127-0.000834672j -0.000106488+4.19326e-07j 0.000598756+0.00285225j 0.000909973+0.00241101j -0.00144346+0.000696474j -0.000788113+0.00232524j -0.00241056-0.00303344j -0.00333032-0.00309675j -0.0032286-0.00358651j 0.0014091-0.00200699j 0.00128216-0.00350448j 0.00120885+0.000486276j -0.00269759+0.00187696j -0.000537755-0.00231995j 0.000768118-0.00154123j 0.000491252+0.00112992j 0.000284355+0.000287095j -0.00308872+6.9858e-05j 0.00246414+0.000763766j -0.000849406-0.000545759j 0.000898447+0.00168286j 0.00228497-0.00260875j 0.00084175-0.00010579j 0.000893796+0.00187894j 0.00221496+0.00118683j 0.00125555+0.0016632j 0.000853853+0.00118529j 0.00124821+0.00129816j 0.00201791-0.00090367j -0.000941824+0.00146852j -0.000638663-0.000262299j -0.00129256+0.00059667j -0.000135858-0.000808148j -0.00176038-0.000680854j 0.00120613+0.000856276j -0.000106326+0.000613384j 
-0.00047612-0.00106456j 0.00139346-0.00126229j 0.00225041-0.000393781j 0.00199439+0.000270004j 0.000875997-0.000629496j 0.000395092+0.00334982j -0.00172445+0.000788305j -0.00112769+0.00119233j -0.00207452-0.0012462j 0.000349983+0.00128466j 0.000625289-7.28554e-05j 0.00020689-0.000124206j 0.000430063-6.79911e-05j 0.00166321-0.000771734j -0.000709059+0.00113745j -0.00118789+0.000619619j -0.00248652+0.00138532j -0.000336172+0.00106548j -0.00162311-0.00227601j 0.00361973-0.00200865j 0.00055311-0.00319846j 0.00139122-0.00126176j 0.00281064+0.00203673j 0.00180661+0.00295405j 0.000580042+0.00022512j -0.00117623+5.40256e-06j 0.00138856+0.000870904j 0.000753235-9.7199e-06j -0.000278308-0.00216652j -0.00039144-0.000476357j 0.000635245+0.000762353j -0.00223642+0.0010492j 0.00101486+0.00207112j 0.00202086+0.0017706j 0.00149331+0.0011419j -0.00356231+0.00191122j -0.000415791+0.00621124j -0.00016982+0.000544944j -0.0050794+0.00142671j 0.000390886-0.00230735j 0.0035674-0.00470396j 0.00411284+0.00403865j 0.000101129+0.00132901j 0.00474765+0.00432961j 0.000378519-0.000107869j -0.000186736+0.00331496j 0.00600004-0.00754988j -0.000206268+0.00337509j 0.000651165-0.00451975j 0.00347713+0.00392444j 0.000828466-0.00105439j -0.00243476-0.00190294j -0.00274608-0.00308815j 0.00343317-0.000615241j 0.00140209-0.00100476j 0.00109725+0.00302244j 3.72105e-05-0.00380838j -0.00324543+0.00286015j 0.0031681+0.00196776j -0.00374911-0.00338077j -0.00424984+0.000919829j 0.00202458+0.00395291j -0.000715016+0.000455494j -0.00257349-0.00136247j -0.000104295-0.0020193j 0.00112982+0.000475276j 0.000302402-0.00189713j -0.000131394+0.000761413j 0.000916489+0.000127631j 0.000860219+0.000459313j -0.00184057+8.79678e-05j -0.000544129-0.000497388j -7.47687e-05-0.000665496j -0.00118372-0.000295547j -4.22583e-05-0.0022884j 0.00022927-0.000604087j 0.000836757-0.00070512j -0.0001803+0.00201634j 9.95875e-05+0.00126312j -0.00222597-0.0012558j 0.00144804+0.00121528j 0.00237103+0.00130523j -0.00048807+0.00134397j -0.000282363-0.00121938j 0.00139125+0.000886914j -0.00121025-0.000549189j -0.00168556-0.0020569j -0.00260468-0.00137258j -0.00308207-0.00560238j 0.00244024+0.00163195j -0.00199931+0.00426808j 0.00144799+0.00507621j 1.22481e-05-0.00324994j 0.000937536-0.00257514j 0.000218381-3.66142e-05j -0.00382573-0.00185601j 0.00160908+0.00317817j -0.00317237+0.000401527j 0.000821011+0.00541031j 0.00039317-0.000152697j 0.00269249+0.00195216j 0.000343445-0.00216577j -0.00264571-0.00416956j -0.000625881+7.27471e-05j 0.0025995-0.0043105j -0.00534105+0.00257197j -0.00240092-0.00273331j -0.000747044+0.00242246j -0.00077719+0.00227617j -0.00173516+0.00307721j -0.00432058-0.00561432j -0.00306205-0.00270019j -0.00199939-0.00262799j 0.00273376+0.00523183j 0.00312722+0.00385621j 0.00756654+0.000992871j 0.00278731-0.00419921j 0.000737774+0.00318289j 0.00216253-0.00394848j -0.00370055-0.00449074j -0.00111917+6.18831e-05j 0.00264591-0.00193651j -0.00135635+0.00057891j 0.00185755+0.00227454j 0.00137356-0.000428657j -0.0031459-0.0038951j -0.000148982-0.00275549j 0.000510754-0.00196398j -0.000241698-0.0027253j 0.00229351+0.00116924j 0.000301091+0.00120748j -0.00182485+0.00108732j 0.00115409+0.00193577j 0.00262069+0.00161565j -0.00117177+0.00395802j 0.00132062+0.000474291j 0.00168448-0.000779524j -0.000454486-0.000600652j 1.7343e-06+0.000999889j -0.00144242-0.000103114j 0.000845379-0.000689882j 0.00167717+2.24098e-05j 0.000403217-0.00245906j 0.00248107+0.000111701j 0.00056433-0.00269652j -0.000497427+0.00127193j 0.000802696-0.000108312j 0.00033415+0.000273011j 0.000547658-0.00062294j -0.000648844+0.00160461j -0.000239195-0.00187437j -4.99713e-05-0.00130654j -0.00181802-0.000300938j -0.000986608-0.00117235j -0.00020112-0.0006596j -0.000408721+0.000898736j -0.000800454-5.22137e-05j -0.000266852+0.000554493j 0.00105011-5.79443e-05j 7.07506e-05+0.00110431j 
0.00266274-0.000375864j 0.000593196-8.2454e-05j -0.000262256-0.00368046j 0.00454998+0.000217311j -0.0027419-0.00411922j 0.00240297+0.00372642j -0.00524821-0.000411328j -0.00331591+0.00410028j 0.00294426+0.000491813j -0.000752422+0.00364027j 0.000355504+0.000903127j -0.00670261-0.00212953j 0.00204636+0.000816803j -0.000419856+0.00260081j -0.0045926+0.000749659j -0.00256832+0.00318386j 0.000439538+0.000849639j 0.000732283+0.00167469j 0.00334657+0.00107329j 0.000597655-0.00368652j 0.00108843-0.00129817j 0.00240043-0.00317381j -0.000556864-0.000634656j 0.00261287+0.00395441j -0.00125012-1.85618e-05j -0.00111937+0.00168242j 6.12572e-05+0.00146928j 0.000841349-0.0017754j 0.00320521-0.00185399j 0.00353603-0.00215268j -0.0022936-0.00186401j -0.000543849-0.0006002j -0.00493029-0.00104415j 0.00623874+0.00471785j 0.00142199-0.00144541j 0.00198616-0.0046352j -0.00327184-0.00339407j -0.00228538-0.00156403j 0.000171374+0.00118631j -0.00156263+0.00283802j -0.0053518-0.00557426j -0.000292647-0.00232072j 0.00123938+0.00201406j 0.0012057-0.000578321j -0.00394319+0.00321978j 0.00108125+0.00463221j 0.00269966-0.00137808j -0.00353836+0.00436175j 0.000815947-0.00742371j 0.00197696+0.00378838j 0.000942487-0.00329944j -1.42931e-06+0.00252437j -0.00132543+0.00145815j -0.000525227+0.00107458j -0.00285144-0.00222999j 0.000364451+0.00266265j 0.00137761-0.00556327j 0.000554957-0.00164169j -0.00469031+0.000651817j -0.00604903-0.00114025j -0.00302823+0.000101837j 0.00137109+0.000930345j 0.000450291+0.00110539j -0.000781424+0.00177584j 0.00139579-0.000914499j 0.00162812+0.00299416j 0.00179673+0.000544304j -0.000371401+0.000735424j 0.00233786+0.000907543j 0.000679236+0.000543032j -0.000644816+0.00158768j -0.00283385+0.000429317j 0.0012024-0.00194655j 6.93794e-05-0.00233185j 0.00219516+7.97278e-05j 0.00264633+0.000607287j 0.000557732+0.00165455j 0.000149306-0.00280891j -0.00204174-0.00356196j 0.00362346-0.000489887j -0.00209604-0.00350539j -0.000607345+0.00486536j 0.00145882-0.00277847j 0.00340068+0.00191371j 0.00325455-0.00201736j -0.00175348+0.00383j 0.000583637+0.00366368j 0.00264003+0.00105937j 0.00372213-0.000414667j -0.00666218+0.00366796j 0.00123253-0.00827532j 0.00130094+0.000374172j 0.00434186+0.00248492j -0.00238883+0.00665114j 0.00710858-0.000574846j 0.00744426-0.00468512j 0.00120851+0.00141137j 0.00237709+0.00297302j -0.00352235-4.35026e-07j 0.000769243-0.00150109j 0.00257781-4.98565e-05j 0.000397244+0.00639454j 0.00520398+0.000795314j -0.00598003-0.00104161j -0.000828874+0.00136104j 7.36005e-05-0.000286504j -0.00251955-0.000783109j -0.00075586+0.00375812j 0.0047552+0.00455353j 0.000321915-0.00147362j 0.00289212+0.00349825j 0.00251438-0.00164189j 0.000328648+0.00200306j -0.00272639-0.00158474j -0.00187468-0.00768452j -0.00720403-0.00482635j -0.000967983+0.00503125j -0.000223629-0.00228485j -0.0025954-0.00399505j 0.00467573+0.00369492j -0.000379471+0.000133007j -0.00207443+0.00179735j 0.0090797-0.00216518j -0.0025472-0.00508086j 0.00417616+0.000347761j -0.00091016-6.10364e-05j -0.00089548-0.00223741j 0.001774-0.0016737j 0.00056578+0.000493312j 0.000590327+0.000677015j 0.000675211-0.0081005j 0.000413576-0.000403084j -0.00242956+0.00109897j -0.00111427-0.000105126j 0.000824148-0.00176598j 0.00207235-0.00428444j -0.00251578-0.00200284j 0.00335009-0.00167572j 0.000621618+0.00240645j 0.000910589-0.00210304j 0.000796518+0.00103408j -0.00302265-0.000344087j -0.0021308+0.00163185j -0.000530147-0.000182226j -0.00249141-0.00194449j 0.000386179-0.000886272j -0.000682794-0.000881584j 0.00150265+0.00156471j -6.56473e-05+0.000661101j -0.00210057-0.00100815j 1.35558e-05+0.00172847j -0.000594261-0.000882722j 0.00308849+0.000409866j 0.000311659+0.000264692j 0.00110329+0.000831124j 0.000655372-0.000424976j 0.000666648-0.000927219j -0.0007036-0.00180685j -0.00152173+1.85031e-05j -0.000509333-0.00145588j 
-0.00179232+0.00281933j -0.00161352-0.000604756j -0.00158971+0.00337512j -0.00460405+0.00228933j -0.00432273+0.00190112j -0.00417858-0.00221495j 0.00323822-0.00618596j -0.0018719-0.000904187j -0.00159162-0.000441021j -0.00274204-0.00421982j -0.00271379+0.00273796j 0.000273386+0.000951153j -0.00172744+0.00229629j 0.00136469+0.00132079j 0.000636042+0.000458815j 0.00155868-0.000226922j 0.000577213+1.6839e-05j -0.000584675+0.00169702j -0.00367335+0.000491031j -0.00174458-0.00271953j -0.00360743-0.00106898j 0.000170039+0.00341739j -0.00147152-0.000604573j -0.000899497-0.00103551j -0.00147495+0.000828432j 0.000428792+0.00107861j -0.00027696+0.000603183j 0.000284768+0.000137461j 0.000728102-0.00020169j 0.00139311+0.000411582j -0.00325299+0.000504458j 0.00101069-0.00049507j -0.0024012+0.00105283j 0.0041638+0.000636595j -0.00297099-0.00127813j -0.00323085-0.00258114j -0.00631437+0.00430288j 0.000693096+0.000254495j -0.0045424-0.00219484j 0.000528482-0.00114855j 0.00486384-0.000428773j -0.00100646+0.00161372j -0.00217243+0.000587502j 0.00530099+0.00469804j 0.00448383+0.00188574j 0.000435681+0.0029737j -0.00379979-0.0042563j -0.00116123+0.000411585j -0.00374775+0.00596004j 0.00136903+0.00185702j 0.00103421+0.000303144j -0.00329995+0.00195407j -0.00298807-0.00114392j -0.000660504-0.00466036j -0.00190137+0.00128298j 0.00488331-0.0022239j -0.00109129+0.000667856j -0.0021128+0.000683369j 0.00285512+0.000121352j 0.00228435-0.00254587j 0.00244462-0.00214726j 0.000248773+0.00391397j -0.0019698-0.00325141j 0.00146266+5.98303e-05j -0.000134208+0.002173j -0.00092645-0.00242896j 0.000337826+0.00145824j 8.69974e-05+0.00238985j -0.00277454-0.0013004j 0.00249359-0.0016817j 0.00142946+0.000345414j 0.00189469+0.000844303j -0.000308572-0.00198859j -0.00109403-0.00234463j -0.000988421+0.000185662j 0.00058553+0.000376534j 0.0010331+0.000491356j 0.000666843-0.00153302j -0.00317352-0.00217566j 0.00613183-0.000375431j 0.000504891-0.000930442j -0.00231518+0.00163485j 0.000268002-0.000654048j -3.7537e-05-0.000383824j -0.00126938-2.60894e-05j -0.000810083+0.0020903j 0.00156276-0.000779693j -1.46033e-05+0.00116113j 0.00139968+0.00190715j -0.00333614-0.000483466j -0.00213326-0.00244913j -0.00281186-0.00170546j -0.00381641+0.00629664j 0.0016438+0.00248652j -0.00374856+0.00169553j -0.000964932+0.00279343j -0.000493462+0.000892944j 0.000889571-0.00336362j 0.00214786-0.00178533j -0.00468643-0.00421902j 0.00183571-0.00144735j -0.00116542+0.00338469j 0.00354296+0.0059111j 0.000678374+0.00464995j -0.00386358+0.0032144j 0.0065329-0.00144144j 0.000514023+0.00231544j 0.000474017-0.00390075j 0.00421166+0.000156811j 0.00396419+0.00221592j 0.00309732+0.00146278j 0.00130868+0.00479866j -0.00180676-0.00406085j -0.00372498-0.00518201j 0.000438082-0.00145835j -0.00664855-0.00359111j -0.000179847+0.0058562j -0.00114986+0.00157646j -0.00365298+0.00193404j 0.00350247+0.000124586j -0.000123776+0.00014154j -0.00698147-0.000290321j -0.001336-0.00231636j -0.00246816+0.000584192j -0.00314266+5.53836e-06j 0.00190501+0.000362721j -0.00342847-0.00171352j -0.00240493+0.00105641j 0.00330796+0.00141655j -0.000312975-0.00230098j 0.00113614+0.000915407j -0.000457956+0.00312545j 0.000702953+0.00214454j 0.00110811-0.00103297j -0.00293318+0.00154447j 0.000338579-0.000810561j -0.00079145+1.97742e-05j 0.00140408+0.000903361j -0.0020991+0.00217067j -4.04286e-05+0.0016719j -0.00139945-0.000875164j -0.00122619+0.00430885j -0.00623564-0.00119392j -0.000412836+0.000330708j 0.00184849+0.000685294j -0.001093-0.000462245j 0.000924844+0.0012142j -0.00132488+0.000648843j -0.000116362-0.00130528j 0.000303835-0.00238974j 0.00102563+0.001551j 0.000359734-0.000389867j 0.000768641+0.00137323j 0.00242947+0.000283206j 0.000923357+0.00231614j 0.000783523-0.00047302j 0.00088744+0.000469582j 0.00263542-0.00118615j -0.00105722+9.95294e-06j 0.000707136-0.000573521j 
-0.00373172-0.0025759j 0.00246171-0.00352839j 0.000550335+0.00373306j -0.00061854-0.00091464j 0.0071184-0.00125783j -0.00431305+0.00442232j 0.00231233+0.00177639j 0.00229472-0.00283612j -0.00597599-0.00474934j -0.00115303+0.00300649j 0.00409739-0.00446985j 0.00521671+0.00161373j -0.00110843-0.00122963j 0.00122709+0.00240347j -0.00261175+0.00290635j 0.00168078+0.0021739j 0.00222454-0.00257742j -0.00266276-0.001071j 0.000699386-0.000454978j 0.000219322-0.000739546j -0.00199039-0.00210584j 0.000103737+0.000505092j 0.000499663-0.0018041j -0.000378217-0.000809581j 0.00257736+0.00287729j -0.00212834+0.00352531j -0.00426248-0.00140379j -0.000961154-0.00153154j 0.00431929-6.12863e-05j -0.000130334-0.00392565j -0.000928099-0.000412875j 0.00116785-0.00342279j 0.00046437+0.00167323j -0.00240358+0.000890765j -0.0015009+0.00680149j -0.000572586+0.000260133j -0.00177261+0.000733129j -0.000111619+0.000535326j -0.00364163+0.00250175j -0.00836737+0.00410906j 0.000522435+0.00496216j -0.00403607-0.00231877j -0.0024524-0.000372081j -0.0018521+0.00127629j 0.00367507-3.37398e-05j 0.00192589-1.12082e-05j -0.00170339+0.000670019j -0.00158531-0.00285276j -0.0021961+0.000534452j 0.000857961+0.000133096j -0.000710194-0.00028791j -0.00154609+5.04081e-05j -0.000533131+0.00162027j -0.00430514-0.000940202j 0.000948931+0.00218224j 0.00475804-0.00194599j -0.0030251+0.00162844j -0.00302446-0.00339569j -0.00137805-0.000963362j 0.00124614+0.00225379j 0.00325892-0.00189579j -0.000190139+0.00344932j -0.00127087-0.000937234j -0.000645143-0.00296497j -0.00277587+0.00466318j -0.00186385+0.00189637j 0.00144567-0.00200455j 0.00271319+0.00261901j 0.000460296+0.000296355j 0.00125986+0.00112205j 0.00467362-0.00123195j -0.00155378-0.0009347j -0.00167557-0.000419589j 0.00158105-0.000653865j 0.00167642+0.000640599j 0.00129949+0.00197372j 0.00267855-0.000453753j 0.000541888-0.000738773j -0.00502552-0.00315774j 0.00579792-0.00509815j -0.00261776+0.00191952j -0.00536347-0.000807213j 0.000283235-0.00278825j 0.00354826-0.00321031j 0.00120812-0.000893041j 0.00132997+0.00861046j 0.00434772-0.00102088j -0.00107026-0.00106084j 0.000286875-0.00104026j -0.00080706+0.00130741j 0.000259517-0.00120319j -0.00100936-0.00194793j -0.00160504-0.00483106j -0.00270064-0.0019818j 0.00052856+0.000414015j 0.00145341-0.00281762j 0.00135336+0.00073924j 0.00138533+0.00174314j 0.00117131+0.0033083j -0.00146786-0.00232296j 0.00336884+0.00118943j -0.00057462+0.00376586j -0.000741245-0.00259225j -0.00112138-0.00166647j -0.0032388-0.00070946j -0.00323327-0.000258482j -0.00106648+0.00172767j -0.00261502+0.00256428j 0.000592983+0.0048427j 0.00259793+0.000727468j -0.00337154-0.00425551j -0.00252541-0.000147384j -0.00203378-0.000741215j -0.000267268-0.000596048j -0.00294499-0.000770487j 0.00151336+0.000686188j -0.00106598+0.00242442j -0.00230906-0.00313021j -7.18023e-05-0.000563636j -0.00192461-0.00143152j 0.0012394-0.00393203j -0.00121343+0.00078017j 0.00420658-0.0036944j -0.00123533-0.000883429j 0.000602395+0.000479519j -8.48373e-05+0.00233218j 4.65342e-05-0.00130016j -0.00195205-0.00247186j 0.00177062+0.00328421j 0.00223965-0.00165063j -0.000732864-0.0018281j -0.00331489-0.000734113j -0.00256224+0.0024382j 0.000253156+0.00357503j -0.000868529+0.00238636j 0.000396334-0.00145282j -0.00241899+0.00427184j 0.000588027+0.00194388j 7.6155e-06+0.0058881j 0.00166103-0.000732452j 0.00260591-0.000492329j -0.00154013+0.00119524j -0.00314439-0.00173813j -0.000683251-0.00275425j -0.00139722-0.00444678j 0.00370112+0.00270355j 0.00129764+0.00112052j -0.00107309+0.00135663j -0.00152305-0.000644189j -0.000795475+6.37439e-05j -0.0012356+0.000209405j 0.000206128-0.00345411j 0.00264941+0.000852283j -0.00390379+0.00193801j 0.00122275+9.74456e-05j -0.000183826-0.000790337j -0.00249332-0.00100308j -0.00127473+0.00100644j 0.000608754+0.000171j 0.000280961-0.00156951j 
-0.000324674+0.000811853j -0.00210898+0.000409208j -0.000891997-0.00406973j 0.00240245-0.00356882j -0.000345903-0.00278244j 0.00207425-0.00355923j -0.00145773+0.00171373j 0.0011986+0.00118164j 0.00226513+0.00288474j 0.00234907+8.85657e-08j 0.00120341-0.00112173j -0.00254056-0.00121532j 0.00178395-0.0001169j -0.0006672+0.00126057j 0.000986301-0.00257348j -3.98278e-05-0.000709809j 0.00270026-0.00685551j -0.00575499-0.00318843j 0.00615529+0.0023975j -0.00264274+0.00647738j -0.00173485-0.00139464j 0.00469162-0.0014619j 0.00296668+0.00084138j 0.00144296+0.0046873j 0.000161004+0.00212591j 0.00417008-0.0023314j 0.0013752-0.00341859j 0.00134412+0.000508324j -0.000439641+0.00291716j 0.00099517+0.00192898j -0.000276703-0.000226124j -0.00115549+0.000326966j 0.00133348+0.000337653j -0.00778721+0.00127552j -0.00185636+0.00480208j 0.00176576+0.00510828j 0.00056985-3.86299e-05j -0.00140535+9.53884e-05j -0.00404487-9.39605e-05j -0.000775988-0.00549467j 0.00172414-0.000201764j 0.00338585+0.000643706j 0.000917237+0.0015125j 0.000519574+0.00360305j 0.000469741-0.00384892j -0.00150972+0.000625358j 0.00254317-0.00230681j 0.0030682+0.000362365j 0.000907463-0.00145425j 0.000695887+0.000819028j 0.000882092+0.00180597j -0.000183466-0.000579924j -0.00100752-0.000399591j 0.00197036+0.000813001j -1.47441e-05-0.000887411j -0.00403505+0.00316076j -0.000811957+0.000296176j 0.00158625+0.00338886j 0.00303325-0.00141691j 0.000669691-0.00111273j -0.00272289+0.00250964j 0.000264372+0.00188656j 0.000646536+0.00115334j -0.00226646-0.00148052j -0.000249753-0.00196228j -0.00150158-0.000241123j 0.000729668-0.000906167j -0.000229573-0.000853618j 3.29033e-05-0.000237183j -3.49974e-05-0.000474027j -0.000149694-0.00142556j 0.000210747-0.000218235j -0.000345562-0.000490056j 0.000200248+0.000384611j -0.00209125-0.00193765j -0.00193711+0.000543753j 0.000483281-0.000438162j -0.000931207-0.000563329j -0.00299598-0.000355875j 0.000599459-0.00106636j 0.00054427-0.00124954j 0.000303827-0.00470174j 0.0016799+0.000111564j 0.00288849-0.00116156j 0.0019754+0.00314586j -0.00297296-0.000424652j -0.00313995+0.00173412j 0.0023801+0.00102285j 0.00196665-0.00373838j 0.00272881-0.000374497j -0.000310553-0.000709945j 0.00340642+0.00166882j 0.00547995-4.72496e-05j 0.00184374-0.00270398j 0.00318601-0.000383462j -0.00061956+0.00267724j 0.00210886+0.00272215j 0.00202816+0.00347307j -0.00149745-0.000937003j 0.00233949+0.000445589j 0.00237873+0.00273906j -0.00334716+0.000498466j 0.000643727+0.000622772j -0.000646187+0.000868452j -0.0010011-0.000282928j -0.00267184+0.000612698j -0.000164098-0.00260682j 0.00148477+0.00247121j 0.00242017-0.00249687j -0.00361417-0.00207471j 0.000503621+0.00107717j -0.00235244+0.000362008j 0.00196477+0.00171737j 0.000847564-0.00101548j 0.000864784+0.00160702j -0.00309736-0.00128326j 0.00241951+0.000520333j -0.000480461-0.000403602j -0.000125728+0.000220208j 0.00132735-0.000673579j 0.000255159+0.0042679j 0.00148381-0.00081463j 0.00143942+0.000133975j 0.00174426-0.000380341j 0.00126007+0.00171671j -0.000571838+0.000341016j -0.00283493+0.00208528j 0.00150388+0.00129164j -0.0010074-0.000432502j -0.00211838+0.00318337j -0.00316558-0.000466624j 0.000652642-0.00433301j -0.000313816-0.0019884j -0.0010042-0.0020798j 0.00266685-0.00131697j -0.00146514-0.000666055j 0.00329829-0.000315336j 0.000568025+0.000187076j 0.000857101+0.0017782j -0.00205201-0.00129536j 0.000425419-0.000101876j 0.000832229-0.00128778j 0.00045919-0.000379995j 0.00112243-0.000148092j 0.00106255-0.000332669j -0.00103026-0.00112356j -0.000708928-0.00180617j 0.0015273-0.000578441j 0.0023463+0.000321968j 0.00228493+0.0014602j 0.0014905-0.000328333j -0.00139581+0.00208779j -0.000566123-0.000402565j -0.000197105-0.00070595j -9.53725e-05-0.000208913j 0.000500597-0.000347404j 0.000954288-0.000338032j -0.00167183-0.00170329j -0.000271077-0.000155822j 0.000486804-0.000364467j 
0.000913589+0.00340855j -0.00395153-0.0012154j 0.000505195+0.00277007j -0.00393912+0.0056902j -0.00388974+0.00694473j 0.00379729+0.00305486j -0.00155435+4.4892e-05j -0.00067835+0.00112805j -0.00161606+0.000307074j -0.00477661-0.0014341j -0.00344287+0.00406187j 0.00183922+0.00280701j -0.00187055-0.000661109j -0.00305444-0.00351368j 0.00253635-0.00189018j 0.00152935+0.000472011j 0.000544566-0.00217971j -0.00222713-0.00248514j 0.0044813-0.0049133j -7.50374e-05+0.00125495j 0.000115241-0.00645052j -0.00121208+0.00285603j -0.00169237-0.00157025j -0.0024151+0.00152769j -0.00107489+0.00534985j -0.00298424+0.00553815j -0.00473387-0.000573434j -0.000419241-0.00335712j -0.00456794+0.000179994j -0.00297884+0.00553266j -0.0024084+0.00168351j 0.000338359-0.00350226j 0.00176954+0.000952626j -0.00841114-0.00145247j 0.000482194+0.0047625j -0.00488719+0.00269402j -0.000374657+0.00468798j 0.0011483-0.00110591j -0.0031916-0.000912418j -0.00335744-0.00023545j 0.00178747+0.00347961j 0.00426718+0.00127135j -0.00178384-0.0027457j -0.00208316+0.00486869j 0.00128674-0.00219687j 0.00327186-0.00133792j 0.00655103-0.00468576j 0.0051581+0.000780089j -0.00405157-0.00115818j 0.000802443-0.00347927j 0.000534146+0.000963523j -0.000183632+0.00032833j -0.00329147+0.000612904j -0.00389665-0.0012003j 0.00398271-0.000539586j 0.0005335-0.00133452j 0.00085032+0.000739532j -2.75988e-05+0.00343281j 0.00396891+0.00055624j 0.00267659+0.00530301j 0.000581397-0.00198715j -0.000863816+0.00525073j -0.00118534-0.00223228j -0.00278961-0.00117491j -0.000855891+0.000272566j -0.00196745-0.00174079j 8.16482e-05+0.000169847j -0.000596744+0.000561854j 0.000723972-0.0035704j -0.0018621-0.000181842j 0.00140473-0.00220171j -0.000210632+0.000128942j 0.000417105+0.00155829j -0.00165765+0.000472654j 0.00234076-0.00128598j -0.00176047+0.00167808j -0.00292776+0.00084255j 0.00135574-0.0025617j -0.00159731-0.00326875j -0.00225231+0.000622716j 0.00280401-0.00280242j 0.00450606-0.00375142j 0.0014612+0.000499352j -0.00375864+0.000528792j -0.000973858+0.00364462j -0.00106637+0.000797291j -0.00239101+0.000320389j 0.0013777+0.00547863j 0.00299446+0.00342816j 0.00213371-0.0015723j 0.00445163+0.000283602j 0.00342961+4.44136e-06j 0.00111959+0.000735457j -0.0028386+0.000882059j -0.000513079+0.00520481j 0.00606801-0.00296337j 0.00178409+0.00033924j 0.00255729+0.00641336j -0.00120623-0.00588111j 0.00219355+0.00184066j -0.00272239+0.000139012j -0.00530113-0.000720225j 0.00229459+0.000825075j -0.00154139-0.00228346j -0.000431729+0.00248031j 0.00131102-0.00174482j -0.000788349-0.00581544j 0.00457515+0.00411032j 0.0018119-0.00376472j 0.000470604+0.00106279j 0.000881445+0.00432399j 0.00183618+0.000712031j 0.00497719+0.00431816j 0.00183744+0.000531125j 0.00161292-0.00281995j -0.00344622+0.0026834j -0.000628394+0.00278391j -0.000699498-0.00125319j 0.00217531-0.00116701j 0.00345146+0.00403588j -0.000599933-0.00235665j 0.0019246+0.00464398j 0.00102844+0.00100224j -0.00499931-0.00165225j 0.0013833-0.00282932j -0.000526262+0.00220844j 0.000896166+0.000116931j 0.00135531-0.00267478j -0.00114828+0.00112405j -0.00263041-0.00199378j 0.00109748-6.33185e-05j 0.00202618+0.000774047j 0.000405955+0.000548365j -0.00472986+0.000754241j 0.00518935+0.00133931j 3.73381e-05+0.00102764j 0.00240829-0.000539079j 0.000883653+0.00163442j 0.0013204-0.00205804j 0.00131368+1.46567e-05j 0.00246579-0.00101666j 0.000137065-0.00157847j -0.00030256-0.000931929j 0.000370369+0.00307397j -0.00127084-0.00146275j -0.00176052-0.000162757j -0.000632999-0.000773706j -0.00111399-0.00191123j -0.00386973+0.00047631j 0.000647062+0.000819357j -0.00127874+0.00243386j -0.00103319+0.00190829j -0.00195131+0.000601785j -0.00373281-0.0020484j 0.000912559+0.000534331j 0.000951032-0.000458771j -0.00159871+0.000207349j -0.00442374-0.000419656j 0.0035404-0.000144998j -0.00134928+0.000215501j 
-0.00216927-0.00231638j 0.00473837-0.0034179j -0.00141606-0.00156562j -0.000193418-0.00395122j 0.000413935-0.00256866j -0.00166923+0.00260083j -0.00168969-0.00127168j -0.000450301+0.00273308j -0.00571855+0.00163328j 0.00017778-0.00266195j 0.00197057-0.000661543j 0.00101675+0.000154602j 0.000362493-0.00014854j -0.00153564-0.000549816j 0.000809797-0.00170191j -0.000692344-0.00360072j 0.00035362-0.00207592j -0.00588359-0.00318754j -0.00616282-0.00386009j 0.00645598+0.00758173j 0.000596713+0.000115392j -0.00108978+0.00674367j 0.00463632+0.00490738j -0.00355678-0.00101824j -0.000559331-0.000747034j -0.000836204-0.00424385j 0.00106115-0.00367437j 0.00153376+0.00229068j -0.0016181-0.00182231j -0.00131916+0.00218272j -0.000571962-0.00297633j 0.00376253+0.00258731j -0.00323162-0.00287537j -0.000724127-0.000619452j -0.00303843+0.00319751j 0.00100999-0.00406984j -0.00147521-0.00649018j 0.00408206-0.00119342j 0.00114498-0.00135928j -0.00614166-6.07095e-05j -0.0031965+0.00145036j -0.00463981-0.00225672j 0.00253769-0.00254784j -0.00139278-0.00187251j -0.00240527-0.00225426j 0.000156029+0.00322286j -0.00251179+0.00481841j -0.00135961-0.00310895j -0.00146324-0.000629569j 0.00025746-0.0011461j 0.000354758-0.000494669j 0.00232481+0.00539795j 0.00124678+0.00441265j -0.00454264+4.8216e-05j -0.00283063-0.000818702j -0.00205903+0.000199038j 0.00102791+0.000821662j 0.00468073-0.00282133j -0.00296023-0.00250788j 0.000690528+0.00122237j 0.0012051+0.000998781j -0.000281007+0.000135668j 0.00181091+0.000353101j -0.00186167+0.000598828j 0.00193733-0.000154755j -0.00259975-0.00369173j 0.000104523+0.00166155j -0.00217299-0.000464299j 0.00137839-0.00160839j 0.000734017-0.001533j 0.000414167-0.00144126j 0.00284444-0.00158j -0.000852142-0.00133429j 0.00157531+0.00064861j 0.00315224+0.000562558j -0.00123587-0.000854273j -0.00124108+0.00137349j 0.000818194+0.00123975j 0.00203558-0.00458968j 0.00134705+0.0037395j 0.00424741+0.000867841j -0.00156689-0.00182804j 0.00213467-0.000678456j 0.00127789+0.00270532j -0.00541606+0.0022042j -0.00153716+0.00181496j -0.00310174-0.00126138j -0.00148611-0.00307527j -0.00215202+0.00134203j -0.0017471+0.00433051j 0.000222764+0.000429927j -0.000300124-0.000241725j 0.00113783-0.00321796j -0.00245608-0.000139625j 0.00189578-0.00075678j 0.000519713+0.000390856j 0.00547222+0.00405217j 0.00114808+0.00298854j 0.00100621+0.00318783j 1.48087e-05+0.00283186j 0.00207349-0.00179221j 0.00101095-0.000334176j 9.95164e-05-0.000617399j -0.00221296+0.00147208j -0.00192952-0.000555471j -0.00279942+0.00401936j -0.000703486-0.00165561j 0.00374752+0.00515768j -0.00194226+0.0019569j -0.00250801-0.000619395j -0.00215893-0.00272456j -0.000754624-0.00186681j -0.000554494-0.000897117j -0.00126026+0.00597371j 0.00149066+0.000399774j 0.00623699+0.000684388j -0.00186825+0.000843988j 0.000161239-0.000477975j -0.000178037-0.000478954j -0.00334312-0.00103493j 0.000333722-0.000382274j 0.00221878+0.00262054j 0.00102461-0.000198309j -0.00289664+0.0006624j 0.00321941-0.00196515j -0.000102985-0.00354707j -0.00272054-0.00259114j -0.000554976+0.00205038j 0.00232775-0.00249359j 0.000385606-0.000438443j -0.000366332+0.00228295j -0.00382876-0.00248656j 0.000921808+0.00258839j 0.00205886+0.00137978j 0.0012668+0.00242176j -0.00374575-0.00173781j 0.00101722+0.000574821j -0.00277521+0.00243618j 0.00148763-0.00118226j 0.000782702+0.000261025j -0.000639243+0.00489149j -0.0039365+0.00229804j -0.00157718-0.00533559j -0.00224636-0.000991191j 0.000459972-0.0010857j -0.00160796+4.2299e-06j 0.00275586-0.00309958j -0.0016534+8.28345e-05j 0.00024189+0.00176114j 0.00209821+0.00164201j -0.000534326+2.76897e-06j 0.00042197-0.00041192j -0.00453028+0.000331884j -0.00142766-0.00452354j -0.000556177+0.00158281j 0.00160428+6.888e-05j -0.001438-2.78091e-05j 0.000614092-0.00245114j 0.00175298+0.00192403j 0.000782903+0.00182211j 
0.00144385-0.00198148j 0.00351494-0.00332715j -0.00267948-0.00177489j 0.000183674+0.000236163j -0.00245633+0.00165527j 0.00128295-0.00333684j 0.000102667+0.00468339j 0.00266208-0.000558745j 0.00718004+0.00227133j 0.000225679+0.00227151j -2.66481e-05-2.92432e-05j -0.00164595-0.00277702j -0.00131095+0.00130001j -0.00190248+2.50876e-05j -0.000956556+0.000106162j 0.000548794-0.00312637j -0.000294879+0.00166858j -0.00378895+0.00133653j -0.0093154-0.00085411j 0.00150637+0.00169965j -0.00425857-0.000424742j 0.000443114+0.00602595j 0.00195119+0.00139193j -0.00155067-0.00232406j 0.000189329-0.000334119j -0.0027111-0.00172608j 0.000470844-0.00150955j 0.00169836+0.0010214j -0.000802423+1.60381e-05j 0.00164309+0.000713444j -0.00252609-0.00122929j 8.4273e-05-0.000393768j -0.00106256+0.000778137j -0.00554277-0.00169889j -0.00296752+0.00750305j -0.00102179+0.000774989j -0.00514484-0.00356782j 0.000493493-0.00334778j -0.0020006+0.000694381j 0.00340902-0.0017154j -0.000393009-0.00207472j -0.00465511-0.0065861j 0.00138345-0.00107078j 0.0024635+0.00747049j 0.00561959+0.00257798j -0.000601428-0.00114027j -0.00806719-0.00106488j -0.0070413+0.00399422j -0.000418947-0.000346826j 0.00344922+0.00651968j -0.000519201-0.00463029j 0.00147015+0.00378871j -0.00394359-0.000521531j 0.00104339+0.00227382j -0.00320237-0.00169346j 0.000691058-0.00171788j -0.0017063-0.00428213j -0.00194314+0.00127376j -0.00108065-0.00079596j 5.43034e-05-0.00361277j -0.00257218-2.31056e-06j -0.00226962+0.00197789j -0.000383474-0.0027405j -0.00316304-0.00272772j -0.000986816+0.00310401j -0.00118201-0.00102649j 0.00107037-0.00226309j 0.000590319+0.00289098j 0.000733971-0.00134575j -0.00192527+0.00112417j 0.00187291-0.00136786j 0.00053037-0.00153646j 0.000475752-0.00146202j 0.000769833-0.000744599j 0.00359929+0.00165259j 0.000550869+0.00393563j 0.00146973+0.00218587j 0.000143559+0.00352931j -0.000302314-0.000964474j 0.00330932+0.00318666j 0.00422163-0.00200898j 0.00157846-0.00112142j 0.00328027+0.00469822j 0.00145175+0.000150922j -0.00170343+0.00092334j 0.000678376-0.00153102j 0.00185509-0.00264925j 0.00166827+0.00275073j -0.00050067-0.000192362j 0.00438791-0.00126579j 0.0061456+0.00302164j 0.00458508-0.00120391j 0.00205649+0.00455311j 0.0038206-0.00209951j -0.00161446+0.000824111j -0.00186195+0.00657903j -0.00182645+0.000478662j 0.00288022+0.00109541j -0.00153168+0.00121739j 0.00202202+0.00327356j -0.00281147+0.000277855j 0.000741073+0.00220746j -0.00252173+0.00131355j 0.000476848+0.00278691j -0.00103702-0.000527262j -0.00269149+0.00266995j -0.00282464+0.00177807j -0.000205384-0.0007601j -0.00408417-0.00347969j -0.00286918-0.00340062j -0.00183144+4.22753e-05j -0.00178614+0.0010664j 1.07559e-05-0.00465126j 0.000444705-0.00227511j 0.00417073+0.000836923j -0.00130092+0.000703706j 0.000870651-0.00153989j -0.000948745+0.00147423j 0.00189994+0.00395603j -0.00228177+0.00293717j -0.00076363+0.00439379j 0.00515059+0.00144933j -0.00504145+0.0020055j -0.000939303+0.00107436j -0.00474851-0.000183941j 0.00426709-0.000766986j 0.00138221-0.0012977j -0.000697355+0.00130959j -0.00251675+0.00367977j -0.00144721+0.000440251j -0.00100832+0.000767559j -0.00111121-0.00338887j 0.000583753-0.000587102j -0.000807955-0.0011207j 0.000634806+0.000607209j 0.00413083+0.00177143j -0.0014165-0.00300444j -0.000709876-0.0031658j 0.00206428-0.00227506j -0.000133883+0.00122768j 0.000869185-0.00156855j -0.00168646-0.00124086j 0.000814609+0.00218312j -0.00249765+0.00448663j 0.00138817-0.000388022j 0.00364748-0.00516768j -0.000196334+0.000885062j -0.000136516+0.00141253j 0.00118347-0.000988385j 0.00171875+0.000373166j -0.000611197+0.00118297j 0.001926+0.00267162j 0.00402656+0.00106258j -0.00357014+0.00171169j -0.00158728+0.000280155j -2.37395e-05+0.000535085j -0.00120566-0.00136295j -0.00164393+0.0030295j 0.00237203+0.00226138j -0.00196922+0.00212492j 
-0.00192048-0.00214863j -0.00106266+0.00150143j 0.00264296+0.00329916j -0.00377678+0.000717444j 0.00146066+0.00490057j 0.00220362-0.00636393j -4.76311e-05+0.000235768j 0.0027769-0.000606943j 0.000480832+0.00543915j 0.00189884-0.00463413j -0.0027478+0.00147609j 0.00325751-0.000149027j -0.000385274+0.000324985j 0.00382152+0.00105295j 0.00210654+0.00143285j -0.000944508-0.00339104j -0.00756712+0.00316228j 0.00337701+0.00274849j -0.000680531-0.00808655j 0.00598166-9.73644e-05j 0.00556003-0.000766423j -0.00421909+0.00249526j -0.00324496+0.00462823j -0.00167311-0.000683647j -0.00157323+0.00243229j -0.00184965+0.000302437j -0.000523656+0.00147602j -0.000501656-0.00147179j 0.000708074-0.00514791j -0.00492668-0.00151957j 0.00152863+0.000951375j 0.00235755-0.0015989j 0.00039193+0.00122334j 0.00289383-0.00238184j -0.00342162-0.000178167j -0.00201928-0.00156972j -0.00293814+0.000770799j 0.000233742+0.00430586j -0.00221799-0.000793847j -0.00142024+0.00349019j 0.00171213-0.00506843j -0.000182755-0.00142473j -0.00424129-0.00244697j 0.00509754+0.0036293j 0.00162191-0.000972732j 0.000358639-0.00171333j 0.0014739-0.00184468j 0.00142159+0.00130344j -5.38165e-05+0.000214769j -0.000568938-0.00136588j 0.000471593-0.00146916j -0.00189435+0.00399094j -0.00180712-0.000972351j -0.00491949+0.00138025j 0.000764035-0.00114469j 3.88226e-05-0.000617272j 0.0010279-0.00303307j -0.00460657+0.00275884j 0.0028967-0.000386083j -0.00513654+0.000268767j 0.00188928-0.00356146j -0.00252318+0.00288549j -0.0012526-0.00207134j 0.00247908-0.00110455j -0.000847325+0.00338288j 0.00137185+0.00108149j -1.45414e-05+0.0028999j -0.00145499-0.000975497j -0.00201499-0.00111082j 0.000620358-0.00296417j -9.901e-05+0.000434083j 0.000226484+0.00123613j -0.00266983+0.00348758j 0.000641564+0.000681416j 0.00178218+0.0025983j -0.00201315+0.00203886j -0.00132961-0.002603j -0.000273811+0.00169813j 0.000625171+0.00333336j -0.00126355-0.000463973j -0.00158872+0.000771608j 0.000564254+0.0056089j -0.000752544+0.00161048j -0.00233982-0.00463705j -0.00426147-0.00516155j 0.00454277-0.00338431j 0.00311995+0.00270052j -0.00170846-0.000223915j -0.00411451+0.000439104j 0.000363573-0.00233925j -0.00145146+0.0040575j -0.000945095+0.00590313j -0.00214229-0.00183229j 0.00263533+0.00244506j -0.000246225-0.003954j 0.00294216+0.00200766j 0.00224553-0.00575242j -0.00265213-0.000629386j 0.00144955-0.00172318j 0.00282373+0.00298001j -0.00288635-0.00185688j 0.00469811+0.00390101j 0.00210628+0.000163544j -0.00290564-0.00516049j -0.00255466-0.000234057j 0.00142764+0.0026696j -0.00230492+0.000849337j -0.00467957-0.000970023j -0.000500526-0.00190505j 0.0021762-0.00186141j 0.00160976+0.00240892j -0.000767393-0.00190561j 0.00184195+0.00188369j 0.00161081+0.00139198j -0.00124636-0.000530811j 0.00117679+0.00103174j -0.000779105-0.000800962j 0.00120203-0.0032862j 5.90304e-05-0.000442016j -0.00418997-0.00036015j 0.000588714+0.00220061j -0.000492118-0.00137162j -0.00139519+0.000742354j 0.000793916+0.00459736j 0.00148473-9.03639e-07j -0.00304514+0.00134513j -0.00264007-0.000285318j 0.000250271-0.00204091j 0.000237702+0.00122079j -0.00197282+0.00190183j -0.00111248+0.00356887j 0.0013078+0.00282373j 0.000290497-0.00213345j -0.00565158-0.00505542j 0.00126875-0.00214j -0.00197824+0.0023872j 0.00404087-0.000368943j -0.00226055-0.00225097j 0.0040701-0.00366307j -0.00117717+0.00305576j 0.00394946-0.00108795j 0.00060079-0.00129222j 0.00124631-0.000177399j -0.000239571+0.00330972j 0.00141071+0.00440962j -0.00157636-0.000208543j -0.00167359-4.06738e-05j 0.000845387-0.00281623j -0.00272949-0.00322515j -0.00238899-0.000624739j -0.000561395+0.000558953j -0.00253721+0.0022973j -0.0016869+0.000646396j 0.00132779-0.0024501j 0.000670851-0.00310131j -0.00294917-0.00124771j 0.00137195+0.00165965j -0.000684086-0.00267109j -0.000284999-0.00234692j 0.00208267-0.00183645j 
-0.000717984+0.00237579j -0.00132049-0.00358322j -0.000754912+0.00271473j -0.00363821-0.00148903j 0.00385188+0.00279682j 0.00255193-0.00522068j -0.000229271+0.00347515j 0.00536261+0.000726597j -0.00302981+0.00523006j 0.00260808-0.00292175j 0.00135389+0.000286199j 0.00712838+0.00322392j 0.000395765-0.000972729j -0.0020767+0.00349323j 0.000267963+0.00179848j 0.00304443+0.0023187j 0.00283514-0.00479441j -0.00320094-0.00235788j 0.00552518-0.000523862j -0.00209373+0.001846j -0.000960378-0.00225142j 0.000263308+0.00107888j -0.000446839-0.0022889j -0.00198609-0.000791146j 0.00187762+0.00176115j -0.00150617+0.00220721j -0.00377057-0.00063556j -0.00018244-0.00100485j 0.000523123+0.00193505j 0.00217372-0.00315584j 5.5751e-05-0.0027202j 0.00145928-0.00290159j -0.00319915+0.00179397j -0.000624173-0.0015377j -0.000765003-0.00277467j 8.37469e-05-0.00154112j -0.000971401-0.00259396j -0.00234828-0.00120547j 0.000543802-0.000218695j 0.00432958-0.00241592j 0.00163632-0.000463668j -0.00135731+0.000247734j 0.00585649+0.000584862j 0.000573409+0.00359664j 0.00257767-0.000694681j -0.00162745+0.000924483j -0.000949935-0.00237784j -0.000799129+0.00060006j -0.000458679-0.000770654j 0.00390475+0.00478212j 0.00128368-0.000133058j 0.000700688+0.00166087j 0.00212875+0.00210287j 0.00220889-0.000436912j -4.99268e-05+0.000186048j -0.00358593+0.00121274j 0.00264378-0.00336668j 0.00492695-0.000639015j -0.00166506-0.000660186j 0.00018336-0.00499545j -0.00373592+0.00159926j -0.001099-0.000810838j 0.00151664-0.00194825j -0.00225521+0.00214878j 0.00157404-0.00214439j -0.00148594-0.00197122j -0.00212717-0.00140991j 0.000206216-0.000831475j 0.00165336+0.00121228j 0.00116708-0.00130402j 0.00172365+0.000126508j 0.00200788-0.00280149j -0.00131529+0.00149295j 0.000373798+0.000189736j -0.000715552+0.00369525j 0.00150669-0.000511386j -0.000685609-0.000499092j 0.00128518-0.00169593j -0.00237446+0.0037575j -0.000272351-0.000368315j 0.000372957-0.00671569j -0.000199012+0.00425742j 0.000774315-0.000872518j 0.00331975-0.0015951j 0.00464828-0.00168048j -0.0023225-0.000825645j 0.00485828+0.00174167j -0.00303464-0.00206571j -0.00336095+0.00315526j -0.00249626+0.00487376j -0.00508255-0.00286419j 0.000948603+0.00160239j 0.00223944+0.00360906j -0.00710456+0.00181708j -0.00209527-0.0040072j 0.00356494+0.0019447j -0.000383081+0.000275846j -0.000842332+0.00230888j 0.00108583-0.00111439j -0.00265177-0.00379263j 0.00161259+0.000505637j -0.00307137-0.000474939j -0.00207018-0.00237801j 0.00169567+0.00074617j 0.000718718+0.0034438j -0.00260362+0.00439232j -0.00123155+0.00218735j -0.00192841+0.000562532j 0.000377377-0.00172622j -0.00209677-0.00423625j -0.00117568+0.00436839j -0.000498273-0.00078827j -0.000589299-0.00160762j -0.00116082-0.00259723j -0.00391935-0.0021124j -0.00204065+0.00125112j -0.000307473-0.00321951j -0.00176186-0.0011481j 0.00158132+0.00212542j -0.00370765+0.00558168j -0.00055118-0.000574616j 0.00116124+0.00192494j 0.000395378-0.00912002j -0.000290949-0.00487489j 0.00164879-0.0030592j 0.00395763-0.00020695j 0.00350005+0.00119979j -0.000346338-0.00107277j 0.0035039-0.00467153j -0.00194539+0.00174996j 0.000239247-0.00179235j -0.00440921+0.00371144j -0.00181463+0.00242337j -5.23675e-05-0.00468299j 0.0017927-0.00281795j 0.00234951-0.00538761j -0.0071188-0.00457433j 2.61825e-05+0.00057096j 0.00180697-0.0037506j 0.000735408+0.00425058j -0.00358839+0.0069338j -0.00279566+0.00186712j -9.01801e-05+0.00395823j -0.00489541+0.00457204j -0.00137561-0.000103629j 0.00215534-0.000878373j 0.000384723-0.00318447j -0.000670098-0.00027452j -0.002886+0.00187451j -0.00147034+0.000856659j -0.00215061+0.000573608j -0.00128788+0.000921989j -0.00113199-0.000616073j 6.95593e-05-0.00103073j 0.000644887-0.000995648j -0.000178913-0.00026601j -0.00168342+0.00127453j 0.00030366-0.00139655j 0.00177552+0.00206751j -8.84056e-05+0.000303255j 
0.00385723+0.00297803j 0.00260199-0.00171221j -0.00208255-0.0018451j 0.000388707+0.00214941j -0.00517169+0.00351354j 0.00323581+0.00347531j -0.00287454+0.00386352j 0.00221449+0.00282698j 0.00163193+0.000784425j -0.00377403+0.00369302j -0.000627371+0.00189482j 6.37047e-05+0.00170186j -0.00261964-0.000783698j 0.000613074-0.00518881j 0.00247976+0.00156689j 0.000501552+0.00103137j 0.00226279-0.000337921j -5.0984e-05-0.00206197j 0.000925761+0.00405975j -0.000972789+0.00230817j 0.00168111+0.00263755j 0.000396647-0.00314759j 0.00310829-0.00123725j -0.000571084-0.00124374j 0.00179609-0.00378082j -0.000887323-3.36931e-05j 3.30604e-05+0.000107295j -0.000231767+0.00121277j -0.00351953-0.00379856j -0.00450155-0.000998664j -0.000976985+0.000563819j -0.00174513+0.001486j 0.000289818+0.000292863j -0.000780746-0.00165907j -0.000114039+0.000434984j 0.000345178+0.00331459j 0.00411963+0.00183269j 0.00288422+0.000980957j -0.000252231-0.000472142j 0.00459257-0.00862532j 0.000923033+0.00198552j 0.00122016+0.00129412j 0.00416142+0.00101825j -0.000766696+0.000851154j 0.00231504+0.000203998j -0.000827189+0.00085048j 0.000385489-0.00408072j 0.00172967+0.00167565j 0.000795268-0.00132821j 0.00143291+0.00499559j 0.000290901-0.00040808j 0.000141039-0.00420176j -0.000546507+0.00352132j 0.00456058-0.00241857j 0.00132193-0.000602691j 0.000247011+0.00196327j 0.00276311-0.000579202j 0.00578471-0.00106062j -0.00201831+0.000320209j 0.00217445-0.00340419j -0.00649668+0.00541105j 0.000762365-0.000391517j 0.00107807-0.000403983j -0.00535026-0.00125881j 0.0029399-0.00330494j -0.000379257-0.0050716j -0.00330643-0.00210309j 0.00146037-0.00159334j 0.00264192-0.00226826j -0.000804877-0.00279092j 0.00160505-0.00155199j 0.000497393-0.00145432j 0.00445749+0.00152019j -0.00108725-0.000997588j 0.0022958-0.00109021j 0.000726396+0.000705249j -0.00170466-0.00171724j 0.000436689+0.000323334j 0.000396034+0.00131383j -0.00304016+3.70957e-05j 0.00286092+0.00438145j 0.00175158+0.00204005j -0.00389973+0.000445586j -0.00326297+0.00225059j -0.000218717+0.000720491j 0.00125537-0.00193632j 0.00427621-0.00892085j 0.00196599+0.0010224j -0.00208471+0.0035197j -0.00589299+0.00166508j -0.00266758+0.000926761j -0.00214055-0.00173739j -0.00148509-0.0020632j -0.00427735+0.00170332j 0.00132789+0.00689735j -0.00244419+0.00273831j -0.00048838-0.00350569j 0.00277973+0.00111249j -0.000590411+0.00258285j 0.000125047+0.00300173j 0.000521209+0.00705273j 0.000370438-0.000415763j -0.000824357-0.000277728j 0.00186677+0.00215574j -0.000127727-0.000777237j 0.000990011-0.00085824j 0.001441+0.00222196j 0.0016944+0.0009966j -0.00086575+0.00141589j 0.000507905+0.000505403j 0.00144558-0.000471258j 0.00141539+0.00257694j 0.000712975-0.000318757j -0.00197702-0.00366512j -0.00442983-0.00103167j 0.00151247-0.00090428j -0.00142985-0.0039618j 0.00268652+0.00379991j -0.00256548+0.00220279j 0.0021589+0.00602459j 0.000304282+0.00212646j -0.00163619+0.000420856j 0.00255227-0.000193408j 0.00159489-0.00204663j -0.00287196-0.000224269j -0.00183431-0.00140541j 0.00354491-0.000598078j -0.000934881-0.000190289j -0.00434673-0.000866049j 0.0036175-0.000871769j 0.00314784-0.010328j 0.000321578+0.00135035j -0.00131162+0.00106939j 0.00103155+0.00363051j -0.00189901+0.00546846j 0.00415634-0.00182008j -0.00222517+0.0027967j 0.00225726-1.74598e-05j -0.00232238-0.000321343j 0.000491801-0.00220574j -0.00133456-0.000194129j -0.00327152-7.54823e-05j 0.00223846-0.000513246j -0.00372063-0.00128882j -0.00142313-0.000559771j 0.000765605-0.000805662j 0.00179032-0.000394894j -0.00127003+0.000618434j 0.00111987+0.00476715j -0.000160634+0.00483649j 0.000955449-0.000265039j -0.000963671+0.000400426j -0.00375202-0.00149505j -0.00503695-0.00218525j -0.00210508-8.45531e-05j 0.00173255+0.00156149j -0.00224554-0.000606171j -0.00206235+0.0023621j 0.00390665+0.00404221j -0.00426692+0.0033998j 
0.00122262-0.00459352j 0.00100664-0.000792089j 0.000968967+0.00232576j 0.000293369+0.00217303j 0.00266825+0.00181437j 0.00023031+0.00562751j -0.000741202+0.00167103j 0.00113294-0.000886787j -0.00186049-0.00220205j -0.00297324+0.00369456j 0.00119276-0.00198186j 0.00232104+4.62388e-05j -0.00137683-0.00148725j -0.00146904+8.21364e-05j 0.000289601-8.02559e-05j -0.00105606+0.00123365j -0.00322563+0.00450724j 0.00309142+0.000892004j -0.00200792-0.00242265j 0.000303474-0.00245619j 0.00272935-0.00124653j -0.00105725+0.000782866j -0.00127074+0.00235069j 0.00113358+0.000124392j -0.000531874+0.00146003j -0.00153737-0.00112539j 0.00033533-0.000654979j 0.000735899-0.00120358j -0.000405795-0.000151307j -0.000761111-0.000205148j 0.00277082-0.000284112j 0.00181949-0.000654271j 0.00153643+0.00102631j 0.00217283-0.000245812j -1.99003e-05+0.000841017j 0.00126355-0.00232772j -0.00558155+0.00114372j 0.00252991+0.00148024j 4.71936e-05-0.0023987j 0.00604999+0.0001015j 0.00180043-0.00422305j 0.00464268+0.00425675j -0.000790196+0.000438023j 0.00192152-0.00220869j -0.0026006+0.00141314j 0.00153742-0.00133718j -0.00308255-0.00112293j 0.000742088-2.0654e-05j -0.00657682+0.00475911j -0.00119602-0.00650316j -3.49309e-05+0.0032372j 0.00082058+0.00330009j -0.000727887-0.00112551j -0.0011015-0.00360315j 0.00145163-0.0025976j 0.000592354-0.000419981j 0.000254869+0.00304237j -0.00214051+0.0019574j 0.000190537+0.00560357j -0.00298143+0.00258798j 0.000910321-0.00198417j -0.000532129+0.00013842j -0.00395107-0.00175725j -0.000487074+0.00197007j -0.00051339+0.000970181j 0.00190396+0.00389156j -0.000324919+0.00378359j -0.00583028+0.00248283j -0.00218634+0.000874j -0.00138968-0.000797393j 0.000644194-0.000378794j -0.00207743+0.00185017j -0.00218626+0.00290347j 0.0028085+0.000807914j 0.00158575+0.0017413j -0.00166156+0.00111315j -0.00298342-0.00147428j 0.00172542+0.000237717j 0.00472366+0.0031846j -0.00080635+0.00382662j -4.91772e-05+0.00275023j -0.000221728+0.00270243j -0.00361504+0.00452886j -0.00225773+0.00332264j 0.00173853-0.00348739j 0.00442826-0.00410926j 0.00138207-0.00393637j -0.00126706+0.000790263j 0.00276291+0.000121533j -0.00309994-0.000136644j 0.000943109-0.00176091j -0.00351896+0.00230544j -0.00342546+0.0019111j 0.000507218+0.00273578j -0.000691259+0.00669037j -0.000332483-0.00457268j -0.00536864-0.00274807j -0.000228316-0.00585986j -0.000315522+0.00150183j 0.00169283+0.000541065j -0.0041601+0.0011698j 0.00235493-0.0062578j -0.000974394-0.00172268j 0.00224672-0.00040147j 0.00102413-0.00108136j -0.00131378-0.00278961j 0.0038447-0.00111221j 0.00204415+0.00141745j -0.00164791+0.00242311j 0.00101163+0.00241107j -0.00348026-0.000977623j 0.00299138+0.000215177j 0.0045246+0.00431383j 0.000441616+0.00018617j -0.00195679-0.00031034j 0.000723333+0.0019214j -0.00125182-0.000243887j -0.00186892+0.000999j 0.00274871-0.00071249j -0.00165957-1.9694e-05j -0.000397619-0.0025726j 0.000710552+0.000773457j 0.00235798-0.00151134j 0.00175222-0.00411645j -0.000353845-0.000444837j 0.00399065+0.00190816j 0.0044546-0.000496882j -0.00148465-0.00228797j -0.00165207+0.00166357j 0.000159747-0.00286628j 0.00195149-0.00432192j 0.0021214+0.0018847j -0.00113523+0.00197715j 0.000130775+0.00412282j -0.000217952+0.000320581j 0.00256888-0.00343816j -0.00404261+0.00369996j -0.000742441-0.00225905j -0.000192744+5.13764e-06j 0.000430611-0.00131094j -0.000555586-0.00210925j -0.00162313-0.0035317j 0.00306255+0.0033141j -0.00171737-0.00168489j -0.00246828+0.00121137j 0.00587059+6.18367e-05j -0.00126127+0.000464485j 0.00170006-0.0016825j -0.00342421+0.000305775j -0.00232188+0.00119363j -0.00143303-0.000152713j 0.000155403-0.000955097j 0.00269956-0.000202605j -0.00468198+0.00228029j 0.000996926-0.00329816j -0.0046307-0.00147568j -0.00103225+0.000284961j -0.00274099+0.000770679j 0.000343389-0.00132132j 0.000938517-0.000393734j 
-0.00383274+0.00143124j -0.00229069-0.00161418j 0.00218033-0.000399176j 0.000695039+0.00098323j 0.00114627-0.00043324j -0.00059121-0.00101087j 0.00316064+0.000959725j -0.00363567-0.00308411j 0.00202915-0.00508878j 0.00295129-0.00135495j -0.00231324+0.000583239j -0.00216777-0.000214795j 0.00110424-0.000165479j -0.00172493-0.00307168j 0.00290721-0.00238924j 0.00406218-0.000175926j 0.0042859-0.00501885j -0.00696321-0.00170349j -0.00493967+0.00236023j -0.00529373+0.00101792j -0.0101247-0.000605158j 0.00212407+0.00309754j 0.00259699-0.0033559j 0.00213198+0.00109232j -0.000197317-0.000777647j 0.00432126-0.00107391j 0.00183491-0.00363596j 0.00279096+9.84997e-05j -0.000915514-0.00108897j 0.000347032+0.00428719j -0.00315338-0.00192001j 0.00114578+0.00373929j 0.00200844+8.19477e-05j -0.00126248+0.000828264j -0.00348005+0.00100291j 0.000318527+0.000975239j -0.00121775-0.000191494j 0.00131494+0.00171351j -0.00356891-0.00122841j 0.00117138-0.00218211j 0.000330815+0.00036457j -0.000886843+0.00100749j -0.000237695+0.00197002j 0.00190128+0.00105973j -0.000545032-0.00033018j -0.00246691+0.000498111j -0.000910588+0.00056468j -0.00220735-0.00294233j -0.00191581+0.00117591j -0.00248642-0.000236493j -0.00145146+0.00478031j -0.00170234+9.6982e-05j -0.00085097-0.00238456j 0.00631855-0.00110568j -0.00332665+0.000174921j -0.00082649+0.00338408j -0.00199599+0.00317253j 0.00051723+0.00139087j -0.00113997+0.000539486j -0.000559537-0.00109381j -0.000552422+0.000430652j 0.00285781-0.0021969j -0.000302418+0.00287479j 0.000646647-0.00300764j -0.00121181-0.00274609j -0.0028712-0.000889788j 0.00103138+0.0031958j -0.000286506+0.000670924j 0.000265019-0.00210659j 0.00164361-0.00102159j -0.000443812+0.000217216j -0.000529286+0.000930796j 0.0012141+0.00102444j -0.00117149-0.00258647j -0.00270377+0.0017134j 8.09014e-05+0.000101117j 0.00025047+0.000766406j 0.000452165+0.000539199j -7.13696e-06-0.000547239j -0.000591789+0.000479129j -0.000579843-0.000655192j -0.000439742+0.000692068j 0.000836546-0.000121989j -0.00227371-0.00400278j -0.00466195+0.000623669j -0.00591155+0.000816308j -0.00064626+0.00374283j -0.00608472+0.00278128j -0.0010691-0.00156522j -0.00472394-0.000277548j -1.44534e-05+0.000976876j 0.00430625+0.00134223j -0.00872871+8.91431e-05j -0.000209402+0.0014052j -0.000592193-0.000797476j 0.00468043-0.00115751j -0.000838174+0.000510088j -0.00557022+0.00105575j 0.00059397-0.00238622j -0.0045362-0.00183988j 0.00130528-0.00135767j 0.00497201+0.00370932j -0.00541954+0.00171023j -0.00361681-0.00204489j 0.00289622-0.00288034j 0.00215021+0.00146716j -0.00191374-0.00172703j -0.00451703-0.00372402j -0.00222107-0.00117771j 0.0040188+0.00121637j -0.000873033+0.000905891j 0.000220797+0.0019913j -0.00131208-0.000665643j 0.00202848-0.000232061j -0.00140609+0.00248362j 0.00172169-0.000165218j -0.000133729-0.00189557j -0.000457434+0.000283604j 0.00182346+0.00194076j -0.00409876+0.00029992j 0.000685133-0.000908745j 0.00164453+0.00132536j -0.00192854-0.00149548j -0.0040348+0.0033163j 0.000921252+0.00174014j 0.0013446-0.000137167j -0.00118686-0.00372668j 0.00118951+0.00157357j 0.00227922+0.00314161j -0.00133094-0.00437811j 0.000571271+0.00208535j -0.000228485-0.000856059j 0.000372429-0.000494464j 0.000885252+0.0016601j 0.00123741-0.00121438j -0.0012992-0.000610003j -0.00339854-0.00226982j 0.00161816+0.00370724j -0.0019569-0.000434433j 0.00450352-0.00113222j -0.000361143-0.000221869j 0.00271477+0.000932309j -0.00363564-0.00255322j 0.00056327+0.000104818j 0.00367872-0.0019482j 0.00157823-0.00234149j 0.00168751-0.000970511j -0.00039092+0.00168968j -0.00207583+9.87502e-05j -0.00116564-0.00228488j -0.00133091-0.00154819j 0.00206789+6.60564e-05j 0.00411301+0.000147047j 0.00209227+0.00114142j 0.00144341+0.00333589j 0.00195484-0.000701586j 0.00111993+0.00131023j 0.00317835-0.00176293j -0.00286819-0.000164267j 0.00104514-0.00254759j 
0.00138091+0.000707876j 0.000504729-0.00382991j -0.00580306-0.00259721j 0.00218836-0.00415082j -0.000751991-0.00439818j -0.00344765+0.00221903j 0.000760068+0.00267802j 0.00632188-0.000738277j 0.000977526+0.000907925j -0.00443332+0.00557559j 0.00741222-0.00329351j -0.000398921-0.00107406j -0.000536458+0.00186181j 0.000320186+0.000274081j -0.000816717-0.00116692j 0.0017544+0.0025956j 0.00191901-0.00363208j -0.00279534-0.00367996j 0.00512274-0.00221364j 0.00260302+0.00355155j 0.00171204-0.00347012j 0.00125727-0.00250357j 0.00153357-0.00037847j -0.000490626+0.00355363j 0.000648223+0.00151984j -0.000589687+0.00423563j -0.0030034+0.00106418j -0.00246391-0.000751971j -0.00262044+0.00280218j -0.00167215+0.00226322j 0.00197756-0.00112952j 0.000163124-0.00135611j 0.000599291-0.000329373j -0.000463147+0.00101889j -0.00304762-0.00470531j -0.000665457+0.00091414j 0.00472679-0.00276826j 0.00165166+0.00309884j -0.00144976-0.000907432j -0.00923823+0.00152055j 0.00255576+0.000109578j -0.00417125-0.0032848j -0.00678548-0.00437692j 0.00195959+0.00436408j 0.00490641-0.00610548j -0.00199708+0.000362861j 0.00115438+0.00260836j 0.0026145-0.00194372j 0.00205824+0.00267751j -0.00288812-4.70702e-05j -0.00211422-0.000883144j -0.00292524+0.00161822j 0.00190208-0.000993309j -0.00266565+0.00332631j 0.000586411-0.000609469j -0.00196215-0.000694375j 0.000403973-0.00203679j -0.0034212+0.00174761j 0.0063476-0.00451573j -0.00141768+0.00165558j 0.00439742-0.00378237j -0.00269701-0.000164927j 0.00193236+0.00118399j 0.00310071-0.00226307j 3.10485e-05+0.00370291j -0.00191435-0.00316431j -0.00184756-0.00211871j -0.000973378-0.00213452j -0.00194189-0.000215956j -0.00118778+0.00104212j 0.000658031-0.00125566j 0.00279478+0.000414811j 0.00136756-0.0010328j 0.000960859+0.00349213j 1.33468e-05-0.00326511j 0.0022917-0.00154586j 0.00221919+0.00384594j -0.00237839+0.00136816j 0.000787103-0.00089987j -0.00360094+0.000468321j 0.00322609-0.00256165j 0.00210365-0.00198688j -0.000279535+0.0012005j -0.00127726+0.00223847j -0.000782732+0.00021798j -0.00150882-0.00151841j -0.00200676+0.00320909j -0.000880891+0.00212702j 0.000943523-0.00449582j 0.00116886+0.000245046j 0.000299102+0.00143516j 0.00452276+0.002781j 0.000150336-0.00102853j 0.00415109+0.0017339j 0.00405386-0.00136585j 0.00350579-0.00209551j 0.000146102-0.000197232j -0.00185091+0.00130259j 0.000493286+0.00314328j 0.00321134+0.000571089j -0.00342708-0.00260686j 0.00133501-0.00156491j -0.00418362+0.000658633j -0.000152631-0.000644883j 0.00310829-0.00327098j 0.00196308+0.00275447j -0.00521527-0.00155171j 0.000512931+0.000165264j -0.00123312-0.000820594j -0.00274804+0.00609871j -0.00424265+0.00126473j 0.00207087-0.00325579j 0.00102787+0.00342665j -0.00129123+0.00414875j 0.0018971-0.00103114j 0.00177476+0.000106403j -0.000897289+0.00686335j 0.0010736-0.00223165j 0.00477044-0.00161857j -0.00320578-0.000747222j -0.00168658+0.00259037j -0.000140036+0.00187564j 0.000190392+0.00174763j 0.00160614-0.00274951j -0.000287506-0.00425611j -0.00136737-0.00199789j 0.00453392-0.0010792j 0.00161892-0.00353915j -0.00177516+0.00152429j -0.00126823+0.00124212j 0.000585242-0.000519013j -0.00316141-0.00162971j -0.0021855-0.00237199j 0.00338564-2.02032e-05j 0.00311455+0.000270268j -0.00010246+0.00130223j -0.00303948-0.000679514j -0.00233735-0.0034666j -0.00158432-0.000885144j 0.000130833+0.000192144j 0.00194603+0.00078935j -0.00201408-0.000741255j -5.91556e-05-0.000869125j 0.00390281+0.00115405j 0.00060073+0.00265296j 0.00197527+0.000157686j 0.000385534+0.00125444j 0.00206445+0.00166922j 0.00135405-0.000199174j -0.00315189+0.00275263j -4.08955e-05-0.00122746j -0.000502906-3.98175e-05j 0.00401853+0.000687461j -0.000801182+0.00223246j 0.0013908-0.00362117j -0.00439627-0.00163969j -0.00154549-0.0010376j 0.00100328+0.00406745j 0.00209751-8.52103e-05j -0.000302893+0.00318686j 
0.000994193+4.16572e-05j 0.00113932-0.00140057j 0.00202425-0.000572452j 0.00117813+0.00102476j 0.000148723-0.00166513j 0.000504371+0.00315016j -0.000115941-0.00093729j -0.00321915+0.00145674j -0.00291521-0.00232291j 0.00135452-0.000631633j -0.000841217+0.000985456j 0.000266072+0.000531798j 0.000205343-0.000587997j -8.67289e-05-0.000568011j -0.000363941+0.00126788j 0.000277667+0.00268708j 0.00165988+0.00111456j -0.0032823-0.0023148j -0.00244097+0.00183856j 0.00206606-0.00173279j -0.000623794-0.00303125j 0.00179833-0.00193494j 0.00634043+0.000720636j 0.0017213+0.00265995j 0.00262108-0.0016959j 0.00178694-0.00101638j 0.00165234+7.30667e-05j -0.000350648+0.00217382j -0.000765967-0.000953659j -1.17336e-05-0.00136706j 0.000649811-0.000433573j -0.000977954+0.000366231j 0.000605097-0.000803673j 0.0016511-0.000404156j 0.00261745+0.000274832j -0.00168653+0.00139723j 0.00349559+0.000147201j 0.00281365-0.002705j 0.000456125-0.000912227j -0.00243431+0.00338376j -0.00127393+0.00463862j 0.00331004-0.000227399j 0.00339474+0.000736443j -0.00602422-0.00338599j -0.00282591+0.00112151j 0.00081562-0.000491833j 0.00185559+0.00185317j -0.000526531-0.00426824j -0.00108606-0.000414202j -0.00119543-0.0014048j 0.00116663+0.002703j 0.00120687-0.00176143j 0.00105231+0.00111075j -0.000251892-0.00132761j 0.00158682+0.0012821j 0.00206675-0.00115193j 0.000909699+0.0034834j 0.00206285-0.001818j -0.00182492+0.000746206j 0.003456+0.00265882j 0.00110887-0.000687064j 0.00271726-0.000673824j 0.00120369+0.00234923j 0.000531196+0.00305629j -0.000286442-0.00129582j -0.000164472-0.000392488j 0.00173374-0.000768195j 0.000590674+0.000240704j 0.00198887-0.000551501j -0.000100951+0.000261759j -0.000524079-0.000910617j -7.07134e-05-0.000661576j -0.000283902+0.00170435j 0.000215868-0.000464117j 0.000987709+0.00066675j 0.000247532+0.000662219j -0.000310255-0.000402917j 0.00159227-0.000281689j -0.00015109-0.00285539j 0.000332273-7.26444e-05j 0.00263599-0.001119j -0.00245972+0.00182372j -0.00083385+0.00129035j 0.00114103+0.00507805j -0.00245338-0.00066883j 0.00594701-0.00413004j 3.9024e-05+0.00636073j 0.00076279-0.00292585j 1.88975e-05+0.00239094j 0.000603635+0.00263631j 0.00638655-0.000923466j -0.00289815-0.000954392j 0.000176934+0.00166913j -0.00306581+0.00203294j -0.0026144-0.00414642j -0.00356871-0.00134382j 0.00136358+0.00172578j -0.00350217-0.00380841j -0.00207926+4.81272e-05j -0.00248828-0.000932808j -0.00399244-0.00595744j 0.000836593-0.000888609j -0.000905645-0.00222752j -0.00333679-0.00430895j -0.0015147+0.00477788j -0.00182267+0.000961713j 0.00386638-0.000748156j -0.000504617-0.00190323j -0.00225039+0.00429476j 0.00267251-0.00414822j -0.000980927-0.00130382j 0.00219553-0.000657982j -0.000837481-0.00170431j 0.00318177+0.00239939j 0.00144374-0.00343092j -0.000722921-0.00168468j -0.00064886-0.00130775j 2.3595e-05-0.00323606j -0.00103337-0.0014887j 0.000673578-0.000162454j -0.00143167-0.00967694j 0.00516353-0.000184804j 0.00242697+0.0032956j -0.00116433-0.00119017j 0.000357908-0.000669278j 0.00281893+0.000562847j -0.00165892+0.00240282j 0.0018638+0.00146135j -0.00129973-0.000745029j -0.00102347-0.00332243j -5.3474e-05-0.00073309j 0.00134739+0.00172903j -0.000967517-0.00201451j 0.00290682+0.00121814j -0.000475817-0.00249831j 0.000207137+0.000190211j 0.00241217-0.000748623j 0.00103902-0.00289295j 0.00223311-0.00447944j 0.00146041+0.00193043j -0.000217288+0.000711426j -0.000257343-0.00119872j 0.00362112+0.00285373j -0.0033088-0.000524804j -0.0012149+0.00198861j 0.0031752-0.00279252j -0.000739517-0.00159064j 0.00136536+0.000481099j 0.00186726+0.00101887j 0.00308831-0.000588687j 0.00239222+0.00139286j 0.00137769+0.000794571j 0.000273699-0.000399832j 0.000466984+0.00100847j -0.00134899+0.00102946j 0.001117+0.00120628j 0.000968651-0.000221845j -0.000423475+0.00081783j 0.00102864+0.00234637j -0.0026131+0.0015825j 
-0.000634322-0.000946536j -0.00327621+0.00174345j 0.00406825-0.000677767j 0.00172174+0.0014284j 0.00346423+0.000835312j 0.0050208-0.00280911j -0.00212926+0.00235429j -0.00237196+0.00057892j 0.00215088+0.000910002j 0.00363503-0.00173333j -0.00129451+0.00168135j -0.000909346-0.000595732j 0.00307723-0.00121503j -0.00556693+0.00158126j -0.000797137-0.000878632j 0.00232789+0.00215852j 0.00222728-0.00147022j 3.60622e-05-0.00529j 0.00293548-0.00459731j 0.000894505+0.00252971j 0.000690155-0.00488674j -0.00291715+0.00300369j -0.000636907-0.000622517j -0.00196182+0.00110728j -0.000511007+0.00385386j -0.00073074+0.00461302j -0.00216862+0.000500183j -0.00220077-0.00187773j -0.00212384+0.00306703j 0.00478435+0.000169444j 0.000669766-9.35645e-05j -0.00110897-0.00112938j 0.00268347-0.000607483j 0.00209853+0.00346074j 0.00465544-0.00261252j -0.00175283-0.00104536j -0.000485547+0.00536739j -0.00244409-0.000200305j -0.000104985-0.00168575j 0.00189146-0.00241807j -0.00373827-0.00382707j 0.00268214-0.00108298j -0.0016892-0.000778657j 0.000950465-0.00139121j -0.00273158+0.00418628j 0.0028384+0.00159185j 0.00450293-0.00382426j -9.02502e-06+0.0040744j 0.000510005-0.00479943j 0.00154806-0.00243942j -0.00133607-0.00467303j -0.00058061-0.000610608j -0.00309647-0.00536312j -0.000776869+0.00152787j 0.00226329-0.000454047j 0.000591052-0.000679213j -0.00135212-0.00311842j -0.00530386+0.000575969j 0.000551164+0.00369493j -0.00515982+0.00112183j 0.000716792-0.000605032j 0.00113787+0.00255667j -0.00151716+0.00119515j 0.000968042+0.00116372j -0.00129495-7.07943e-05j 0.00124341+0.00503929j 0.00423584+0.00121037j -0.000604861+0.00194025j -0.00280926+0.00188861j -0.00133746+0.00340828j -0.00108086+0.0049975j -0.00157373+0.00199761j 0.00214528+0.0015278j 0.000290128-0.000849127j -0.00073945+0.000578651j 0.00153279-0.00319431j 0.00142212+0.00118204j 0.00206133-0.000195176j 0.00198754+0.00223026j 0.00255994+0.00270221j -0.0018756-0.00197127j -0.00358491+0.00276945j 2.44452e-05+0.00101454j 0.00264542+0.00429485j 0.0047421+0.000651928j 0.00222925-0.00351432j -0.00263815-0.00502755j -0.00122582-0.00064107j -0.00302841+0.00486893j -0.00110768+0.000419114j 0.00607373-0.000330145j -0.00362198-0.000500106j -0.00240067-0.00117367j -0.00192619-0.00163736j 0.00110899+0.00187454j 0.00260998-0.000900912j -0.00372935-0.00388096j 0.00171361+0.00060186j 0.0017522-0.00197736j 0.00641666+0.00375944j -0.000318044+0.00262513j 0.0010023-0.00274115j -0.00201614-0.000338857j 0.00207822-0.00171143j 0.00234345-0.00131452j -0.00266224-0.00021936j -0.00054972+0.0010408j 0.000935407+0.00155143j -0.0049657-0.000165574j -0.000317471-0.00583897j -0.00119633+6.62631e-05j -0.00154908-0.00293211j -0.000734251-0.00214796j 0.00169255+0.00179945j -0.0017764-0.00126336j 0.00790969+0.00322152j -0.00495638-0.0039386j 0.00107095-0.000932266j 0.00110867+0.00224873j -0.00291396+0.00321097j -1.78129e-06-7.24543e-05j 0.00327783+0.00307861j -0.000407197+0.00193205j -0.00420792+0.00112199j 0.00134492-0.000889283j 0.00265879+0.00017684j 0.00195448-0.00252338j -0.00186622+0.000365471j 0.00185093+0.0020429j -0.000264745-0.00131818j 0.000152102+0.00414714j -0.00133533-0.000815097j 0.00269332+0.00287124j -0.00184654+0.0016188j 0.00238436-0.000595439j 0.00108082+0.00130973j -0.000464304+0.00121231j -0.00224506+0.00209064j 0.00309386-0.00191254j 0.00143163-0.000338489j -0.00146702+0.00252433j -0.000812568-5.5887e-05j 0.00384375+0.0031659j 0.000138631+0.00166554j -0.00565065+0.000396665j -0.000393131+0.00152964j -0.00125764+0.000291969j 0.0005183+0.000756017j -0.00199068-0.00156802j -0.0019666-0.00415393j 0.000160573+0.00131762j 0.00186411-0.00427313j 6.42775e-05+0.00158413j -0.00097686+0.000663527j 0.000824868+0.0013073j -0.000177035+0.000258402j 0.000813036-0.0014267j -0.00105396+0.00110128j -0.0040095-0.00298361j 0.00132651-0.00310384j 
-0.00106666-0.00439555j 0.00182699+0.00312907j 0.00337121-0.000473311j 0.0022596+0.00441635j -0.00485162+0.00294648j 0.00517987-0.000170314j -0.00148026+0.0032472j -0.00360379+0.000360141j 0.00776462-0.00290665j 0.000360195+0.00285989j -0.00625173+0.000813077j -0.00618009-0.00153353j -0.00170801-0.00247204j 0.00482998+0.000584507j 0.00114282+0.00150968j 0.00110512+0.00175868j 0.00458762-0.00351087j -0.00439255-0.00659112j -5.74236e-05+0.00232916j 0.00545166+0.00431768j 0.00300253+0.00141459j -0.00124765-0.000482878j 0.00813174+0.00131716j -0.00121236-0.000510773j 0.00118222-0.00119108j 0.00286978-0.00276611j 0.00312191-0.00303365j -0.000894474+0.00345756j 0.00429546-0.00213897j -0.00429985-0.00704945j -0.00270657-0.000346203j -0.0014594+0.00561944j 0.00140047-0.000413649j 0.00407068-0.00151639j -0.00330793-0.00141895j -0.00319017+0.00149953j 0.00217793+0.00284777j -0.00157514+0.00263803j -0.00403856+0.00120732j -0.00729303+0.00459621j -0.000390999-0.00381672j -0.000353842-0.00192706j -0.00280388-0.00149206j 0.00243476+0.00178335j 0.000438337-0.00164216j -0.00228495+0.00383659j 0.00388939-0.000474193j -0.00299389-0.00154795j 0.000552348-0.0046277j 0.00184219+0.0030845j 0.00163813+0.00076725j -0.00325909+0.00237031j 0.00226637-0.0012509j 0.000339618+0.000794422j -0.00155227+0.0034737j 0.000200912+0.00377414j -0.000923132-0.0025622j -0.00296078-0.00195984j -0.000233883-0.00206031j -0.00525838-0.00112063j 0.000543177-0.00171003j 0.0017152-9.44253e-05j -0.00040375+0.00571213j 0.00428814-0.00366331j -0.000565564+0.00121615j -0.00195372+0.0011258j 0.00448841+0.000217556j 0.00163514-0.00120122j 0.000412422-0.000590707j 0.00295498-0.00288436j 0.00169064-0.000111537j 0.00111039+0.000737595j 0.000948765+0.00280277j -0.000505685-0.00419754j -0.000945095+0.00308191j 0.00205169+0.00185186j -0.00249413-0.00342541j 0.0022702-0.00253131j 0.00180543-0.00159828j -0.000670686-0.000785997j -0.00368939+0.00221205j -0.00104362+0.00610794j -0.00561245-0.00311537j 0.00163511-0.00356616j -0.00373959-0.0030323j -0.000185855-0.00226181j 0.00177063+0.00299798j 0.0026559+0.000163098j 0.00139701+0.000508079j -0.00799417-0.00140274j -0.0013101-0.00224755j 0.000490563+0.00341192j -0.00091697-0.00249688j -0.000705702+0.00542256j 0.0060132-0.00187832j 0.00342932-0.000983527j -0.00147848-0.00323436j -0.00306383+0.00111777j -0.000962427-0.0018167j 0.00267176-0.000431184j 0.000893002+0.00279036j 0.00355278+0.00490578j 0.00139461+4.20931e-05j -0.00394309-0.00292982j -0.0038245+0.00183891j 0.000492798-0.00322251j 0.00113196-0.00114055j -0.00389187+0.00138179j 0.0043865+0.00106798j 0.00319442-0.00228625j 0.00246996+0.000801304j -0.00199466+0.000450429j 0.00176339+0.00575442j -0.000546248-0.00427954j -0.00439045+0.00197938j -0.00393325-0.000940229j 0.000760926-6.78513e-05j -0.00127638-0.00310874j -0.00427123+0.00333709j 0.00310267+0.00260133j 0.00144724+0.00112523j -0.00437769-4.43241e-05j 0.00529741-0.00416934j -0.000134868-0.00106895j 0.00395339+0.0031574j -0.00135843+0.00167821j -9.75624e-06-0.000407973j -0.000810132+0.000293421j -7.11603e-05-0.000250798j 0.000697837+0.000667309j 0.000212603-0.00496981j 0.00337878+0.000112379j -0.00303031-0.00256717j -0.00375683+0.00062759j 0.00119959+0.000695207j -0.00509005-0.000557778j 0.00208126-0.00036286j 0.00223852+0.00362613j 0.00117587+0.00228985j 0.000379437-0.0018815j 0.00109146+0.00139026j 0.00127298-0.00267533j 0.00235738-0.000944482j 0.00120461-0.0016805j 0.0013714+0.00108857j -0.000500565-0.000640104j 0.000119356-0.000934944j 0.00123514-0.00140847j -0.0031947+0.000550355j -0.00334202-0.00210001j 0.00117602-0.00189987j -0.00128631-0.00168651j 0.00203515-0.000671687j 0.0007746+0.00199895j 0.00225786+0.00308557j 0.0034324-0.00153673j 0.000258036+0.000656002j 0.00239026+0.00183229j -0.00424798+0.00024055j 0.000704701-0.00254528j 
0.00278131-0.00260776j 0.00208217+0.00212508j 0.00194349+0.00243231j -0.0011159+0.000815702j 0.00434569+0.00263807j 0.00272791-0.00139847j 0.000445552+0.00338449j 0.00124634-0.00148036j -0.000171943-0.000108575j 0.00351008+0.000420787j -0.00080188-0.00199718j 0.0048082+0.000351864j -0.000728144-0.00254468j -0.00129582+0.002234j -0.00182889+0.000433802j -0.00189068-0.000345124j 0.000463157+2.05271e-05j 0.00101802+0.000822898j 0.00491985+0.00135146j -0.00114651+0.00251962j 0.0036101+0.00271141j 0.000236512-0.00464742j -0.000397859+0.00170958j 0.000818753-0.000603302j -0.000313264-0.00173836j 0.000819768-0.00347881j 0.0021746-0.0001617j 0.000320006+0.00145533j 0.00310438+0.00392804j 0.00233573-0.00347143j 0.00191744+0.000215126j -0.000439612+0.00096535j -0.00147773-0.000218514j -0.00256933+1.29492e-05j -0.00243527+0.00356596j 0.00440744+0.00210249j 2.30816e-05-0.00433762j -0.00258807+0.000855765j -0.00052348+7.91166e-05j 0.00242071-0.00189052j 0.00163697-0.00348074j 0.00488328+0.00285057j -0.000107361+0.00101212j -0.000348135-0.00068539j -0.00120741-0.00214277j 0.000741373-0.00154465j -0.00266181+0.00189028j -0.000222094+0.00103255j -2.33144e-05+0.00257771j -0.000817056-0.0033109j -0.00011107+0.00238798j 0.00121466+0.00067949j 0.00205067-0.00128362j 1.40332e-05-0.00013578j 0.00014557-0.00213099j -0.00423175+0.00171511j -0.000910407+0.000806271j -0.00155313+0.00228235j 0.00102822+0.00147797j -0.00169604-0.00112748j -0.00116366+0.00249993j -0.00121919-0.00128626j -0.000628681+0.000226328j -0.00202524-0.00066044j -0.00174159+0.00106377j 0.00122606+0.00299238j -0.00196137+0.000530849j -0.00145514+6.73131e-05j 0.00159684+0.00239409j 0.00160228+0.00162592j 0.000350843-0.00271504j -0.00115595-0.00187385j -0.00218342-0.00155699j 0.0037244+0.000600978j -0.00232777+0.00221049j -0.00171823+0.00203495j -0.000487298-0.0014866j -0.000976586-0.00129417j -0.002299+0.00250408j -0.000434291-0.00154697j -0.00128121+0.00141964j -0.00441832-0.00387311j -0.000156441-0.00343722j 0.00136655-0.00183825j 0.00455421-0.00143745j 0.000359508+0.00363454j 0.000396978+8.41345e-05j -0.00190553+0.00202272j 3.91942e-05-0.000835324j 0.00202686-0.00340397j 0.0018778-0.00331351j 8.67008e-05-0.00159279j 0.00016682+0.00196859j -0.00592194-0.000992968j -0.00130842+0.00294547j 0.00257699-0.000182865j -0.00174378+0.00286202j 0.00223377+0.001357j -0.00138509-0.00247416j -0.00131627-0.00251166j 0.0010397+0.00205149j -0.00598295+0.000269882j -0.00246793-0.0010084j 0.00251834-0.00194391j -2.46302e-05-0.000676782j -0.00459997+0.00185918j -0.000298987-0.001446j 0.00118756+0.000453281j -0.00316995-0.000740309j -0.0003748-0.00146472j -0.00117095+0.00224356j -0.00431204+0.000793617j 9.96381e-05-0.00142568j 0.000798304-0.00326824j -0.00187953-0.000650754j 0.00125589+0.00263156j -0.00133366-0.00112505j -0.00348527+0.00115135j 0.00237223+0.000393249j -0.0020979+0.0022509j 0.000761989-0.000715334j 0.00314631+0.000532781j -0.000323726-0.00290328j -0.00254506-0.00120335j 0.00107576+0.000947093j 0.00541478+0.0010455j 0.00222444-0.000865259j -0.00144214+0.000365294j 0.00273985+0.00295842j -0.00194813-0.00183069j -0.00201178+0.0032603j -0.00133751-0.00158923j 0.00244872+0.00167772j -0.00286983+0.00121605j 0.00201602-0.000491006j 0.000469233-0.00316337j -0.00421841+0.00493882j 0.000153016+0.00389405j 0.00129379+0.00347667j 0.00268054-0.00263337j 0.00165387-0.000917799j 0.00319065-0.000367487j 0.000946333+0.000165368j -0.000618035+0.000298836j -0.00211692-0.00140106j 0.0063283-0.00128218j -0.00145297+0.000933519j 0.00130865-0.000974731j -0.00198782-0.00130765j 0.000738227-0.00120448j -0.000245771+0.000830296j -0.000938338-0.00180398j 0.00241995-0.000199817j -0.00392888-0.00113107j -0.000519079+0.00140654j 0.00137861+0.000212027j -0.00255654-0.000634439j -0.00197197-0.000594413j 0.000537553+0.00161158j -0.00130005+0.000404482j 
-0.00125468+0.00402756j -0.00195402-0.000748415j 0.00102553+0.000127909j 0.00137807-0.00166424j 0.0015864-0.00326757j 0.000519075+0.00116743j -0.0016993+0.0010991j 0.00059193+8.7692e-05j -0.0010781+0.0013142j 0.00066104+0.00123579j 0.00206473-0.00138444j 0.000108282-0.000533222j 0.00170994+0.00021174j 0.00103853+0.00115292j 0.000904938-0.00125555j 0.00035275+0.00361858j -0.000371907-0.00111892j 0.00051673+0.00128242j 0.00417573+0.000483888j -0.00349495-0.000400694j -0.00153327-0.00284035j 0.00163302-0.00354556j -0.000284495-0.000495088j 0.00250661+0.00499806j -0.00064914+0.00225701j 0.00268048+0.00478056j -0.000448252+0.00142344j -0.000551669-0.00304722j -0.00226556-4.06301e-05j 0.000415647+0.00316096j -0.00605933-0.000209016j 0.00124327+0.000669783j 0.00236649-0.000251135j 5.92114e-05+0.00695976j 0.00222048+0.00384693j 0.00329599-0.00559453j -0.00524218-0.00572277j 0.00319755+0.00383798j 0.00154042-0.0027653j -0.0016945-0.00335288j -0.000713811+0.00509753j -0.00232757-2.6537e-05j -0.000129927+0.00212265j -0.00090276-0.0026511j 0.00247377+0.00129757j 0.00184607-3.4666e-05j 0.000386374+0.00332454j 0.00184509+0.00208564j 0.00215565+0.00190692j -0.00540892-0.00108372j -0.00280756-0.0014128j -0.00066242-0.00139013j -0.00201025+0.0032533j -0.00386891+0.00172951j -0.00385519-0.00342531j -0.000176394-0.000953263j 0.000179758+0.00173793j -0.00154316-0.00183528j -0.00340645+0.000108956j -0.0014309+0.00120603j 0.00125679+0.00281983j -0.00123636-0.00102056j -0.00142687-0.00111549j -0.00137546-0.00142046j 0.00194929+0.000898305j 0.00208974+0.00121424j 0.000593446+0.00196593j -0.00113494-0.00205179j -0.000405883-0.000106423j -0.00284403+0.000492612j -0.000786202-8.70904e-05j -0.00178875+0.00277594j 0.00369705-0.00186357j -0.00245398-0.00234248j -0.00107404-0.000924646j 0.00211022-0.000676406j 0.00137616+0.00110898j -0.00259813+0.000190117j -0.00307111-0.000464152j -0.0073706-0.00567065j -0.00183499-0.00148256j -0.00137958+0.00128979j -0.00314625-0.00289769j -0.0011102-0.00231003j 0.00320343-0.000652597j 0.00629302+0.0045637j 0.00655387+0.00161347j -0.00311564-0.000638083j -0.00174093+0.00139579j 0.00220391+0.00409567j -0.0016327+0.00291572j -0.0031235-0.00459013j -0.000773434-0.00550737j -0.00412576+0.0031731j -0.000785512-0.00536522j -0.000439538-0.00494904j -0.00114754-0.00144206j -0.00387591+0.00164176j 0.00035962+0.000358987j -0.00270341-0.00223532j 0.00205888-0.00180989j 0.00275109+0.00149662j -0.00323857-0.00233295j -0.0023433-0.000978928j 0.00353746+0.0020615j 0.00181501+0.00103143j 0.000873488+0.00497292j -0.00447812-0.000930834j 0.00101964+0.00217315j 0.00141698-0.00179471j 0.00127921+0.00228297j -0.00100666-0.00424108j -0.00643774-0.0017458j -0.00260423+0.000164248j -0.00419586-0.00474014j -0.00118352-0.00295716j -3.57739e-05+0.00216093j 0.0018548-0.00524552j -0.00161643-0.00314207j 0.00183247+0.00259195j -0.00243901-0.00343165j -0.00150044+0.000238744j -0.00216199+0.00196562j 0.000866871+0.00256753j -0.000711517+0.000899023j -0.00557415+0.00221206j 0.00279807+0.000566189j 6.22206e-07+0.000522056j 0.0011158+0.00480446j 0.000358672-0.00108913j -0.00331165-0.00180534j 0.0010384-0.000450405j -0.00160823-0.00182283j 0.000342898-6.77431e-05j -0.00196517-4.79916e-05j 0.00339779+0.00183451j -0.00214491+0.00145773j 0.00301554-0.00131058j 0.000285554+0.00161497j 3.29394e-05+0.000319965j 0.000709093-0.00165599j 0.00432743+7.39374e-05j 0.000965108+0.00194695j -0.0023965+0.00284656j -0.00490425+0.00036245j -0.00153032-0.000942405j -0.00101361+0.00184115j 0.000310906+0.00357715j 0.00409003-0.000932534j -0.00215271-0.000972771j 0.000355698+0.0011622j 0.00135869+0.000874356j 0.000469414-0.00107029j -0.00152305+0.00121334j -0.00309105+0.00302176j 0.00208526+0.00185965j 0.00048506-0.000897668j -0.00380734+0.00158027j -0.00100744+0.000280398j -0.00280433-0.00197722j 
-0.00103824-0.00238955j -0.0019799+0.00546373j -0.00177002-0.00110563j 0.000175386-0.00210081j -0.00411343-0.00124058j -0.000827655-0.003646j -0.00123718-0.00434831j -0.000637043+0.00082939j 0.00255467+0.00318298j -0.00102564-0.00202039j -0.000804787-0.00055645j -0.003911-0.00199078j 0.000602179+0.000664337j 0.00194421+0.00302329j -0.000927294-0.00087756j -0.000725959-0.00275562j -0.000930813-0.000130627j 0.00267334+0.000351746j 0.00340581+0.00190883j -0.00208532+0.00131985j 0.00306326+0.00351475j -0.00145088+0.000511703j -0.00390254-0.000580243j 0.000211045-0.000487902j -0.00218661+0.00153495j -0.000499452-0.000365097j 0.00050099-0.00119663j -0.000289833+8.20006e-05j 0.00214152+0.00101866j 0.00072576-0.00304121j 0.00365536+3.7052e-05j 6.57066e-05+7.58945e-05j 0.000109208-0.00393884j 0.000765797-0.00263613j -0.0023794-0.00319543j 0.00231552+0.00330611j 0.00460761+0.000946496j -0.00333571-0.0022853j -0.000713261+0.00268001j 0.00285485+0.000759272j 0.00204331-0.00388751j 0.00614637+0.00377516j -0.000325089-0.00237148j -0.000782421-0.000204298j -0.00234766-0.00157696j -0.00151389-0.00287255j 0.00196418-0.00171818j 0.00095127+0.00122745j 0.00110564-0.00223255j 0.00126611+0.000647603j 0.0029581+0.00240048j 0.00113905+0.000379507j 0.00380634-0.0017831j 0.00166521-0.000760473j 0.00328782+0.0011154j 0.000390569-0.00145343j 0.00128681-0.00481146j -0.00138596+0.00211135j 5.95466e-05+0.00144699j -0.00273556+2.32369e-05j -0.00124841-0.000940714j 8.6243e-05-0.000911476j 0.00102554+0.0023213j -9.82503e-05+0.000971339j -0.00176867+0.00224074j -0.00112593+0.00393086j 0.00129326-4.13175e-06j 0.00231127-0.00121937j -0.00229928+0.00189695j 0.00218267+0.00156114j 0.00490648+0.00209322j -0.00250013-0.000747729j 0.00339468+0.00157787j 0.00305848+0.0022979j 0.00288889+0.00270821j 0.00373505-0.00127323j 0.00279857+0.000158325j 1.05536e-05+0.00108163j -0.000326096-0.00210059j 0.00345422-0.00130621j -1.61381e-05-0.000868325j -0.00325315+0.00163446j 0.000905617+0.000447668j 0.0033225-1.50617e-05j -0.00497608-0.000135957j -0.00016834-0.00134197j -0.00132779-0.0026773j 0.00172279-0.00216263j -0.000232474+0.00244647j -0.000764477+0.00242419j 0.0021571+0.00100185j -0.00252218-0.00174285j 0.000425101-0.00125303j 0.00513297+0.000721224j 0.000652011-0.000114027j -0.00156902+0.00358765j 0.000559986-0.000607146j 0.00258225-0.000101905j 0.000782346+0.00213433j 0.00336229+0.00321673j 0.000291301+0.000249505j 0.00200857+0.000937796j 0.0030817+0.00203808j -0.00185385+0.00324399j -0.00250231+0.000658641j 0.000612555+0.000853329j -9.98948e-05+0.000953799j 0.00279586+0.00196706j 0.000823105+0.000992776j -0.00238249-0.00227269j 0.00113929-0.00160559j -0.0015382-6.54184e-06j -0.000148678-0.00187415j -0.00120302+0.00118699j 0.00207297+0.00143529j 0.00143811-0.00129358j 0.00138931+0.0025633j -0.00116883+0.0014823j -0.00247288+0.00111852j 1.44071e-05-0.00213873j 0.00062984+0.00386969j -0.000273807-0.00145295j -0.000231627+0.000202737j 0.000708679+0.000610822j 0.00177845-0.000324794j 0.00178338-0.0027711j -0.00460401-0.000293816j -0.000157826+0.00105013j 0.00210449-0.00345448j 0.000862966+0.00240775j 0.00153985+0.00422161j -0.00308364+0.000389122j -0.00131474+0.00256951j -0.000124569-0.00311182j -0.00169433-0.000249236j -0.00316856+0.00196411j 0.00424442-0.00252468j -0.000924773-0.000987103j 0.00471509+0.00151608j -0.000898768+0.00150156j -0.0017062+0.00382475j -0.00374162+0.00181117j -0.00299198+0.00129351j -0.000755743-0.00042676j 0.00188185-0.00159908j -0.00605344+0.00287199j 0.00369394+0.000324689j -0.00261654+0.00180389j -0.00118171-0.00260722j -0.00129064-0.00251222j -0.00235436-0.00114046j 0.00108644+0.000493585j -0.00133812+0.0010916j 0.00341493+0.00171653j 0.00164602+1.81054e-05j -0.000495213-0.00202864j -2.62464e-05-0.00226933j 0.00143495-0.000299201j -0.00352822-0.00299955j 0.00373464-0.00307028j 
0.00562116+0.000492272j -0.00179009+0.000590942j -0.00153474+9.38592e-05j 0.000562789+0.00219273j -0.00537355+0.00102004j 0.00231336+0.000894381j -0.000332845-0.000424929j -0.00319366+0.00102966j 0.00279134-0.000119254j 8.56035e-05+0.00124102j -0.0024931+0.00147082j -0.00224589+0.00026573j 0.000116186-0.000796742j -0.00309168+0.00477404j -0.000743853-0.00550001j -0.000248214+0.00225826j -0.00101884+0.000265417j -0.00297472-0.000219979j -0.000650666-0.000593736j 0.00127836-0.000322581j -0.00211084-0.00364662j 0.00221461+0.000217723j 0.00406401+7.39401e-05j 0.000271473+0.00142044j 0.000699605+0.000705077j -0.000541849-0.00139495j 0.00100605+6.83958e-05j -3.22017e-05+0.00139796j -7.14978e-05+0.0117724j 0.00538234+0.00250129j 0.00101062+0.00218768j -0.000824356-0.00162412j 0.00441964+0.00118392j -0.00499503+0.00401249j 0.00117181+0.0038202j 0.00140597+0.00318338j 0.000488815+0.000384766j -0.00181006+0.000814178j -0.00142976-0.00347027j 0.00172206-0.00250998j 0.0010366+0.00328213j 0.00161668+0.000735008j 0.00235007+0.00172096j -0.000980859+0.000166961j -0.00403752+0.00088148j 0.00208392+0.00186705j 0.000715338-0.0025556j -0.000666996+0.000873746j -0.000284276-0.000837033j 0.000919939-0.000697024j -0.000202813-0.00176062j 0.00406927+0.000989767j -0.00247779-0.00398264j 0.00199255+0.00346176j 0.0019649+0.000895034j -0.00408032+4.30145e-05j -0.0030466+0.00289192j 0.000168611+0.000576869j 0.00212955-0.000588823j 0.00347091-0.00135353j 0.000563943+0.00384413j 0.000204939+0.00208546j -0.0012595-0.00045153j -0.00265616-0.000326327j -0.0023178-0.00313021j -0.00329693-0.000464778j 0.0026713+0.000286726j -0.000190067+0.00170196j -0.00216682-0.00168334j 0.00142542+0.00354071j -0.000677797+0.0012812j 0.00359189-0.00165965j -0.00207514-0.000540686j 0.00189983+0.00320544j -0.00385877-0.000987741j -0.00377316+0.00247572j -0.00072218-0.00132185j 0.000506935-0.00184538j -0.00214294+0.00141374j -0.000787522+0.00302842j 0.000179974-0.00653353j -0.00543506-0.00443501j 7.2169e-05-0.00441134j 0.00277848+0.00138055j 0.00202642-0.00183609j -0.000536392+0.00212016j -0.000320687+0.00573196j 0.00465948-0.000461504j 0.0033227-0.00172277j 0.00106703-0.00240058j 0.000224556+0.000613058j -0.000119438-0.00373396j 0.00443811+0.00100408j -0.00182752+0.000975595j 0.000466393-0.0003196j -0.00300213-0.000372657j 0.00395641+0.000994633j 0.00294304-0.000517223j -0.00270848+0.000475815j -0.00113856+0.000465134j -0.000486853-0.00100082j -0.00361097-0.0024984j 0.00245348+0.00158534j 0.00197256+0.00373624j -0.00290935+0.00206156j -0.000472876-0.00175141j 0.000855262-0.00167881j 0.00599163+0.00288478j 0.0015907-0.00291689j -0.00296421+0.00151537j 0.000253656+0.00167928j 0.0021482+0.00120138j 0.00179913+0.00313488j -0.000754848+0.00176799j 0.00238128-0.00192258j -0.00398144-0.000738253j 0.00416433+0.00341096j 0.00059777-0.000710774j -0.000979499-0.00157542j 0.0018816-0.00122078j -0.000171111+0.000276991j -0.00124087+0.000973158j 0.00189618+0.00240352j -0.000584812-0.00226968j -0.000436932-0.00186865j 0.000522309+0.000314423j 0.000823145+0.00225279j 0.00163733+0.00103194j -0.00163524-0.000559792j -0.00136988-0.00109117j 0.000919785-0.0017453j -0.000908213-0.00344287j 0.00108896-0.00107407j 0.00123965+0.000809285j 0.0015622+3.65804e-05j -0.00170305+0.00352523j -0.00112658-0.000393393j 0.00148058+0.000591045j -0.00294134-0.00210127j -0.000869434+0.000975477j -0.00189496+0.00180204j -0.000223467+0.000524382j 0.000850681-0.00104416j 0.00201892-0.00133828j -0.00124686+0.0012577j -0.00268421-0.00142832j -0.000263138+0.000349484j 0.000266549-0.00062483j 0.00126129-0.000482026j 0.00252824-0.00103093j 0.00264664+0.0010416j 0.00335402-0.000841253j -0.0027883+0.000690145j 0.000301565+0.00123694j 0.000245359+0.00322759j 0.00303073+5.25193e-06j 0.000351144+7.24771e-05j 0.00131936+0.00285594j 0.000727328+0.00181778j -0.00220659+0.0027696j 
0.000155163+0.00281021j 0.000275522-0.00156558j -0.00035402+0.000709419j 0.00057344-0.000646177j 0.00036973-0.00286765j -0.00251695+0.002282j -0.000529284-0.00152892j -0.0032678-0.000360907j -0.00218304-0.00280157j 0.000903909-0.000165148j 0.000439003-0.000149959j -0.000558267-6.89597e-05j 0.00105079+0.000652572j -0.00151055+0.00247896j -0.00157687-0.000355169j -0.000846028-0.000688534j 0.00152185-0.00661262j -0.000265225-0.000487167j 0.00338918-0.00132039j -0.00349532+0.00417696j -0.00162553-7.78545e-05j 0.00350964+0.00145753j -0.00111135+0.00120715j -0.00126993+0.00165835j 0.000253305+0.00154415j -0.000699167+0.00226494j -0.00166359-0.000172126j 0.00127695-0.0022701j 0.00158504-0.00116111j 0.00299937-0.00120701j -0.00356231-0.00228511j -0.000252614+0.00112767j 0.00146481+0.00669707j -0.00618886-0.00775478j 0.00247054-0.000537999j 0.00555179-0.00286302j -0.00406476-0.00175626j -0.00560024-0.00143126j 0.00467039+0.0036199j 0.00520321+0.00475981j -0.00244656-0.00203553j 0.00104754-0.00448694j 0.00296688-0.00609776j -0.00414245+0.00210676j 0.000499475+3.62959e-05j -0.00385467-0.00708377j -0.00277143+0.00351638j 0.00111182-0.000170061j -0.00274912-0.00193832j 0.000484585-0.00213443j 0.00144389+0.00301149j 0.00147721+0.00225895j 0.000306592+0.00104554j -0.000986684+0.000162615j -0.00186323-0.000655545j -0.00142841-0.00296584j -0.000920303-0.00215435j 0.00263891+0.00335184j 0.000108685+0.000718994j -1.89028e-05+0.00398773j 0.00261789-0.00554881j -0.00293473-0.00509316j -0.00166197-0.000153358j 0.00440868+0.0036354j -0.002001+0.000549207j 0.002751+0.0022581j -0.00115933+0.000159148j -0.00117535+0.00138902j 0.00206511-0.000981625j -0.00219721+0.00294568j -0.00220462+0.00014499j -0.00275115-0.000200361j 0.000426774+0.00560764j -0.000226022-0.00354723j -0.00119316+0.00655183j 0.00246688+0.000852689j 0.0016316-0.00246387j 0.00250477+0.00321481j 0.00255829+0.00581089j 0.00351624-0.000849159j -0.00179265-0.00387438j 0.0024601+0.00566885j 0.00162029+0.00196251j 0.00388406-0.00606389j 0.00369374-0.00506528j -0.00346271-0.0011021j 0.00291001-0.00333868j 0.00267032-0.00155583j -0.00239963-0.00137764j 0.000716608-0.000288806j 0.00245673+0.000900809j 0.0042691+0.00365481j 0.00341379+0.00471831j 0.00317822+0.00271291j -0.00132698-0.00353548j -0.00078035+0.00232572j 0.0011752-0.00270693j 0.00302415+0.00158021j 0.00112386+0.00597008j 0.00476906-0.000113909j -0.000257625+0.00230177j 0.00222032+0.00230396j 0.00452807-0.000681907j -0.00153288+0.00171758j -0.00143248+0.00105233j -0.000746449-0.00040579j -0.00320056+0.00555409j -0.00222285+0.0012133j 0.0041108+0.00351662j -0.00129105-0.000635394j -0.00285668-0.00131861j -0.00225046-0.00196187j -0.0042805-0.0015886j 0.000722632-0.00153485j 0.00402185-0.00176705j -0.00309042-0.000633426j 0.00170226-0.00171116j -0.000227443+9.5537e-05j 0.00254238-0.000996178j 0.00322793+0.000669047j -0.00031651+0.00284209j -0.00137015-0.00141255j -0.0042221-4.74851e-05j 0.0015703-0.00025364j -0.000561236+0.00260571j -0.00332681-0.0014111j -0.00215256-0.00320816j -0.000638377-0.00163807j 0.000259233-0.0039804j 0.00133137+0.00384382j -0.00134925+0.00080611j 0.00266316+0.00278996j 0.00148151+0.000216937j -0.00230792-0.00104906j -0.00384626+0.00352833j 0.000813828-0.0012136j 0.000168565-0.00912426j 0.00155943-0.00620971j 0.00252887+0.00114282j -0.00202562+0.00637851j 0.00104559-0.000140708j 0.0018404-0.00230984j 0.00325612+0.00169453j 0.00124557+0.00259896j -0.00456489-0.00136709j -0.001661-0.000904022j -0.00127997+0.000429423j -0.000402282+0.00281451j 0.0040519-0.00146193j 0.000667802-0.00399837j -0.00118058+4.38878e-05j 0.000324537+0.00191846j 0.00268278+0.000994965j 0.00155614+0.0034705j -0.00217583+0.00143051j 0.00129115+0.00128619j -0.000418739+0.00120577j -0.0017039+0.00158339j -0.000533058+0.000884315j -0.00222316-0.00234383j 
-0.000710793-0.00255663j 0.00339886-0.00336798j -0.00180429+0.000111151j 0.000862187+0.00168537j -0.00215077-0.000160781j -0.00125301+0.00566808j -0.000414228-0.00118849j -0.00185539+0.000978671j -0.00141006-0.00235704j -0.00263824+0.00263033j -0.000477927-0.000406359j -0.00191938-0.000317666j -0.00113364+0.000479652j -0.00158834-0.000395264j 0.00115104+0.00320686j -0.00384827+0.00216258j -0.00313252+0.00510461j -0.00132716+0.00322774j -0.00910701-0.000842892j 0.00509558-0.00610099j 0.000259771-0.00299889j 0.00210019+0.000780158j 0.00423291+0.00380414j 0.00143287+0.00226678j 0.00234172+0.000839073j -0.000488948-0.00152589j 0.00178007-0.00077636j 0.00186471+0.000395883j -0.00430417-0.00337493j -0.00221628-0.00245901j 0.00215584-0.00215415j 0.00154241+0.00560398j -0.000921027+0.00252868j -0.000380259+0.00234378j -0.00237986-0.00641495j 0.00392002+0.00429966j 0.00851546-0.00263811j 0.00295803+0.000519373j -0.0015568+4.64567e-05j -0.00106352+0.00301414j 0.00179585+0.000284443j 0.00408349+0.00421794j -0.00388893-1.15731e-05j -0.00220098-0.00297223j -0.00202857-0.00474974j -0.000361007+0.000213996j 0.00294836+0.00279861j 0.00205043-0.00199191j 0.000597889+0.00344655j -0.00205818-0.00131313j 0.00181106+0.0045085j -0.000593423-0.00259017j 0.00636143+0.00109396j -0.00116612-0.00260834j 0.00354167+0.000674724j 0.00174942-0.000114562j 0.000372986+0.000767264j -0.00076639-0.00211486j -0.00199012+0.000168843j 0.000462603+0.00115442j -0.00293339+0.00188852j 1.95775e-05-0.00159313j 0.000985443+0.00185494j -0.00108042-0.00136842j 0.000545491+0.000169135j 0.00177329+0.0014739j -0.00190778-0.000920971j 0.000129857-0.00219675j 0.000924824+0.00175273j -0.000818221+0.000181118j 0.000929873-0.00264956j -0.000281732-0.00185637j 0.0050471-0.000133181j 0.000215328-0.00102442j 0.00180428-0.000470515j 0.00304027+0.0015083j -0.00284494-0.00165727j 0.00333177-0.00252044j -0.00207991+0.00108815j 0.00311202+0.000832047j 0.00253388-0.00672626j 0.00485326+0.00144741j 0.00409971+0.00484484j 0.0011544+0.000362788j -0.00196551-0.00261286j -0.000620999-0.00358593j 0.00295648+0.00353335j 0.00426172-0.00392561j 0.00077711+0.00126237j -0.00322292+0.000280446j 0.00525742-0.00257842j 0.00105468+0.000101918j 0.00359784+0.00568421j 0.00525788+0.00546071j -0.00148808-0.00401043j 0.00143417+0.00134229j -0.000802087-0.000698314j -0.00100838-0.00446116j 0.0010303+0.00360901j 0.000417953-0.000297404j -0.00454913-0.00452687j 0.00305184-0.00073695j -0.000176909-0.00128563j 0.00201412+0.00155125j 6.55492e-06+0.00429097j 0.000867311-4.92922e-06j 0.000747235+0.0028571j -1.86044e-05-0.00372669j -0.00156543+0.000187456j 0.00166115+0.00080045j -0.00106786+0.00160533j 0.00310628-0.000598651j 0.00092191+0.000985957j 0.000249246+0.000709745j 0.00178957-0.00483919j -0.00245015+0.000284072j 0.000119268-0.000944591j -8.23221e-05-0.00174353j 0.000507092-0.000714686j 0.000673582+0.000454094j 0.000114094-0.00238593j 0.0023294-0.000162547j 0.000322062-0.000232618j 0.000633731-0.00232423j -0.000837113-9.72343e-05j 0.00293015-3.91595e-05j -3.00874e-05-5.56121e-05j -0.000781492+9.67347e-05j -0.000297063-0.00162277j -0.000859097-0.000923528j -0.00119292+3.02566e-05j 0.00323843+0.00162596j -0.0006764-0.00264274j 0.000526892-0.00264315j 0.000276858-0.00158342j 0.000824626-0.00212001j -0.00239121-0.0053858j 0.0003706-0.00348656j 0.00120221-0.00259675j -0.000732181+0.00389367j -0.00118781+0.00215475j 0.000406102-0.000316398j 0.0020213+0.00151737j -0.00243902+0.0045697j -0.000391185+0.00204696j 0.00234079-0.0042811j -0.00241603-0.00126387j 0.00058333-0.00122294j -0.000570483+0.0010288j 0.000251967+0.00180895j 1.75234e-05+0.00200425j 0.00327007+0.00416428j 0.00184558+0.000458726j 0.0011388-0.000341465j -0.00341714+0.00144331j 0.00124065+0.00174538j 0.000671492-0.00117861j -0.000585937-0.000916957j 0.000427167+0.00218449j -0.00161863+6.55123e-06j 
0.00211599+0.00252329j -0.000812852+0.00250915j 0.00407531+0.00168231j -0.00118713+0.000951286j 0.00248838+5.58035e-05j 0.000921784-0.00132992j 0.00129241-0.00020506j -0.00140639-0.000152649j -0.00294992-0.000882j 0.00353612-0.00228321j -0.00179403+0.00101189j 0.00399341+0.00240543j -0.000161947-0.00164059j 0.00367449+0.00100957j -0.000533239+0.000443597j -0.000579475+0.00269983j -0.00144721+0.00105471j -0.00158583-0.00176923j 0.00377331+0.00250426j 0.00108946-0.00318784j 0.00164267-0.00361371j 0.00189252-0.006857j 0.0048026-0.00120597j 0.00339695+0.00288216j 0.00396686-0.00260051j 0.00246938-0.0015856j 0.000419581+0.00259631j -0.00294473+0.00295902j -0.000103153+0.00115329j -0.00214853-0.00262777j 0.000639674+0.00227043j -0.000716666-0.00647061j 0.00405199-0.0020114j -0.00703619-0.00157202j -0.00384445+0.00562067j -0.00221002-5.16013e-05j 7.87031e-05+0.00160733j 0.0031812+0.000996113j -0.00397104-0.00230562j -0.00186981-0.00268502j 0.000270978+0.00479435j 0.000431403+0.000352328j -0.000518735+0.0028548j -0.000722681-0.000445886j -0.00165933+0.00151395j 0.00185159+0.00256345j 0.00180089-0.00171346j -0.0017256-0.0015072j -0.000524279-0.000523352j -0.000615027-0.000504179j 0.000422297-0.00101677j 0.00192429-0.00062589j -0.00299982-0.0016075j -0.000271527-0.000353657j 0.0012609+0.0010075j 0.000517592+0.00135012j -0.00211668+0.00226491j -0.000974381-0.0020686j 0.000818183-0.000230962j 0.00336035-0.000324331j -0.000784764+0.00138232j 0.00134335+0.00516493j 0.00107644+8.44528e-05j -0.00293174-0.00202438j -0.00178368+9.98771e-05j -0.00109193-0.00102861j 0.00364403-0.00142029j -2.23534e-05+6.86553e-06j 0.000440256-4.99113e-05j -0.00100404-0.00174562j 0.00269763-0.00113061j 0.00159048-0.00015687j -0.000574746+0.00315825j 0.000534516+0.00290278j 0.00448683+0.00277457j -0.000693856+0.00182511j 0.000814883-0.000974349j 0.00130408+0.000739318j 0.00318165-0.00298419j 0.000886215-0.00482136j -1.1022e-05-0.000330695j 0.00326267-0.00113905j 0.00192632+0.000949758j 0.00216926-0.000881391j -0.00316921+0.00143419j 0.00262903+0.00196793j 0.00144659+0.00184657j -0.00111065+0.00163982j -0.000510547+0.00152009j 0.0041066+0.000945092j 0.00339819+0.000978464j -4.1202e-05-0.00282118j 0.000863469-0.00236673j -0.00207665+0.000356192j -0.00344681-5.28976e-05j -0.000140405+0.00048857j 0.000528431+0.000741789j -0.000450927-4.69913e-06j -0.0012738-0.00162329j -0.00140932+0.000934445j -0.0010368-0.00101935j 0.000929307+0.00120964j -0.000558799-0.00114461j -0.00473745-0.00311442j -0.0016654+0.00279639j -0.00200183+0.00194703j 0.00140753-0.000588952j -0.00220148+0.00139446j -0.000845137+0.00224189j 0.000226826-0.00476932j -0.000453141-0.00137188j -0.0010865+0.000199225j -0.00237083-0.00173504j 0.00118562+0.001533j -0.000621946-0.000252623j -0.000414892+0.000106086j -0.00131794+0.000281285j -0.000865853-0.00232663j 0.000404638+0.000249392j 0.0010265+0.000226267j -0.000448236-0.00413509j 0.00461287-0.00072313j -0.000148823+0.00168607j -0.00268756+0.0044222j -6.52426e-05+0.00133674j 0.00118819+0.00184101j -0.00226445+0.00138999j 0.000977778-0.000158342j -0.00171631+0.00204027j -0.000268648-0.00117969j -0.00111168+0.000249554j 0.000299661+0.000286373j -0.00067942-0.000303117j -0.0010885+0.000653104j 0.000759481-0.00156502j -0.0020409-0.00183282j -9.98257e-05+0.00194522j -0.000731827-0.00112428j 0.00185665-0.00177972j 0.002888+0.00120681j 0.00277893-0.00139377j -0.000380423-1.93499e-05j 0.00181112+0.000679903j -0.000765433-0.000239737j 0.00202241+0.000234183j 0.00390293-0.00278803j -0.000271895+0.0011406j 0.000853717+0.000310614j 0.00127983-0.00169818j 0.00323599-1.41695e-05j 0.000539649+0.0021682j -0.00255655+0.00166061j 0.000292754+0.000381486j -0.00112821-0.000701906j 0.00112909-0.000816364j -0.000145856-0.000960976j 0.000280886+0.000416298j -0.000746719+0.00232667j 0.00135426+0.00116633j -0.00212314+0.00142749j 
-0.00583324-0.00520983j 0.000298347+0.00215567j -0.00200712+0.00105755j 0.0016502-0.00123222j 0.00270895+0.00107061j 0.00111105+0.00508933j -0.00134321+0.00498011j 0.00568251-0.00304186j 0.00193515-0.00026291j -0.00593788+0.00959122j 0.00430548-0.00758874j -0.000582236-0.00113286j -0.0016797-0.00197531j 0.000316927-0.000365368j -0.00125636-0.00148434j 1.99122e-05-0.000469232j 0.000239438+0.000289472j 0.00178177+0.00139557j 0.00236314+0.00018848j -0.00396534-0.000596921j 0.000962762-0.00071647j -0.00190218+0.00223443j -0.00467012-0.00244156j 0.00118727+0.000678149j -0.00306708+0.00651868j -0.00180041+0.00360001j -0.00161627-0.00300787j 0.00099913-0.00316702j 0.00470215-0.00204994j -0.000403562+0.00111574j -0.00017921+0.000362096j -3.10214e-05+0.00141085j 0.00326621-0.00455481j -0.00104965+0.00144086j 0.00469214+0.0022476j 0.0018006+0.000288848j 0.0058332+0.00150245j -0.00200443-0.00217222j 0.00413044+0.00531634j -0.000828211+0.00378254j 0.000433226+0.00398677j -0.00470384-0.00399037j 0.000656897-0.00279776j -0.00151748+0.00104364j 0.00141389+0.0001212j -0.00146107-0.00118464j -0.000123928-0.000196747j -0.00202308+0.000822145j 0.00340664-0.00242922j 0.00257271+0.00475954j 0.00139739-0.00447985j 0.00137994-5.80034e-05j 0.00278799+0.000271464j -0.00195938+0.00518402j 0.00261566+0.00360152j 0.00232422-0.00425586j 0.000492659-0.00288915j -8.7698e-05-0.00238705j -0.00288545-0.00278147j -0.000459104-0.000683062j 0.00119503+0.000253393j -0.0017249+5.77483e-05j 0.000769845+0.00239862j -0.00143463-0.000218295j 0.00277571+0.00636758j -0.000899101+0.00129327j 0.000354435-0.000510235j 0.00611669-0.00127567j -0.0010193-0.00110005j -3.94825e-05+6.3173e-05j 0.0014385+0.0052646j -0.000299119-9.25597e-05j 0.00246794+0.00360823j -0.00140405-0.00168161j 0.000712784-8.16411e-05j -0.00407317+0.00383945j 1.6699e-05+0.000961539j -0.000113638-0.000869042j 0.00572102-0.00722528j 0.00313282-0.00521982j -0.00330137+0.0047504j -4.37171e-05+0.00185435j 0.00136439+0.000691779j 0.00165119-0.00201327j 0.00331145-0.000933245j -0.00416743+0.00198272j 0.00397664-0.000460836j -0.000316145+0.000838258j 0.00279283+0.000302266j 0.00314512+0.00340949j 0.000511968-0.0010166j -0.000307808-0.00364643j -0.00252844-0.000176676j -0.00131014+0.00454187j 0.000800804-0.000592387j -0.0032609-0.00332202j -0.00206176-0.00177087j 0.00233242-0.000665136j -0.00247649+0.00103529j 0.00250726+9.99115e-05j -0.00211145+0.000147131j 0.00213748-0.00146705j -0.0011404+0.00103989j 0.00466902+0.00158524j 0.00157297-0.00202905j -0.00135489-0.00223386j -0.0016923+0.00333649j 0.000442771-0.00263037j 0.000458693+0.000758691j -0.00307456+0.00341286j -0.00302572+0.000995204j 0.00340959-0.000566399j 0.000670921+0.00498471j -0.0028577-0.000309236j -0.00109807-0.00113147j 0.000480322-0.00264257j -0.00240354+0.00467763j 1.79759e-05-0.00194005j 0.00346712+0.000260246j -0.00176312-0.00186959j -0.0014667+0.00201673j -0.00229789+0.000302148j -0.00103883-0.00317286j 0.00251141-0.00113225j 0.000648361+0.000412348j 8.2561e-05+0.00179177j 0.00220702-0.00334493j -0.000967509+0.0012101j 0.00215135+0.00195526j 0.000518118-0.0015282j -0.00333923+0.00251812j 0.00363195-0.0012671j -0.00138895+5.96816e-06j 0.00190258-0.00118199j -0.00184747-0.00233446j -0.00210425-0.000851616j -0.0026193+0.00132071j 0.0038285-0.000496619j 0.000795773+0.00351373j 6.52485e-05+0.000359414j -0.000106339+0.00238201j 0.000778214-0.00106907j -0.00289834-0.00134892j -0.00548056+0.00135838j 0.00173667-0.0022841j -0.000631442-0.0010331j 0.00212518+0.000318945j -0.00302679+0.0016203j -0.000859177+0.00116014j -0.00372098-0.00333806j -0.00422252+0.000603985j 0.00267009+0.00224794j 0.00162049-0.00624606j -0.00170849-0.00108704j -0.00173626+0.00135575j 0.00347331+0.000334748j 0.00376982+0.000427136j -0.00306793-0.00356368j -0.00434136-0.00609337j 0.00738416-0.00563749j 
-0.00646404+0.000276055j -0.00432209-0.000962816j -0.00211447-0.00192167j 0.000905741-0.0036707j -0.00202832-0.00332457j -0.00193935-0.00438143j -0.00185166-0.00304157j 0.00204506+0.00156341j 0.0014965+0.00516214j -0.00167462-0.00235815j 0.00168176-4.84545e-05j -0.00477036-0.00201583j 0.00212058+0.0024995j 0.0028921+0.00200902j 0.00356935+0.00192049j 0.00338723-0.000869111j -0.00254733+0.000822468j -0.000102886+0.000931002j -0.00282505+0.000647602j -0.00289185-0.00223552j -0.00400424-0.00216817j -0.000914915+0.00467212j -0.00301528-0.000802753j -0.000448694+0.000574435j 0.000402396+0.00403007j -0.000116079+0.00282076j -0.00300276-0.00147397j 0.000270344-0.00308199j -0.000720131-0.00491896j -0.00495934+0.000231948j -6.39861e-05-0.0049395j 0.00356532-0.00170997j 0.00523482-0.0048879j 0.00255064+0.00423547j -0.00718992+0.00235803j 0.00408945+0.000104446j -0.00105745-0.00390026j 0.00409011+0.00271688j -0.00489534-0.00262487j -0.00189656-0.00523236j 0.00120133+0.00234055j -0.000206585+0.00169796j -0.0019134+0.00750651j 0.00185034-0.00148645j 0.000636058+8.48181e-05j 0.00183419+0.00179013j -0.000613034-0.00137155j 0.00253499+0.00267793j 0.00180957+0.00172545j -0.00270923+0.00190125j -0.000846334-0.00136519j -0.00197493-0.000322491j -0.00151188+0.00107042j -0.00269688-0.00156054j -0.000188528-0.00377357j 0.00390033-0.00109963j -0.000451167-0.00082253j -0.0059228-0.00128572j -0.00341572+0.00219162j -0.0036719-0.000232586j -0.00159368+0.00340293j 0.000265608+0.00373273j -6.54886e-05-0.000790654j -0.00297298-0.0027775j -0.000672298+0.00290686j 0.00138823+0.00325006j -0.000165807-0.000223885j -0.00158648-0.00157178j 0.000413203+0.00322053j -0.00252054-0.00187447j 0.00169762+0.00184273j -0.00304159+0.00250127j -0.000771014+0.00477293j 0.00314868-2.4371e-05j 0.0021893+6.21579e-06j 0.00185536-0.00564161j 0.00241631+0.000619769j 0.00074384-0.000441059j 0.00244808-0.00448966j 0.00562135-0.00288878j -0.00201106+0.00226534j -0.00403568+0.00108917j -0.000526814+0.00285535j 0.00487464+0.00254069j -0.00354628+0.00366644j 0.00310813-0.00163673j 0.000805491-0.000613093j -0.00142449-0.00311456j 0.000646177+0.0014276j -0.00122025+0.00305232j -0.000791468-0.00149j -0.00613486-0.00146919j -0.000791871-0.00554407j 0.00209474-0.00271951j 0.0013207+0.000698306j -0.00368792+0.000914052j 0.00152081+0.000108717j -0.000669244-0.00607505j 0.00074068-0.000364051j 0.00197015-0.000541344j -0.000753547-0.00108406j 0.00181455-0.0037666j 0.00419253+0.000371667j 0.00165428+0.000920522j -0.00338584+0.00224671j 0.000357252+0.00147572j 0.0051049+0.0015761j 0.00260508+0.00177375j 0.000950787+0.0025559j -0.00301333-0.00450382j 0.000889092-3.56695e-05j 0.000718739+0.000379817j 0.00229179+0.00156669j -0.00097039+0.00169059j 0.0012696+0.00179448j 0.0026114-0.0038492j -0.0021978+0.00475354j -0.00042669-0.000830641j -0.00259779+0.000999634j -0.00318153-0.00466165j 0.000556208+0.00104653j -0.00159992-0.00358351j -0.000176518+0.0028168j 0.00294296+0.00205322j 0.00217265+0.000989422j 0.000811828-0.000486115j -0.00513136+0.000819827j 0.000443179+0.00446571j -0.000338214+0.00144615j 0.000996557-7.96436e-05j 0.00134277+0.00180934j 0.00128957-0.00154472j -0.00207704+0.00231415j 0.00059624-0.000209034j -0.0029981-0.00219486j -0.00169792+0.00324262j 0.00291694+0.00413363j -0.0011229+0.00206057j 0.000766226+0.0011249j -0.000272981-0.00171775j 0.00292587+0.00320283j -0.00253215+0.000472596j -0.00304764-0.000573348j -0.00314618-0.0051489j 0.00498719-1.47187e-06j -0.00469827+0.00346186j 0.00240246-4.02939e-05j -0.0010891-0.000301208j -1.60751e-05-0.00328498j 0.000701321-0.00275567j -0.00168717-0.00132431j 4.56588e-05-0.00225347j -0.00326519-0.00214028j -0.000394253-0.0019858j 0.00354413-0.00405001j -0.00367945-0.00270119j -0.00519369-0.00351399j -0.00432066+0.00125456j -0.00137426-0.00377126j 0.00451784-0.00350749j 
0.00156212+0.00645409j 0.000163905-0.0028512j -0.000690496-0.00235606j 0.0011321+0.000820134j -0.00373038+0.00117437j 0.00134907-0.000669264j -0.000869495+0.00161114j -0.00263693+0.000249191j 0.00287954-0.000412776j 0.00132439-8.09157e-05j -0.00235318+0.00307329j -0.00273287+0.000704922j 0.000991166+0.000714812j -0.00346242-0.00440462j 0.00593438-0.00543415j 0.0011712-0.00239241j 0.00232594-0.00295326j -0.0027593-0.000752092j -0.00174326-0.00147594j -0.00136056+0.00559486j -0.00358852+0.00152107j 0.00050752+0.0036801j -0.000223661+0.000256516j -0.00244764-0.00064213j 0.000187727+0.000837521j 0.00144537+0.00120287j -0.000811822-0.00148672j 0.000766752-0.00147254j -0.00823134+0.0016123j -0.00212954+0.00928897j -0.00617353+0.000542936j 0.00156174+0.00415868j -0.00263495-0.00208735j -0.00107146-0.00268131j -0.00179692+0.00236975j 0.00545128+0.00245081j -0.000463087-0.00261676j -0.0013593+0.000410272j -0.00213828-0.0006025j 0.00264453-0.0023113j -1.41105e-06+7.81064e-06j 0.00474672+0.00210702j -0.00118074-0.00285813j -0.00266736+0.00141471j 0.00273303-0.000509944j -0.000513985-0.00556558j 0.00175605+0.00135269j 0.00551374+0.00220744j 0.000104183-8.10187e-05j -0.00388834-0.00135712j -0.00199134+0.00418069j -0.00188285-0.00130701j 0.000152565+0.00111791j 0.00115938+0.00115229j -0.00177976-0.0019563j -0.00299699-0.00114923j -1.08598e-05-3.24961e-05j -0.000145415+0.00563274j 0.000851352+0.000838002j -0.00116138+0.0027233j 0.000416501+0.000868743j -0.000541482-0.00408061j -0.00201142+0.000446886j -0.001223-0.0024187j -0.00114028-0.00200676j 0.000244468+7.65344e-05j 0.000573919+0.00329793j -0.00182776-0.00276394j -0.00225483-0.00377925j -0.00346872-0.000183721j 0.001094-0.0034278j 0.000828498+0.00231206j 0.00782151-0.000709789j -0.00371346-0.00324626j -0.00267722-0.000976321j -0.000240987+0.0018171j 3.33424e-05-0.000224166j -0.000456508-0.00283099j -0.00929435-0.00416581j -0.000317817-0.00308996j 0.00111842-0.000400874j -0.00117051+0.000394542j 0.000554551-0.00241405j 0.0020289+0.000246486j -0.0030679+0.00504483j -0.000775039+0.00245188j 0.00268781-0.000386251j 0.00104653-0.001138j 0.00274777+0.00381873j -0.00360767+0.00398532j 0.000787856+0.00153231j -0.00144664-0.00489347j -0.00201852-0.00351473j 0.00143057+0.0011189j 0.00277401+0.000429133j 0.00441139-0.0017744j -0.00127983-0.00403684j 0.00120351+0.00183082j 0.00307753+0.000452955j 0.0040989+0.00389954j -0.000295547+0.000695133j 0.00704442+0.00308217j 0.000511475+0.000922485j 0.00102959+0.00397283j 0.000585669+0.00057792j 0.00327665-0.00234568j -0.00123136+0.00250273j -0.00228611-1.04752e-05j 0.000716028-0.000452522j 0.00223429+0.00030017j 0.000213037+0.00033694j 0.000740976-0.0029732j -0.004847-0.00162133j -0.00135315+0.000819027j -0.00271954-0.00337658j -8.17957e-07-6.68305e-05j -0.00144057+0.00126933j 0.00173639-0.00324592j -0.00228888+0.000317702j 0.00336127+0.00488117j -0.00200255+0.000477006j -0.000188061+0.00343733j -0.000951895+0.00157839j -0.00396141+0.00420241j -0.00227452+0.00189637j -0.00248978+0.00238875j 0.00171411-0.00246236j -0.00126309-0.000153464j -0.000475152+0.00517091j 0.000893173-0.00272681j -0.00132093-0.00263327j 0.00144932-0.00280221j 0.000662594-0.00137254j -0.00245793+0.00286227j -0.00180839+0.00557048j 0.000424597+0.00202483j -0.00041738-0.00103943j 0.00257786+0.00116716j -0.000200368+0.00216813j -0.00132417-0.000218535j 0.00122309-0.00314692j 0.00347618+0.00221764j 0.00210174-0.00274371j -0.00229615+0.00245738j -0.00386392-0.00120122j -0.000579634-0.00340864j -0.00178429+0.00143016j -0.000289588+0.00183657j 0.00326498-0.000116488j -0.00035242-0.00086134j 0.00175565+0.000856533j -0.000330344-0.000419316j 0.000490119+0.0036075j -0.00497752+0.000907755j -0.00268291+0.00626588j 0.00583408+0.000640484j 0.000699173+0.00342354j 0.00120562+0.000235415j -0.00176944+0.00232093j -0.00483818-0.00288658j 
0.00513836+0.00548395j -0.000861981-0.000839993j -0.00424471-0.00159336j -0.00139697-0.00139455j -0.00559297-0.0028192j -0.0026844-0.00209025j -0.000178667-0.00408011j -0.0013296+0.00212934j -0.000144172+0.00133748j -0.000949093-0.00350476j 0.00110504+0.00321488j -0.000942875-3.04205e-05j 0.000635003+0.00220127j -0.0014628+0.00162987j -0.00522732-7.89432e-05j 0.00318274+0.00129739j 0.00311676-0.00162262j -0.00243105-0.00193592j 0.000309114+0.000446731j 0.00159797-0.00155239j -0.00155792-0.00133444j 0.000612234-0.00233956j 0.000996444-0.00307377j -0.000490453+0.000137998j 0.00166078-0.0019844j -0.00134942+0.00409973j -0.00220168+0.00262516j -0.00176452+0.00024369j 0.00314557+0.00506961j 0.00458266-0.000382556j -0.000247649+0.00053991j 0.000913199-0.00146975j -0.00490249+0.00237526j 0.00221714-0.00296144j -0.00729321+0.00120608j 0.000947653-0.000804452j 0.000296102-0.00264148j 0.000702678+0.000351376j -0.00304006+0.000880053j -0.000894842-0.00186471j 0.00248715-0.00307909j 0.00701543+0.00440979j -0.00294536-9.36053e-05j 0.000322531-0.000799628j -0.00240022-0.00338974j 0.00131074+0.000114425j -0.00144093+0.00151099j 0.00114353-0.00131882j -0.000609338+0.00203835j -0.00215306-0.00378902j 0.0011158+0.00392044j 0.000723732+0.0013527j 0.0014642+0.00103983j 0.000569606-0.00269981j -0.000802958-0.000931268j -0.00215531+0.0011792j 0.00090181+9.7478e-05j 0.000826978+0.00123632j 0.00171543+0.000848897j 0.000148438-0.000131535j -0.000977094-0.000466362j 0.00038244-0.0028267j -0.000208171-0.000130004j -0.000275963-0.000852268j -0.00189803-0.000474378j -0.00171452-0.000568442j -0.00224123+0.000425139j -0.00251505+0.00211092j 0.000644674+0.00101806j 0.00202997+0.0030393j 0.00227629-0.00305069j 0.000216049-0.00324034j -5.06859e-05-0.00589618j 0.00182048+0.00460972j 0.000409812-0.00142096j -0.00183256+0.000949663j 0.0026609-0.00171434j -0.00298983+0.00223136j -0.00416356+0.00569809j -2.75839e-05-0.00441303j 0.000143081+0.00261404j -0.000180982-0.00185079j -2.02061e-05-0.00303652j 0.00106975-0.0026895j -0.00307196+0.00283981j 0.00440627+0.000952139j -0.00176737-0.000100055j 0.00218411+0.000761488j 0.00272141-0.00328123j 0.00451239-0.000407802j 0.0051254-0.00118193j 0.00209215+0.00174855j 0.00472817-0.00118103j 0.00347147-0.0052172j -0.000428947+0.00233756j 0.00163599+0.00253537j 0.00447913+0.00331101j 0.00527648+0.00205198j 0.000817991+0.00175217j -0.000857733+0.00215855j 0.000643385-0.00237788j -0.00064927+0.00611868j 0.00143404-0.00066455j -0.0032157+0.00134933j -0.00338633+0.00200613j -0.000481156+0.00232686j 0.000531027-8.79692e-05j 0.00153382+0.00155373j -0.000125335+0.00121822j 0.00025225-0.00187068j 0.000386841-0.00135324j -0.0025579+0.00298483j -0.00188489-0.00313958j 0.000229494-0.000466887j 0.00147503-0.000693576j -0.00253431-0.000876288j 0.00318113+0.0010412j -0.000890726+0.000643725j -0.00169115-0.000769897j 0.00274385-0.000148187j 0.000420687-0.001735j 0.00280538-0.000465297j -0.000437105+0.00210422j -0.00063664-0.000730883j -0.00296226+0.000657322j -0.000419156-0.00192406j -0.000483686+0.00265058j 0.000142635+0.000273321j -0.00302353+0.00241471j -0.000877233+0.000502029j -0.00100982-0.00345057j -0.00222834+2.14687e-05j 0.000432478-0.000731923j -0.00216219+0.00103111j 0.00108245+0.00370921j 0.00444778-0.00057529j 0.000157914-0.00147247j -0.00156277-0.00110258j -0.00026607+0.00126593j 0.000192235-0.000407757j 0.00409494-0.00324533j 0.000663666+0.00193131j -0.000872191+0.00113598j 0.00286805-0.000382516j -0.00014007-0.000395387j 0.00195579+0.0014732j -0.00098725+0.000898313j 0.000268904+0.00135463j 0.0011658+0.000141539j 1.91102e-05+0.00246699j 0.000692803-0.00132067j 0.000675046-0.000635147j 0.00242884-0.00135488j -0.00285107+0.000426963j -0.00157322-0.000389466j -0.00198822+0.00144225j -0.00296211-0.00232657j -0.00262943+0.00384128j 0.00678971+0.00443754j -0.00459376+0.0066806j 
-0.0012511-0.00327073j -0.00503572+0.000296915j 0.00358049+0.00102994j -0.000316334+0.00223695j 0.00605425+0.00300543j 0.00198286-0.00172414j 0.00206819+0.00175436j 0.000101516-0.000809403j -0.00161587-0.00183815j 0.00181738-0.00211592j -0.000571779+0.000821231j 0.00225253+0.0021335j 0.00124775-0.00194474j -0.00294077-0.00492337j 0.00429629+0.00349142j -0.000524938+0.000458645j 0.0031036+0.00152477j -0.000619224-0.00256588j -0.000896115+0.000940841j 0.00338239-0.00125633j 0.00154966+0.000876166j -0.00118103+7.5869e-05j 0.000931273-0.0015406j -5.58173e-05-0.002749j 0.0051957-0.00231406j 0.00349286-0.00254948j -0.00192993+0.00146801j -0.00372773+0.00273409j -0.00542539-0.00486814j -0.00474367+0.00185164j 0.00493738+0.000794702j -0.000896127-0.00961383j -0.00868697+8.64414e-05j 0.00333771-0.0010737j -0.000496921-0.00125432j -0.00174144-0.0044066j 0.00311656+0.00267892j 0.000446794-0.000432472j -0.00219974-0.00128905j -0.00149052+0.000937898j -0.00225733-0.00420833j -0.0032226-0.00276699j -0.00201313-3.22019e-05j 0.00306804-3.67207e-05j 0.00058429+0.00422065j -0.00175075+0.0018701j 0.00122631-0.00126372j 0.000444198-0.00237708j 0.000108449-0.00145809j 0.000707929+0.00291507j -9.6279e-06-0.00132868j -0.0032948-0.00140799j -0.00170607-5.14417e-05j 0.00199015-0.00245822j -0.000974906+0.000693561j 0.00191246+0.003434j 0.00110105-0.000236254j 0.00181754-0.000840178j 0.00203402-0.000213406j 0.00150482-0.000257331j -0.000997196-0.00329358j 0.00235967+0.00325417j 0.00405623-0.000206086j 0.00189496+0.00194828j 0.00170214-0.00254351j 0.0021819-0.0036216j 0.00105497-0.00244645j -0.00361972-0.00147148j 0.00213628+0.000806488j -0.00450002-0.00364657j -0.00351109-0.00266371j 0.00339536+0.00162126j -0.005962+0.00129148j 0.00207025+0.00656383j 0.00451065-0.00774657j -0.00390926+0.00142692j -0.000738684-0.000582068j 0.00223817-0.00134903j -0.00148752-0.000860098j 0.00681383-0.00275265j 0.00581371+0.00239531j 0.00532118-0.00106394j 0.00882018-0.000565017j 0.00422837+0.00165451j 0.00255625+0.000670999j -0.00156389-0.000172251j -0.00148648-0.00284685j -4.19096e-05+0.00106841j -0.00106017+0.00116488j -0.000706176-0.00249436j 0.000409276-0.00242958j -0.000508921+0.000873959j 2.62569e-05+0.00350058j 0.00191704-0.00130858j -0.00299831+0.00255809j 0.00152062+0.00203828j -0.00402379-0.00447398j 0.0018139-0.00425939j 0.00212074-0.000281441j 0.00390494+0.00331093j -0.00264204+0.000451441j 0.00137283-0.00114351j 0.000639581+0.000678084j 0.00149341-0.00386513j 0.000621292-0.000963478j -0.00146784+0.00174709j -0.000226806-0.00180703j -0.00141294+2.12857e-05j -0.00182302+0.000563476j -0.000310009-0.00146041j -0.00231951-0.0012269j 0.000915509+0.000768736j 0.00140767-0.000304374j 0.00374612+0.00130128j 0.00108238+0.00149362j 0.00218454+0.00324936j -0.00354026-0.00310073j -0.00159449+0.00165338j 0.00241959+0.00139521j -0.00242257+0.000911438j -0.000242127+0.00109648j 0.00494365-0.000831746j 0.00130954-0.000628953j -0.0023595+0.0029349j -0.000779496+0.000395302j 0.00530288+0.000622428j -0.00322706-0.00109132j 0.00112728-0.00311099j 2.68768e-05-0.000860575j -0.00095502+0.000742429j 0.00154509+0.0022051j -0.000125443-0.000599323j 0.00236977+0.00134905j -0.000638573+0.000115253j 0.00188992-0.00151865j 0.00166013-0.00297736j 0.000243553+0.000596452j -0.00266442-0.00155526j -0.000257248-0.00304204j -0.000211426+0.000488339j 0.00145167-0.0039246j -0.00443712-0.00167384j 0.000537319-0.000545723j 0.00161534+0.00159057j 0.00188651-0.00301695j 0.00446338-0.000493337j -0.00342457-0.00130458j 0.00189855-0.00369958j -0.00240491-0.000815524j 0.00345338+0.000789057j -0.00228364+0.00442192j -0.00446092+0.000426605j -0.000306498+0.000323281j -0.00246337+0.00101941j 0.00203799-0.0050846j -0.00465651-0.00182883j 0.000707363-8.18151e-05j -0.0014145+0.00117356j 0.00560829+0.000474048j -0.00182945+0.00585436j 
3.32897e-05+0.00100145j 0.00180801-0.00633433j -0.00066052-0.00109902j 0.00094174+0.00212203j -0.00381563+0.00283294j 0.00101498+0.00148518j -0.000689705+0.00284787j -0.00122455+0.000440373j 0.00273788-0.000819346j -0.000417231+0.00171086j -0.00236809+0.002408j -0.00215929+3.92734e-05j -0.000793141+0.000937286j 0.00230851-0.00339185j 0.00276318-0.00199658j 0.00229652-0.00163638j 3.38039e-05+0.00109714j -0.00242255+0.0012878j -0.00732292-0.00326979j 0.00250873+0.00195831j -0.00421307+0.000396694j 0.000984859+0.00561509j 0.00118418+0.00159215j -0.00381901-0.00240484j 0.00224645+0.000901007j -0.00372706+0.000663337j -0.00208895-0.00184838j 0.0023141-0.00106813j 0.0053432-0.00165477j -0.00551032+0.00502141j -0.000451473+0.000964649j 0.00232971+0.00204469j 0.00246665-0.00127272j 0.00182336+0.0010676j -0.00160304+0.00341186j 0.00576852+0.00345387j 0.00345325-0.000931823j -0.00319294+0.00126455j -0.00376463+0.000874348j -0.0019001+0.00104304j 0.00291683-0.000187027j 0.00475291+0.00098457j -0.00205372-0.00230724j -0.00196514+0.00158017j -0.000116871-0.000566754j -0.00141644-0.00252078j 0.00110816+0.000419407j 0.00321354+0.00154997j 0.000926768-0.000589802j -0.00189419+0.00162471j 0.000565276+0.00184971j -0.000113719-0.00240343j 0.00106359+0.00108301j 0.00095737+0.000776851j 0.001303+0.000196375j -0.000858603-0.000614111j -0.00011003-0.000618075j -0.000175493+0.00243029j 0.000679033-0.000814977j 0.000293791+0.00103055j -0.00028153+0.000810423j -0.00046848-0.000771048j -0.00122987+0.000795021j -0.00213975-0.00303754j -0.00197807+0.000177603j 0.00131485-0.00023628j -0.00354485+0.000939262j 0.00113896-0.00240222j 0.00410305-0.00332808j 0.000613827-0.000990121j -0.00390532-0.00390268j 0.000951642-2.29484e-05j -0.00694421+0.000152013j -0.00276774+0.000457142j -0.00396304-0.00141593j -0.00638044+0.00589888j -0.000984945-0.00184998j 0.00171404-0.00239013j 0.00121208-0.00581891j 0.00556014-0.00516091j -0.00122504+0.00265554j -0.000925716+0.000680556j 0.000863598-0.00396715j 0.00575498-0.000976582j -0.00213403+0.00220407j -0.00253369+0.00299497j 0.00367009+0.00406142j 0.00280916-7.29383e-05j 0.00390863-0.000627253j 0.00301427-0.0012645j 0.00321933+0.000193392j 0.00144779-0.00519197j 0.00234077+0.000366579j -0.0016813+0.00189038j -0.000986641+0.00157322j -0.00197958+0.00148918j 0.000883967-0.00278848j 0.00681804-0.00171203j -0.00189401+0.00308015j 0.00483544+0.00526023j -0.00475615-0.000172262j 0.00276991-0.000803439j 0.00475879+0.000770767j 0.00421052+0.00517644j -0.00573732+0.00176954j -0.00436843-0.0012962j -0.000825615+0.00346497j 0.00199413+0.00120016j -0.000474514-3.65116e-05j -0.00407375-0.000536195j -0.00424791-0.000559628j 0.000882637-0.00199501j -0.00215384+0.00174794j 0.000285328+0.00223159j 6.47867e-05-0.00106767j -0.000445761+0.00125134j -0.000450352+0.00153361j -0.00137828-0.00365587j 0.00334776-7.41425e-05j -0.00113876+0.000812249j -0.000520904+0.000349585j 0.00206326+0.000513779j -0.00127104-0.000690353j -0.0015603+0.00402167j -0.00204632+0.00423611j 0.00163913+0.0045374j 0.00172239-0.000960887j -0.00263398+0.000720007j 0.00234745+0.00342452j -0.00258463-0.00134325j -0.00390012+0.00299752j 0.00222411-0.00474975j 0.00342388-0.000285427j -0.00244604+0.0017269j -0.000649943+0.00128958j -0.00141954-0.00378234j -0.00315257-0.000635634j 0.00194418+0.000745896j -0.00155634+0.00131474j -0.00228983+0.00144136j 0.00182233-0.00226539j 0.00548838+0.00202567j 0.00374502-0.0025686j -0.00288725+0.00313641j -0.00119135-0.00290642j 0.00588624-0.00425472j -0.00325898+0.000579005j -0.000171401+0.000826009j 0.00489487+0.0012704j 0.00282388-0.00136044j -0.000777327+0.00169989j -0.00410758+0.000101501j 0.00185023+0.00012172j -0.0054114-8.77171e-05j -0.00329647+0.00418231j 0.0067232+0.00196593j -2.71415e-05+0.00625771j 0.00056615-0.00309245j 0.00169479+0.00363954j -0.00344078-0.000738367j 
-0.00773206-0.00116526j -0.00509632+0.00774244j -0.00338061+0.000645462j 0.000573929-0.00300755j 0.00178886-0.00227722j -0.000410674+0.000938359j -0.00121748-0.000447745j 0.00401764-0.00227197j 0.000521627+0.000305485j -0.0074056+0.00453632j 0.00521688-0.00593327j -0.00309024+9.7e-05j 0.00100868-0.00214845j -0.00749327+0.00215303j 0.000584357-0.00196855j 0.00353029+0.00367658j 0.00371791-0.00295958j -0.00108626-0.00445358j 0.00153197+0.00159717j -0.00261749-0.00421967j 0.00132379-0.00312051j -0.00563793+0.00189747j -0.00476274-0.00561988j 0.00410123+0.00165276j -0.00190195+0.00619293j 0.00616964+0.00504549j -0.00201753-0.00180308j -0.00330049-0.00213047j -0.00492166+0.00154351j 0.00445736-0.0019258j -0.00261724+0.00126748j 0.00265476+0.00145248j -0.0043885+0.00130306j 0.0083396-0.00172598j -0.00462239-0.00575222j -0.00145611-0.00824643j 0.00274019+0.00370016j 0.00380148+0.000271162j 0.00104967+0.00264447j 0.0027739-0.00241015j -0.00239484+0.00206024j 0.000520843-0.00104536j -0.00258933+0.00105587j 0.000617626-0.00249437j -0.00209719+0.000144545j 0.001541+0.00431083j 0.000582621-0.00134102j -0.000368499-0.000418924j 0.00175881-0.000516453j -0.000267164+3.04603e-05j 0.00149159-0.00284402j -0.000575596+0.00223759j 0.00220882-0.000220855j -0.000942144+0.00177413j -0.001175+0.00356758j 0.00254486-0.0010993j 0.00255105-0.00128058j 0.00138568-0.00353731j -0.00282301-0.000523951j -0.00295963-0.00184417j 0.000657927+0.000374098j 0.00181418-0.00316381j 0.00245991+0.00270164j 0.00185061+0.0010824j 0.00564843+0.00170452j -0.00339244+0.000587556j 0.00536049+0.00376272j 0.000198531-0.00132123j -0.00749762+0.0017515j -0.00178555-0.00404863j 0.00476693+0.00755181j 0.00101434+0.00349883j 0.0066844+5.32878e-06j -0.00113292-0.00183611j -0.000337354+0.000370864j -0.00075648-0.00475453j 0.00235176-0.00246614j -0.00031616-0.000145344j 0.000751818+0.00655115j 0.00447672-0.00722011j -0.00481927+0.0020131j 0.000668099+0.00365237j 0.000823963+0.00136494j 0.00045226-0.00514476j -0.00376091+0.00382773j 0.00313174-0.00399436j 0.00189287-0.00395038j 0.000306078-0.00105863j 0.00366217+0.00117896j -0.000995922+0.00689035j 0.0082693-0.00461939j -0.00233097+0.00270391j -0.00398404-0.00237958j 0.00560788+0.000244873j 0.00184511+0.00107863j 0.00426327-0.00199644j -3.59346e-05+0.00145201j 0.00180699+0.00120977j 0.00279301-0.000574036j 0.000258265+0.00135293j 0.00109006-0.00218233j 0.00539524+0.00674506j -0.00337507+0.000245522j -0.00220341+2.85621e-05j 0.00104495-3.06574e-05j 0.00175962-0.000112438j 0.00107433+0.00188842j -0.00154861-0.00204028j -0.00110686+0.00307474j 0.00317637-0.000787446j 0.000701983-0.00119053j 0.000921328+0.00412104j 0.0011114+0.00115457j -0.00201762-0.00222792j -0.00283395-0.00112921j 0.000712361-0.00239207j -0.00156027+0.00229084j -0.00141532-0.000379906j -0.00270876+0.00165492j -0.00152402-0.00124715j 0.000276941-0.00186966j -1.74131e-05+0.000720662j 0.00145458-0.00345078j -0.000149573-0.00291975j 0.00113184-0.00064437j 0.00242926-0.00232422j -2.51857e-05-0.00186254j -0.00106345+0.00206761j 0.000832374+0.0021686j 0.000723467-0.00119814j 0.00101059-0.00165739j -0.0021015+0.00354755j -0.00334858+0.00179266j 0.00018449-0.00119694j 0.000683383-0.000286099j 0.000529957-0.000286006j -0.000262931-0.00133817j -0.0002156-0.00101378j 0.00427259+0.000109033j 0.00223045+0.000897524j -0.000658609+0.00411405j -0.00248982+0.000505431j -0.00504117+0.00412079j -0.00300944+0.00302233j 0.00101804-0.0001909j -0.00469225-0.000594546j 0.00430322-0.00267042j -0.00235438+0.00236691j -0.00688634+0.00196324j -0.00856562-0.00258885j -0.00166091-0.00050705j 0.00358239+0.00185886j 0.00437728-0.00723299j 0.0014774+0.00168925j 0.00341892-0.000385603j -0.00177391-0.00426481j 0.00594345+0.00144986j 0.000890032-0.00326488j -0.0101746-0.0131551j 0.0142024-0.00818016j 
-0.00196983+0.00287566j -0.00516847+0.00316234j 6.2865e-05-0.00246261j -0.00105286-0.00170574j -0.00101728-0.00245768j -0.00190016-0.00372335j -2.13011e-05-0.00484883j -0.000883887+0.00157347j -0.000807773+0.00161598j -0.000893238-0.00542222j 0.000819448+0.00252811j -0.00206866+0.000169j 0.00190962+0.00125825j 0.00253448-0.00535098j -0.0028787+0.00322949j 0.00155656+0.000259414j 0.00264959-7.20994e-05j -0.000693401-0.00432644j 0.0017878+0.00159564j 0.0019048-0.00332255j 0.000245432-0.000667531j -0.00157214-0.00229198j 0.00102749-0.00569419j 0.000362199+0.000763048j 0.00168585-0.00130239j 0.000908077+0.00551827j -0.00267587+0.00280935j -0.00381508+4.12749e-05j 0.00238827-0.00702377j -0.000189648+0.00321871j 2.77031e-05-0.000766536j 0.00043431-0.00353645j -0.0045439-0.00548862j 0.00157788-0.00179915j -0.0045682-0.00272184j -0.00203342-0.00306037j -0.000560493+0.00035359j 0.000727335+0.00118802j -0.000847257-0.000882961j -0.00253562-0.000301696j 0.000912269-0.00463784j 0.00114282+0.00276988j -0.00181422+0.0009838j 0.00289214-0.00229165j -0.000715279+0.000282553j -0.000883159+0.000866393j -4.1346e-05+0.000411849j 0.000639559-0.00302449j -0.000451748+0.000214034j -0.00135946-0.00075824j 0.000832418+0.00253699j -0.00189591+0.00145412j 0.000650177+0.00161822j 0.000388951-0.00383622j -0.00178358-0.00011142j 0.000702449+0.00185674j 0.00179655-0.000891497j 0.000935134-0.000580562j 0.000395372+0.000550076j -0.000857874-0.000115331j -0.00109647-0.00270768j 0.00171839+0.000214776j 0.0013678+0.00124654j 0.00138665-0.000201418j 0.000701004+0.001307j -0.0010342-0.00192544j -0.00191918+0.00252865j -0.00137322+0.000776516j 0.00131026-0.00115541j 0.00142678-0.000613969j 0.00108315+0.00176521j -0.00178994-0.000417813j 0.000162859+0.00110226j 0.000696063+0.00460068j 0.0035911-0.00131929j 0.000267761+0.0021926j 0.00201197+0.00212879j -0.00249827+0.00221898j -0.00179492-0.00494415j -0.000750622+0.000102232j -0.000833754+0.00726505j 0.00412154-0.000557232j 0.00287187+0.00276911j -0.000418621+0.000199002j 0.00101197-0.00114777j 0.00373004+0.000237268j -0.00389944-0.00317032j -0.00084611+0.000520668j -0.00126626+0.000846098j -0.000245437-0.00127527j -0.000356646+0.00010116j -0.00138737+0.00125959j 0.000493436-0.00267033j 0.00147861-0.00176248j -0.000111892+0.00143308j 8.5478e-05+0.00147157j -0.00063009-0.00329207j -0.000403481-0.00203051j 0.00127301+0.000775558j 0.000206266+0.00203546j 0.000304845-0.00141574j 0.00210795+0.00550835j 0.000667055-0.00111739j -0.00482984-0.00540717j -0.00120038+0.000779607j 0.00133238+0.00243265j 0.000884849-0.000831819j -0.00168976-0.00119497j 0.000191481+0.00234479j 0.00236754-0.00151034j 0.00140148-0.000391076j -0.000805057+0.001065j 2.88435e-05-0.00189756j 0.000525623-0.00131906j 0.000701756+0.000206504j -0.000448231-0.00137327j -1.83799e-06-6.20693e-06j 0.00054617+0.000984846j -0.00200823+0.000347119j 0.0010345-0.000146937j 0.000463467+0.000350644j 0.00117232-0.00240959j 0.000242867+0.00180009j -0.000564051+0.000960256j -0.00117215+0.000708903j -0.000548028-0.00183068j -0.00254781+0.000643116j 0.00134989-0.00182245j -0.00324743+0.00130077j 0.00084286+0.000224975j 0.00104702-0.00277391j -2.26263e-06+0.00117379j -0.000678233-8.60818e-05j -0.000865803-0.000390092j 5.26538e-05+0.00128317j 0.00371937+0.000469842j 0.00196921-0.00137118j -0.00180397-0.00280716j 0.000860052-0.000907606j 0.000688331-0.00103431j 0.00404213-0.00425883j -0.00371849-0.00139795j -0.00138893+0.000643915j 0.00126607-0.000837486j 0.00212615-0.00216602j 0.000371997+0.0036949j -0.00123967-0.000933929j 0.000453326-0.00113184j -0.00188793-0.000883398j -0.00122604+0.000442568j -0.00252395-0.000418744j 0.000777533+0.00188395j 0.000479073-0.00328748j -0.00198129+0.000288011j 0.000400236-0.00451997j -0.00554326-0.000988974j 0.000933946-0.00430189j -0.00581755+0.00281715j 0.00611945-0.000725843j -0.000564252+0.00499766j 
0.000463381-0.0092623j -0.00261662+0.0015178j 0.00435391+0.00173322j 0.000955115+0.00117j 0.00471331+0.00249557j 0.0018628-0.000807949j 0.00182809-0.000170593j -0.00016601-0.000556439j -0.00125118-0.000166302j 0.0030233-0.00226153j -0.00122315-0.00185554j 0.00165093-0.00174363j 0.000522878-0.00160528j 0.00233082+0.00085243j 0.00595564+0.00216358j -0.00537358-0.00362576j -0.000649267+0.00305084j 0.00339872+0.00384452j 0.00144322+0.00266865j 0.00131982+0.00218054j 0.00507572+0.00458023j 0.000558289-0.00301127j 0.00116888+0.00306307j 0.00197182-0.000615929j 0.000265939-0.000432438j 0.00349894-0.00599882j 0.00350521-0.00205j -0.000190392+0.0023508j -0.00724188+0.00153166j -0.00915372-0.00141076j 0.00490008+0.000126126j -0.00249158-0.00714092j -0.00506983+0.00139115j -0.000106403-0.00155408j 0.00381641+0.00669694j -0.000610176+0.00523972j 0.00217478-0.0031612j 0.00309594-0.00327157j -0.0014205-0.000941916j -0.00176824+0.00398047j -0.00197163-0.00303327j -0.00432003-0.00135812j 0.000234033-0.00376787j 0.000368031+0.00285822j 0.0047939+0.00123181j -0.000830807-0.00486153j 0.000776416+0.00184094j -3.82031e-05-0.00132491j -0.000507839-0.000293493j 0.000835953+0.00152931j -0.00182724+0.00210653j -0.00297506-0.0023856j -0.00110649+0.00119572j 0.000564601-0.00228484j 0.000438936-0.00239196j 0.00220698+0.000972448j 0.000178078-0.000200843j -0.00132769+0.00165851j -3.62313e-05+0.000718503j 0.000826053+0.00277566j -0.000609658-0.00312745j -0.000640514+0.00369038j 0.00126243-0.00101342j -0.000740125-0.000158416j -0.0020945-0.00011944j 0.000778095+0.00064062j 0.00263792-0.0039128j 0.000197336-0.00178681j -0.000313158+0.00060452j -0.00203201-0.000430548j 0.0033552-0.00769369j -0.00128124-2.09226e-05j 0.000890519-0.00470654j 0.0060554+0.0048118j 0.0101214-0.0117041j -0.00261147-0.000246597j -0.00253538+0.00176837j -0.000680871-0.00112696j -0.00328017-0.000141348j 0.00088653+0.00121981j 0.0113658-0.00240659j -0.00339711+0.000526371j -0.000883747+0.00024233j -0.0014048+0.0057162j -0.00125986-0.00186639j 0.00124737+0.00106952j -7.10582e-05-0.00114333j -0.000538156+3.18978e-06j -0.00554325+0.00303356j -0.00758658-0.00116688j -0.00453998+0.00197087j -0.00237561-0.000312587j -0.00235169+0.000714614j 0.00375897+0.00259598j 0.000418594-0.000812564j 0.00291668+0.00147052j -0.0024851-0.00501859j -0.00504208-0.00339096j 0.00324612+0.000385886j 0.000786852+0.000840945j -0.000415479-0.00021545j 0.00283064+0.000575145j -0.00104727+0.000618917j 0.00106129-0.00282035j 0.00533861-0.000432207j 0.00559251+0.00199213j -0.00182491-0.00135444j -0.00269131-0.00331228j -0.000386147-0.000924035j 0.00313241+0.00226532j 0.00199863+0.00102369j 0.00303801-0.000432345j -0.000643652-0.00145351j 0.00143594+0.00240394j -2.87965e-05-0.00234444j 0.00182354+0.00189115j -0.00199689-0.00427009j 0.00368614+0.00157591j -0.00143732-0.000408883j 0.0012459+0.00295845j -0.00108531+0.000887973j 0.000453171+0.000588109j 0.00130065+0.00380742j -0.00165072+0.00381196j -0.00184633-0.00240791j -0.00288078-0.00128906j -0.00272378-0.00129812j 0.00248188-0.00348219j -0.00214927-0.000876177j 0.00150269+0.000822341j 0.00252274-0.0030256j 0.00198402+0.00169067j 0.000715651-0.00276869j 0.000792468-0.000181191j -0.000452771-0.000910503j 0.00341417+0.00290041j 0.00248611+0.00255622j -0.00134149+0.000870618j -0.00259236-0.00111406j -0.0018584-0.00236991j 0.000788979-0.00367001j -0.00427791-0.000970734j 0.00120876-0.0031038j 0.00361491-0.00171928j 0.000498805+0.000726989j -0.00019101+0.00329609j -0.00485971+0.000699255j 0.00252189-0.00372666j 0.00102312-0.00117971j 0.0033194+0.00714206j -0.000735814+0.00163914j 0.00100296-0.001046j -0.00420367+0.00570942j 0.00054191-0.000665831j -0.00209351-0.00302356j -0.00449637+0.00214658j -0.000252464-0.00810169j -0.00213928+0.00073469j 0.00887841+0.00789612j -0.00971216+0.00869413j 
0.0131418+0.00265361j 0.00531626-0.0171313j -0.00341417+0.000215226j 0.00088994+0.00433184j -0.00129783+0.0040022j 0.00194652+0.00451122j 0.00269071+0.00794638j 0.00040014+0.000759817j -0.000507186-0.00267551j 0.00380536+0.00220072j 0.00151635+0.00532575j 0.00642723+0.000196249j -0.00107889+0.0030838j -0.0110127-0.00404561j 0.00190004+0.00106327j 0.00468804+0.0011627j 0.00232307+0.00132289j -0.00222293+0.00489739j -0.0079906-0.00483347j 0.0015044+0.00506359j -0.00479492+0.00204023j 0.00318125-0.00065808j 0.00129947+0.00641926j -0.00377784-0.00085176j -0.00274487-0.00769578j -0.00490531-0.000321021j 0.00346404+0.00333496j 0.00471517-0.000421922j -0.00873076-0.000566211j 0.00534301+0.00163509j 0.00189862+0.000693743j 0.000304381+0.00322889j -0.00333534+0.00773768j 0.0139771+0.00533262j 0.000971712-0.000506792j -0.00209429-0.000685253j 0.00332192-0.00163376j 0.004609+0.0025627j -0.00374998-0.00133109j -0.00102203-0.00136737j -0.00301189+0.00068289j -0.000660434-0.00291119j -0.00324269-0.00255346j -0.00050079+0.00268719j 0.00118583+0.000281573j 0.00402254+0.00212269j 0.00158048+0.00165355j 0.00119491+0.00380939j 0.00221585+0.00208969j -0.00223857-0.000849063j -0.00377803-0.00277161j -0.000738246-0.00566607j -0.00309148-0.000794451j 0.00161878+0.00123467j 0.000283149-0.0029148j -0.000741582+0.000982132j 3.3461e-05+0.00160744j 1.35552e-05+0.00100235j 0.00212814-0.000143703j 0.00097423+0.0002707j 0.000500353+0.00292361j 0.000404151-0.00325535j -0.000472773-0.00416758j 0.000503845+0.000139829j -8.12223e-05-0.00747959j 0.00264211-0.00496606j -0.00553074+0.000173791j -0.00156572+0.00242358j 0.00371657-0.00473955j 0.00112189+0.00582975j -0.0091358-0.000952033j 0.00321836-0.0024202j -0.00205485-0.00239549j -0.000947186+0.00119913j -0.00194428-0.00183965j 0.00320579-0.00213479j -0.00162718-0.00258669j 0.00184853-0.00330128j -0.00844324+0.00703448j 0.00235277-0.00298145j 0.00696641-0.00488783j -0.00781764+0.00233485j -0.00190129-0.00673875j -0.00387033+0.00237763j -0.0115048+0.00418622j -0.000663321-0.000550476j 0.00197126+0.00403826j 0.000616968+0.00041578j 0.00216898-0.00200576j -0.00404232+0.000425869j 0.00319051-0.000806112j 0.000870843+0.0015896j -0.00238108+0.00215884j 0.00515121+0.00202223j 0.000974752+0.00111836j 0.00647393+0.00272821j 0.00425133+0.00493762j 0.00208684+0.00117752j 0.00211292+0.00062201j -0.00231385+0.00148021j 0.000250297-0.00255261j 0.000450641+0.00155979j -0.00153031+0.00296732j 0.00346477+0.00757693j 0.00171128-0.000328488j 0.00239805+0.00195136j -0.00271397-0.000736026j 0.00258754-0.00139076j -0.00383705-0.00363312j 0.00137001+0.00377182j 0.00051783-9.58854e-05j 0.00208795+0.00139338j -0.000426364-0.00364616j -0.00048924+0.00422367j 1.90446e-05-0.00300228j 0.00220635+0.00276034j 0.000513591-0.00226842j 0.001404+0.00127839j -0.00112929-0.00154644j -0.00320238+0.00412959j 0.000732944-0.00286259j 0.000484623+0.00592852j 0.000137377+0.00190927j -0.00407919-0.000204051j -0.00162563-0.0035677j 0.000108291-0.000785738j 0.00249538-0.000172329j -0.000608436+0.00187474j 0.000834855-0.0003185j -0.00130477-0.000973105j 0.00253878-0.000743271j -0.00448776-0.00153986j 0.00352611-0.00128469j -0.000645922+0.00275239j 0.00151906+0.00261722j 0.00126827+0.0013211j -0.00350545+0.00315469j -0.000567919+0.00308575j -0.00514245-0.00172702j -0.000162725+0.000448325j -0.00277609+0.00121153j 0.00244063+0.00518894j 0.000699546-0.0026705j 0.00493699+0.00277442j -0.00497307+0.00360905j 0.00201918-0.0039677j -0.00144419+0.00300128j -0.000602446+0.00200764j 0.0034138+0.0032688j 0.00102038+0.00436238j 0.00525071+0.00350982j -0.00057272-0.00531509j -0.00190543+0.00515085j 0.00326243-0.000266321j -0.00756312+0.00609858j 0.00472614+0.00884866j -0.00514714+0.00230832j 0.00605583+0.000894274j 0.00308937+0.0150835j -0.0149938+0.00597379j 
