0.108884+0.0144261j 0.0129315-0.121667j -0.0608002-0.0787261j 0.107768-0.0831961j 0.0834868+0.0621334j 0.126329+0.000260655j 0.0059186-0.107774j -0.0452464-0.135749j 0.0738582-0.0459686j -0.06409+0.0139186j 0.012952-0.0512687j 0.022836+0.0911014j -0.141104+0.106701j 0.0671828+0.0903656j -0.0890816-0.0647731j -0.13169+0.0213083j -0.0199135-0.0595443j -0.0374848+0.0534353j -0.0107051+0.142676j 0.00317382+0.00674336j -0.180881+0.00405184j 0.0118948+0.173596j 0.0762036+0.0282496j 0.0309846-0.0597306j -0.145515-0.00183553j -0.047605-0.118751j -0.00758765-0.110369j -0.0701047+0.0448859j -0.0188796-0.0743954j -0.032184+0.0156021j -0.0764202-0.0268391j 0.0988518-0.0189061j 0.0283593-0.164671j 0.100793-0.0190412j 0.128433+0.00570482j -0.127584+0.0970469j 0.0255909+0.0414965j -0.102604-0.10644j 0.120072-0.0403568j -0.0350618+0.0816368j -0.00579666-0.0799345j 0.00379989+0.00399835j 0.0318985+0.0268474j 0.0256093+0.0439521j 0.0121812+0.283938j -0.0766646-0.10085j -0.00434084-0.0135613j -0.0249843+0.180787j 0.114589-0.0694773j 0.0217573+0.0439242j -0.0958904-0.0191189j 0.0747187+0.0372663j -0.00325236-0.00430143j 0.0278735+0.0116901j -0.0101928-0.0614418j -0.231709-0.0473907j 0.0989807-0.00683271j -0.014213+0.075464j 0.117622-0.152369j 0.0299142-0.0303571j 0.0632625-0.0593088j 0.0543396+0.111974j -0.0893022-0.121052j -0.0959157-0.0550625j -0.03545+0.0278507j -0.0479114-0.00608998j 0.0523476-0.0281062j 0.0469088-0.0872936j -0.0190337-0.00416828j 0.0285665-0.0181919j -0.0210855+0.0250465j 0.048878+0.0153811j 0.00965007+0.0646267j -0.0671814-0.0522125j 0.06172-0.0446667j 0.0092328-0.0414773j -0.0573722-0.0100576j 0.0134042-0.00335749j -0.051219+0.0243241j -0.000647738-0.0130499j -0.0131212-0.0272006j -0.00645296-0.0125476j -0.0205224+0.011202j 0.0263991-0.0294282j -0.0102751-0.0393005j 0.024873+0.00102021j -0.00651749+0.0124368j -0.0655423+0.0029798j 0.0244045-0.0785085j 0.0819901+0.0306959j 0.0143203-0.0624943j 0.0656581+0.0180725j 
0.108982-0.0209406j -0.0413111-0.116891j 0.0156194-0.0247521j 0.0372622+0.0402263j 0.0373078+0.0119322j 0.0889024-0.109121j -0.0178984-0.0527537j 0.00295522-0.115903j 0.0600426+0.0340285j 0.12265+0.062452j 0.127029-0.042628j 0.00841894-0.0854822j 0.0649955-0.0609886j -0.0412201-0.0201276j 0.0404617+0.0739753j 0.0339522-0.0131851j -0.0733734+0.0663555j -0.0101142-0.0570701j -0.0352778-0.0390324j 0.0703825-0.0213099j 0.0904184-0.0203521j -0.00910096+0.0947266j 0.00665882-0.0571683j 0.003771+0.144332j 0.0374318+0.0428706j -0.106932-0.0542391j 0.0860025+0.0473975j -0.119575-0.00282201j -0.0330757+0.061127j 0.089293-0.0338181j -0.0252091+0.011813j -0.0345808+0.0321435j 0.0595168+0.0553373j 0.0833772+0.0332068j 0.00812939+0.0333344j 0.0799297-0.00982413j -0.00301382-0.0705857j 0.04417+0.0204792j -0.0910355-0.0504317j 0.027381-0.0662431j -0.0279128-0.0382622j -0.0128168+0.00126056j 0.00548586-0.0238108j 0.026965-0.00047134j -0.00264128-0.116123j -0.0254941+0.0383559j 0.0405327-0.00450181j 0.0317213-0.113975j -0.0316818+0.0695254j -0.0284896-0.0702264j 0.0457749-0.00573962j -0.0487092+0.0206368j 0.0203762-0.0397729j -0.0396063-0.0502558j 0.0279308-0.030567j 0.116506+0.0199497j 0.0325585-0.00168099j 0.0222901-0.00732234j 0.0961694-0.107416j -0.0985127+0.0455786j -0.0549979+0.0608613j -0.00298763-0.0184225j 0.0278873+0.145879j -0.0509404-0.0231233j 0.113527+0.0027231j 0.111782-0.0112118j 0.0551295-0.0468121j -0.00503281-0.109414j -0.021995+0.0359959j -0.0740328+0.0416575j 0.0180097-0.0528504j -0.00103547+0.142078j -0.00401679+0.0827992j 0.0254803-0.0311905j -0.0120445+0.0480022j -0.0202457+0.0940531j 0.0342644-0.00722324j 0.0709083+0.0220856j -0.0233953+0.0412256j 0.0794156-0.012542j -0.0345422-0.0785089j -0.0206646-0.0557338j -0.0611403+0.00251965j 0.11542-0.0913319j -0.00790483-0.142862j -0.0225467-0.0113421j 0.150767+0.0363651j -0.10736+0.0527039j 0.0354972-0.0861255j 0.147812+0.0786509j 0.0353953-0.131607j 0.131303+0.056203j 
0.00457445+0.167622j 0.182627-0.0256645j 0.091185+0.122989j -0.118779-0.00281526j 0.0925824-0.0675742j 0.0176385-0.0768148j -0.13576-0.0563534j -0.0728128+0.039744j -0.00686626-0.106911j -0.0109475+0.0194981j -0.0237819+0.0151568j -0.0278005-0.0605514j -0.0442754+0.0201455j 0.0305204-0.0897649j 0.00246375-0.212452j -0.0329186-0.0401118j -0.0477818-0.0754735j 0.0875809+0.0637456j 0.0452916+0.0524713j -0.0365972+0.0414385j -0.00648265-0.106368j -0.0509717-0.0848767j -0.102151+0.102918j 0.00319467-0.00185963j -0.0398223+0.0799212j -0.0854752+0.0112183j -0.0833117-0.0326804j 0.0353335+0.0631319j -0.00546565+0.0242859j 0.00880554-0.00896542j 0.138708+0.0124859j -0.00928189+0.0962408j 0.0284413+0.111445j 0.0119934+0.0635602j 0.00041432-0.0513037j 0.0569076+0.0146946j -0.0655733-0.0102451j -0.0449437-0.0173746j 0.02483-0.0428307j 0.0174523+0.00439969j 0.00884648-0.0119122j -0.0455786+0.0084699j 0.0338743-0.000210972j 0.118642-0.0135655j -0.0486333-0.00405351j -0.013907-0.0179101j 0.00549563+0.0223387j 0.032531-0.0523387j 0.0268835-0.0263756j -0.0706568+0.0342302j 0.0426531+0.0265022j 0.092523-0.0444669j -0.0516684+0.0277433j 0.0148283-0.0190994j 0.0227267+0.0403295j 0.0276638-0.0115176j -0.0333821-0.0773141j 0.0496532+0.0447958j 0.066332-0.00120543j 0.0356732-0.00469605j -0.0273373+0.120976j 0.0292318+0.0254313j 0.103185-0.0754034j -0.00803217+0.0257895j -0.0520544+0.0474533j 0.0561432+0.0352677j 0.0556708+0.0582326j 0.027347-0.0475735j -0.0148287-0.0478948j 0.091132+0.0759632j 0.0152258-0.00487268j -0.0541645+0.147984j -0.0158054+0.0170705j -0.0267173-0.014032j 0.0641992-0.10204j -0.0507693+0.0105538j 0.0545283-0.0404676j 0.115218+0.0692549j 0.0373962+0.0636381j 0.00751647-0.0607131j -0.0718067-0.0584014j 0.0805844+0.0505703j 0.0730889-0.0146865j -0.0383118-0.06344j -0.0858041+0.0224305j 0.106536-0.0185733j 0.0680177-0.095878j 0.0387448+0.0812115j 0.0122111-0.0418771j 0.0416855-0.0465971j 0.198332+0.0471024j -0.0409533+0.169335j 
-0.0310442+0.021309j 0.00658114+0.0341237j 0.112-0.0581465j 0.0184213+0.0843202j 0.17307-0.022423j -0.0225753-0.160842j -0.0988401-0.103421j 0.0715083-0.0902991j -0.0441751-0.0446507j 0.0138638-0.0066881j 0.0127971+0.122398j 0.0606008-0.121942j -0.112785-0.082456j 0.00958039-0.00188886j -0.0878613-0.0317388j 0.0718793+0.21317j 0.0991616-0.18585j 0.0339096-0.171711j -0.0178593+0.140148j 0.114308-0.00860259j 0.0583394+0.214732j 0.113861-0.00812095j 0.032531-0.0963638j -0.0166536-0.0729054j 0.044935-0.117076j -0.00144505+0.100795j -0.00411377+0.0438071j -0.0385057-0.00237386j 0.0258748+0.0360479j 0.0279119-0.0613708j -0.0605172+0.00201515j -0.0620963-0.0226866j 0.0175427-0.0381905j -0.035258-0.025753j -0.0909993+0.0537511j 0.0176717-0.011959j 0.0314817-0.0444429j 0.0609785-0.202253j 0.013254+0.0667621j 0.0397408+0.0718369j 0.204458+0.0217866j 0.0998168+0.0111733j -0.182644-0.00526215j 0.34063-0.0141199j -0.0071445+0.0236744j 0.137804-0.0120726j -0.050191+0.072295j -0.0834368-0.106529j 0.0462272+0.166727j 0.0500166+0.145643j -0.00120548-0.0675197j -0.0278335+0.00972264j 0.0902643-0.0134948j -0.0107878-0.0155621j -0.0122157-0.108748j -0.121136+0.0155685j 0.0190756+0.0862733j 0.0463779+0.0375709j 0.0134596+0.0719381j 0.0518784+0.0135967j -0.104942+0.0387342j 0.0614776-0.0547554j -0.000390332-0.0291241j -0.00565544-0.00622147j -0.0182654+0.017004j 0.0589164+0.00522487j -0.0114076-0.0189366j 0.048009+0.0133183j 0.00399295-0.004294j 0.00250215+0.0290132j -0.00208552+0.00558364j 0.00416952+0.0237102j 0.0464226-0.00590954j -0.0571551+0.00154084j -0.0495082-0.00973443j 0.0136965-0.0102239j 0.00119364-0.0120293j -0.0188398+0.00997474j 0.0065771+0.00835273j 0.0178507+0.0019181j -0.023466+0.00354091j 0.029838-0.0166658j -0.00461738-0.0285903j -0.0293832+0.0161401j -0.0231505-0.0078293j 0.0122492+0.0347327j -0.00163419-0.0413899j 0.0116032-0.00849341j 0.0242254+0.0108089j -0.0126807+0.0235214j -0.0136206+0.00723744j -0.00646931-0.00614555j 
-0.0691495+0.0314473j -0.0142718+0.0806662j 0.0337195-0.0952089j 0.0689198+0.0886926j -0.163336-0.0182734j 0.0598812-0.140467j -0.112992-0.00626725j 0.0295201+0.0625305j -0.0473378+0.0674067j -0.0295738+0.0195572j 0.0849786+0.0922719j 0.0444745+0.0809842j 0.0266627+0.0244168j -0.00829225+0.0852803j 0.0195174+0.149171j -0.0286383+0.0139361j -0.0332268+0.0555436j 0.0327279+0.0114771j -0.0460424-0.0480395j 0.0496434+0.0206941j -0.038459+0.0446127j -0.00517991+0.127115j 0.0373608-0.00706825j 0.0140296+0.186552j 0.0839094-0.0440525j 0.0764343-0.0745779j 0.00812218-0.151521j -0.0362053+0.0883307j 0.0629497+0.00924827j -0.0333861-0.049937j -0.179341-0.0768223j 0.0156097+0.0400367j 0.0622782-0.0928568j 0.0329396-0.0368871j 0.0673596-0.0674612j -0.0336412+0.0698249j -0.0997035-0.0266465j -0.03521+0.0015902j -0.0402982+0.066095j -0.0194768+0.0299162j -0.140106+0.0178238j -0.0621249-0.0332202j 0.0266767+0.0251887j 0.00174813-0.0088156j 0.0152194+0.0133305j 0.0470593-0.0387984j -0.0702875+0.0200998j 0.061316+0.0217518j 0.100934+0.00525333j -0.0208113-0.0509327j -0.00798732+0.0098812j 0.00564692-0.0731137j -0.0705445-0.0521743j 0.0237759-0.0304339j -0.011396-0.000723063j 0.0086275-0.0625785j 0.0508845-0.049234j 0.013799-0.158065j -0.0562942+0.0454758j -0.0452945-0.0312714j -0.0467047-0.0743288j -0.15017-0.0862854j -0.180671+0.088769j 0.00206111+0.0628535j 0.0717427+0.143314j 0.141992+0.0663335j -0.107929-0.107114j 0.0684077+0.0596799j 0.051606-0.0408319j -0.0771521+0.0417185j 0.0134246+0.0443675j 0.00828759+0.114736j -0.0608901-0.00929781j 0.0454906+0.00453754j 0.112668-0.154221j -0.126569-0.019945j -0.00720114-0.0526407j 0.029912+0.144128j -0.0391717+0.0807256j 0.0285936-0.0796718j -0.0291614-0.0179496j 0.211849+0.0430236j 0.0772313-0.0183885j -0.0547008+0.0488167j -0.079134-0.00686454j 0.104427+0.05758j 0.056259-0.162943j 0.0869758+0.0199297j 0.0383594+0.0363941j -0.032004+0.0555702j -0.0245794+0.0663463j -0.058434+0.00529484j 
0.067987-0.0270663j 0.0202639-0.0807523j -0.0212259+0.0540686j -0.0341289-0.00661883j -0.06754-0.0266061j 0.0733742+0.0896303j 0.0506918-0.0466296j -0.019763+0.0834359j -0.0647239+0.0866055j 0.0194547-0.0376908j 0.00269076-0.0204247j -0.0593175-0.0395313j 0.0106568-0.0397073j -0.020336+0.0851376j 0.0120631+0.115703j -0.010256+0.0229753j 0.0172276-0.0282489j -0.0957553-0.0329181j -0.065115-0.0212541j 0.0052156-0.0037437j 0.0463135+0.0876166j 0.0785389+0.0291583j 0.0417862-0.167027j 0.0220879+0.0527788j 0.0271213-0.0127607j 0.0349377-0.0304541j -0.0172591-0.073492j -0.0577511+0.00849418j -0.034067-0.0968465j -0.0773167-0.0406186j -0.137068-0.0159891j 0.0576131-0.0550707j 0.0128377-0.0588177j 0.0436106+0.0298454j 0.000294535+0.12283j 0.0187269+0.0769703j 0.0234638+0.0355671j 0.0379089+0.0181218j 0.00709785+0.0788428j -0.0163237+0.00882299j -0.0597492+0.0241562j 0.0562364-0.00378531j -0.0420282+0.0183596j -0.0517026+0.0222416j 0.0472649-0.0131877j 0.0155361-0.0550819j -0.0638958+0.0504081j -0.0775522-0.000352926j -0.0180996+0.0385079j 0.0346879-0.0339267j 0.0480323-0.0340493j 0.00874482-0.110141j 0.0558238+0.0410791j -0.0386316-0.0323812j -0.0486594-0.054394j 0.0584786-0.0507568j 0.0340232+0.0594149j -0.0694093-0.0140449j -0.03187-0.0626456j -0.0996306-0.0187318j -0.0458874-0.00466024j 0.0233916-0.0148424j -0.0742229+0.130512j -0.00775894-0.00564402j 0.0687348+0.0133615j -0.0934565-0.00935818j -0.0296598-0.0324028j 0.0228334-0.0206904j 0.0303897+0.0606818j -0.0535645-0.0806964j 0.00456468-0.0359372j 0.0479384-0.0385534j 0.0409658+0.028404j 0.0193926-0.0148908j 0.0351576+0.105346j 0.0401134+0.0183174j 0.0897418+0.00445704j -0.0646614-0.0510735j -0.0378354-0.0282687j 0.0632176+0.0318266j -0.0719318-0.00142527j -0.0643047-0.0361922j -0.0737627+0.00628049j -0.0408229-0.072335j 0.00109401+0.0248538j -0.15054+0.0232878j -0.0884259+0.100393j -0.0831167-0.0785403j -0.0964619-0.0448665j 0.0360404-0.176746j 0.101185-0.00410965j -0.00337441+0.0531066j 
-0.0659932-0.00951428j -0.00390947+0.0722743j 0.0134214-0.0510417j 0.0466111+0.0126086j -0.0516931+0.0223225j -0.050856+0.0484284j 0.0526363+0.0247834j 0.0250406+0.0897433j -0.0679403-0.00421165j -0.0378992-0.0255962j -0.0696229+0.0160149j 0.0214113+0.0254308j 0.000737224+0.0115347j 0.0155626-0.0226104j -0.00910234-0.000657879j 0.0131731+0.0101264j 0.0585797-0.0275516j -0.00529025+0.0346681j 0.025984-0.00731713j -0.034389-0.00367071j -0.021634+0.00694502j 0.0279365-0.0391088j -0.0510192-0.0112277j -0.030702-0.026406j 0.0357792-0.0139663j 0.00432158+0.0632649j -0.0109598-0.0568483j 0.0888526+0.0267434j 0.0526579+0.0142933j -0.0252008+0.000781916j -0.0256422-0.033157j 0.0218195-0.0733348j -0.0207212-0.00900634j -0.0371223-0.010978j -0.0307971-0.0260527j -0.0547589-0.0167562j -0.0182699+0.03499j -0.0313608-0.0102107j 0.008372+0.0361706j -0.0295906+0.0128396j -0.00161111+0.0396856j 0.0431447+0.00643031j -0.00586709+0.0162635j 0.00540797+0.00422255j -0.011033+0.0260347j 0.00555235-0.0225694j -0.00606232-0.00975011j 0.0105858+0.0231142j 0.0197336-0.0513571j -0.00308332+0.0502089j -0.0263569+0.0189483j -0.00098907+0.0178704j -0.0361188+0.00707874j 0.0322498+0.0254421j -0.0428202-0.00472178j -0.0389638+0.00784076j -0.0181856-0.0252831j 0.022962-0.0176695j -0.0742525+0.0596401j 0.0439667+0.00612072j 0.0423755-0.0189835j -0.0107486-0.0607526j -0.0312724-0.040701j 0.0677773-0.0134607j 0.00135256+0.0317065j -0.0582831+0.00275751j -0.0392641+0.013475j 0.00088061+0.0624999j 0.000653871+0.00714518j 0.00114704-0.00328003j 0.00388178+0.0178925j 0.0171521-0.0748045j -0.033498-0.0585136j -0.0153904-0.008355j -0.0170159+0.000109341j -0.00790195-0.00366965j 0.0220693+0.0362215j -0.0294356+0.0164246j 0.0361858-0.0151489j 0.00119195+0.0397341j 0.100868+0.0497817j -0.00565681+0.0430606j 0.00661341+0.00788001j -0.0817012+0.0374165j -0.00619522+0.134376j -0.0407018+0.0367461j -0.0494934-0.0176855j 0.0428249-0.0748169j 0.0598562+0.0641807j -0.0917148+0.0208436j -0.0367004+0.0571071j -0.0655303-0.0419769j 
-0.00337976-0.0133923j -0.00766299+0.0111072j 0.0101478-0.0785188j 0.135241+0.0257521j -0.0253865+0.106009j 0.0203646+0.0713951j 0.130291-0.036044j 0.0365982-0.0347502j -0.104076-0.00461856j 0.0209869+0.0075449j 0.0145128+0.0134873j 0.0700148-0.079952j -0.0321943+0.0233958j 0.0336847-0.088239j 0.000495967-0.000377594j 0.045743-0.0379459j 0.0540881-0.0694821j 0.00660276+0.0513031j 0.0278955+0.0107107j -0.0425903-0.00795902j 0.0173353-0.0258212j -0.0121044+0.0234406j -0.101178-0.0440142j -0.123572+0.053318j 0.0218497+0.0542389j -0.149709+0.00817348j -0.0193071-0.115512j 0.0532309+0.10267j 0.115886+0.0746253j 0.0990181+0.0144544j -0.0348964-0.105911j 0.0104036-0.123362j 0.0376197+0.127705j 0.0621114-0.0255748j 0.010821+0.0313469j -0.0222858-0.0722571j -0.0524939-0.0492904j -0.0613339-0.00306163j -0.0270889-0.0213127j -0.059756-0.054598j -0.0116208+0.0257679j 0.0797059+0.023117j 0.0365292+0.015925j 0.053236+0.0432411j -0.0289248-0.0194551j -0.0451673-0.0410167j 0.0281432+0.00382964j 0.0334712+0.0527336j 0.0330732-0.0832129j -0.0687705+0.108247j 0.0198509+0.00428814j -0.0647576-0.0164343j -0.0389222-0.0160262j 0.0754901-0.0332036j -0.110243-0.016944j -0.0204809+0.0547418j 0.0253422-0.0742718j 0.0136716+0.00337686j -0.0264665-0.0262694j -0.100828+0.0721215j 0.0607918+0.0655677j 0.148192-0.0425452j 0.0108148+0.0238407j 0.112966-0.10139j 0.152223+0.1061j -0.0248441-0.0446427j 0.0659721+0.0138243j 0.0230117-0.117806j -0.156893+0.155808j 0.0100461+0.0226752j -0.0651368-0.0154644j -0.0295935+0.0276027j -0.0454287-0.0119777j -0.039132-0.0627228j 0.0498415+0.00756381j -0.0236195+0.137273j 0.0973519-0.00612837j 0.0585478-0.0122544j 0.068663+0.0501864j 0.133569+0.187522j 0.105783-0.0515163j -0.0633757+0.00139289j -0.00456837+0.0846939j -0.131041-0.0767135j -0.0278522+0.139635j -0.0616032+0.101815j -0.00888602-0.111933j -0.00745871-0.0430959j 0.176175+0.0277496j -0.019898+0.106929j -0.0398374-0.0167959j 0.0115258-0.0210576j 
-0.0355838-0.057441j -0.061754+0.033911j -0.022553+0.124877j -0.105678-0.012706j -0.0449908-0.00632882j -0.0242179+0.0466861j -0.0124469+0.0716678j 0.0137608-0.133634j -0.0192832+0.053563j -0.0179105-0.0584469j 0.147958+0.0833923j -0.00799164-0.0565039j -0.102321+0.0274446j 0.00979655+0.037006j 0.0241644+0.0286237j 0.00154302-0.0201202j 0.0731203+0.00747671j 0.0586239-0.0276661j -0.0359562+0.02333j 0.037494+0.0647932j 0.0516582+0.0342368j -0.173762+0.00750487j 0.12185+0.0934104j -0.0291406+0.00723749j -0.107012-0.0434758j -0.00461463-0.0181366j -0.153642-0.0366698j 0.0355368+0.155443j 0.141085+0.0275103j -0.0446322+0.0458188j 0.00688037-0.0503564j -0.0693032+0.100018j 0.0317664+0.0996029j -0.0225941-0.0789048j -0.0294913+0.0510881j 0.0672306-0.0201377j -0.023762-0.0221282j -0.00932845-0.0262686j 0.0304146+0.0392343j -0.0281656+0.014905j 0.00693509-0.0253824j -0.0716778+0.0099397j -0.0364028+0.0244091j -0.0756952+0.0781689j 0.0202226+0.00141821j -0.023326+0.0134769j -0.0453478+0.0422557j -0.099042+0.146372j 0.0103744+0.0409486j -0.00509878+0.0209765j -0.0508729+0.000847487j 0.0683279-0.122225j 0.0370042+0.019964j 0.0097734-0.0760728j -0.03159+0.04947j -0.026978+0.0103145j -0.0207241-0.0680363j -0.129868+0.00832365j -0.0914577+0.0746722j 0.0309464-0.0307351j -0.039608-0.012238j 0.172204+0.00331688j -0.0636915+0.000440592j 0.109112+0.0070524j 0.0353629-0.101986j 0.0901019-0.0255025j -0.0438543-0.0186263j -0.0818126+0.0386008j -0.142815+0.135115j 0.00817431-0.0185658j -0.118827+0.0813637j -0.105313-0.0765038j 0.0345041-0.00177382j 0.00153615+0.0903517j 0.117508-0.00740988j 0.0342515-0.0630895j -0.0621768-0.0613663j -0.0770531-0.0500166j 0.0571725+0.00311036j 0.0420119+0.186791j -0.169943-0.0988492j -0.0247859-0.261618j 0.0526849-0.0111545j 0.0686242+0.028579j 0.0725503-0.120175j 0.0579522-0.0285888j 0.0794674-0.0462202j 0.00920578+0.150271j -0.106993+0.0417111j -0.0212284-0.0441773j -0.0179889+0.0160401j -0.0306197-0.00149302j 
-0.0150212-0.0697762j -0.12945+0.0375432j -0.0392707-0.10602j 0.082337+0.0107728j 0.0293209+0.0617069j -0.0531917-0.0535961j 0.0312591+0.0525953j 0.0833831-0.144465j 0.0868545+0.00352711j 0.0136853+0.0433023j 0.0552154-0.0119252j 0.0660383+0.0514212j 0.017352+0.0222047j -6.33409e-05-0.0188207j -0.0175812+0.0432152j 0.0247432+0.00440969j -0.0229403+0.0788501j 0.0344495-0.0301258j 0.0186286-0.00671223j 0.0317994-0.0173708j -0.0131619-0.0252027j -0.0571949+0.0543455j 0.0412004+0.081194j -0.0131004-0.0203167j -0.010345-0.0177922j -0.0184534+0.0041323j 0.0582457+0.129172j -0.0248932-0.050729j 0.0114483+0.0650109j 0.072029+0.0464295j 0.0429503+0.0294631j -0.0283741+0.00471995j -0.0212708-0.038137j -0.0342651-0.0536459j 0.0119261-0.0412227j -0.00797761-0.0781909j 0.0196792-0.0228035j 0.0125668-0.00400245j -0.0214552-0.0600261j 0.0114973-0.02876j 0.0564416-0.0301707j -0.0247678+0.00747863j -0.00151688-0.0299196j -0.0365304-0.025329j -0.0140183+0.000276909j -0.00780586+0.0699116j 0.0536308-0.0381356j 0.0425257+0.00900103j -0.0136919+0.014092j 0.0128689-0.00475303j -0.0643265-0.0196561j -0.0434574+0.112347j 0.00452636-0.0562341j -0.00565808+0.0460809j 0.0383044+0.0233928j -0.0520136+0.046674j 0.00893553-0.0041572j 0.0268468+0.0186368j 0.0129999+0.0115873j 0.0659218+0.0605069j 0.0510844-0.0729406j -0.0336213+0.0172652j 0.0263705-0.0470035j -0.0321093+0.0249427j -0.0313852-0.0634294j 0.0749326+0.0156166j -0.00606764-0.00652897j -0.0643065+0.035969j 0.000298697-0.0346778j -0.0208245-0.00475755j 0.0187102+0.0258742j 0.032626-0.051967j -0.00229705-0.000366342j 0.00117056+0.0326692j -0.0787186+0.0062924j -0.000790394+0.0014584j -0.095055+0.0202455j -0.0309378-0.0209714j -0.01874-0.0220374j -0.0374051-0.0259023j 0.0842159-0.000197276j -0.00631202-0.0388418j -0.00473747+0.0204568j 0.148877+0.0487374j 0.056171-0.100277j 0.0507243-0.0251066j 0.0716069-0.0390148j 0.0285248+0.0390632j 0.0541872+0.0278661j 0.00457812+0.167521j -0.185585-0.0411482j 0.0465356-0.119591j 
0.0100424-0.00548062j -0.0175262-0.00893114j -0.000163755-0.0235757j 0.0219621+0.00689724j 0.000913879+0.00508537j 0.00581804-0.0154553j 0.00876737-0.00205858j 0.0123566-0.0205276j 0.00185826-0.00306567j 0.00798145+0.00136116j 0.0202752-0.00293673j 0.00952575+0.00378405j -0.0021582-0.00614131j 0.0102978-0.0145437j -0.011159+0.00610412j -0.00655614-0.00357899j -0.00194266+0.0040372j 0.00383998+0.0126253j 0.0166564+0.00469225j -0.0106068-0.00410227j -0.00595959-0.00290502j 0.00773865+0.0215367j -0.0116026+8.90989e-06j -0.00763833+0.0153085j -0.0227482+0.00939642j -0.0210374-0.00925925j 0.0134703+0.00368016j -0.00459852+0.0084311j 0.00762756+0.0164198j 0.0162093+0.00222456j -0.0103337-0.00442818j -0.00246177-0.0198875j 0.00115194-0.0215187j 0.0151048+0.00997629j -0.00686256-0.0028765j -0.0119453-0.0077027j -0.00240487+0.00724277j 0.00612454-0.0202805j -0.0106766-0.014835j -0.00329194-0.0111829j -0.0164762-0.013553j 0.0134724-0.00530017j 0.00368672-0.0189513j 0.0109784+0.00346227j -0.0134566+0.0050245j -0.0106804+0.00752615j 0.00873773-0.0116895j -0.0104038+0.0062346j -0.0031797+0.0046899j -0.00156694+0.00316361j -0.0127235-0.00224165j -0.00676095+0.0105761j 0.00750563-0.00412277j -0.00806734+0.000103685j -0.0123334-0.00544603j -0.00437227+0.0129543j -0.0125989+0.00692181j 0.0159953-0.00747945j 0.000797816+0.00840527j 0.00571163+0.00319719j 0.00457924-0.0114701j -0.00740086-0.00928711j -0.00231558+0.00989569j 0.00263563-0.0214376j 0.0176369-0.00502893j 0.0184864-0.0147606j 0.00541436-0.00525952j 0.00117521+0.000997055j -0.00943918+0.0131763j -0.0103571+0.00944233j -0.00360836+0.00174146j -0.00235367+0.00181047j -0.00205354+0.00245329j 0.0030956-0.0126571j -0.00131741+0.00591228j -0.0191376+0.00224856j -0.0015893+0.0136541j 0.00364619+0.00192394j -0.00571818+0.0108424j 0.0033928+0.0128345j 0.032508-0.00083954j 0.00279595-0.00535884j -0.00681118+0.000258872j -0.00689686+0.00498818j -0.0135786-0.0153984j 0.00464771+0.00010458j 0.0109397+0.0058165j -0.00555728-0.002505j 0.0122587-0.0118795j 0.0102208+0.0351508j -0.0122111-0.0121884j 0.0139482-0.00529742j 
0.00984617+0.0171417j 0.0331363-0.0119347j 0.00531951+0.0312911j -0.0239062-0.00685148j -0.00239506-0.00662547j 0.0136903+0.0204513j -0.0151549-0.0210459j -0.0146378+0.00282029j -0.00787955+0.00723933j -0.00218046+0.00197544j -0.00388726+0.000465486j -0.016012-0.00545745j -0.0151128-0.0105197j -0.00935308+0.014545j -0.00470112-0.0140734j -0.010728-0.00389515j -0.00530268-0.0246972j -0.00975642-0.00846615j -0.0198033-0.0038922j -0.000329484-0.00613514j -0.00230692-0.0129013j 0.0171534+0.00280147j -0.0110795-0.00549015j 0.0147693+0.00952103j 0.000995437+0.0113615j -0.00799403+0.00624741j -0.0093047-0.0146528j -0.0180809-0.00439646j -0.00707876-0.0124696j -0.0296016-0.00409972j 0.00391366+0.00669221j 0.00734432+0.0011082j 0.00246608-0.00420748j -0.000732391+0.0209327j 0.000136343+0.0152774j 0.0146843+0.022483j -0.0163924+0.0252972j 0.000759447-0.0046447j 0.00802286+0.00576297j -0.000111255-0.00366935j 0.00172742+0.0103312j 0.018952-0.00241972j 0.00308583-0.00106589j 0.00125501-0.0156468j 0.00451408+0.00773747j -0.000932173-0.0143018j -0.00586587+0.0171906j -0.00866563-0.0194155j -0.0163685-0.00137476j 0.0103218-0.00217489j 0.00169421-0.0118086j 0.0218002-0.0376514j -0.0139111+0.0152572j -0.00247454-5.89141e-05j 0.015095+0.00147836j 0.0112681-0.00466635j 0.0165105-0.00221197j -0.00332169+0.00762812j 0.00926677-0.0204353j 0.00081875-0.00290294j -0.0107797+0.010468j 0.0212232+0.00352057j -0.00342367-0.00265332j -0.0209583+0.0074499j -0.00823542-0.0167386j -0.00622471+0.0263389j -0.00400295+0.00946999j -0.00855204+0.0110146j 0.0221963-0.00948649j 0.00388474-0.0290675j 0.0288414-0.00648809j 0.0129438-0.00354072j 0.0153185-0.00235579j 0.00373621+0.00109742j 0.0121387-0.0150952j 0.00220306+0.00267907j 0.0270704+0.00735248j 0.0113672-0.0128554j -0.00667544-0.00588028j -0.00229656-0.021908j -0.0231589+0.00120674j -0.00783002-0.020516j -0.000198282+0.00666673j -0.00133175-0.0235131j -0.0195262+0.0157369j -0.0117443-0.0116176j 0.0209198+0.0191207j -0.0137096+0.00029539j -0.0144266+0.00664137j 0.0117066-0.0306335j 0.0485273+0.00324634j -0.00756154+0.0296934j 
0.0060583+0.00668175j 0.0191182-0.010608j 0.00477188+0.0225269j -0.0238102-0.000431048j 0.0111321-0.0169563j 0.024074+0.0085353j -0.00917774-0.0295955j -0.022217+0.00254192j 0.0032774-0.0120274j -0.000467091-0.00285809j 0.00304893+0.00652619j -0.0119514-0.0144107j -0.00474455-0.00903438j -0.0168301+0.0178739j 0.00257569+0.0114909j -0.0182171-0.010416j -0.0195317-0.00141527j -0.0108767+0.00806594j -0.00939968-3.94032e-05j -0.00376195+0.0097382j 0.0174927-0.00469222j 0.0162116-0.026396j 0.00924645-0.0244004j 0.0204019-0.00131742j -0.0145483+0.00536201j 0.0168189+0.00117983j -0.00449052-0.025425j -0.0148702-0.00573477j 0.0187225-0.0167506j -0.0586439-0.0171677j 0.0149021-0.00116884j 0.000908198+0.0229855j 0.00457773-0.00765416j -0.0132899+0.00419118j -0.00144506+0.00889901j 0.00828438+0.0275445j 0.00980268+0.00366642j 0.0104576+0.00785939j 0.00233016+0.0168297j 0.00702247-0.00218346j -0.00984514+0.00647488j -0.0274316-0.0134757j -0.00288886-0.00323911j -0.00329521-0.0134562j 0.00510334+0.00780913j 0.010203+0.00641282j -0.0300101-0.00175097j -0.00937001-0.00108882j -0.0141972-0.0034002j 0.0119439+0.00957412j 0.00425674-0.0031289j 0.012561-0.0296392j -0.00357667+0.0102465j -0.000731055+0.00386127j -0.00178229-0.00790046j 0.004383-0.00969458j -0.00233144+0.0153949j -0.00801078+0.0158138j -0.0139985-0.0226211j -0.00368464-0.0268571j -0.0192297+0.0045146j -0.00462594+0.00343497j -0.00645638+0.022268j -0.0236436+0.00848566j -0.0241708-0.0255348j 0.00458384+0.0243728j -0.0142701+0.0040768j -0.0147965+0.0261815j 0.00482709-0.0117333j -0.00330497-0.000941084j 0.0104431-0.00509145j -0.00181355+0.00785017j 0.0041495+0.010695j -0.00094959+0.00932177j 0.02932-0.0239284j 0.00778792-0.0080133j 0.0169772-0.0430496j 0.034489-0.00427283j 0.00419112-0.0128795j -0.00199438-0.00746744j -0.0629851+0.00397934j 0.00856573-0.00744372j 0.0104448-0.013979j 0.0228134-0.0267045j 0.0218376-0.00757118j -0.0289494-0.0209671j -0.0253955+0.0281668j 0.00332938-0.0232655j -0.0209192+0.0231923j -0.0217133-0.0360794j 0.0302693-0.00107475j 0.00175143+0.0164144j 
-0.00353748-0.0015326j -0.00235181+0.0038258j 0.000351603+1.95854e-06j 0.00211952-0.00401315j -0.00593075-0.0105132j -0.0110867-0.00280313j -0.0170379+0.0222574j -0.000371286-0.00293993j -0.0161519+0.00549972j -0.00633829-0.00601429j 0.0198106+0.0112575j -0.0030196-0.0161821j -0.00977596+0.0107794j 0.00814749+0.00697415j 0.00309013-0.00888286j -0.00319754+0.00760584j -0.00767308-0.00401755j -0.000273467-0.00710165j -0.0113854+0.00248508j 0.00036048-0.00467637j 0.00412036-0.0076419j 0.0128904+0.0134662j 0.0127176+0.00308136j 0.00317974+0.018111j -0.00105809-0.000711011j 0.0017627-0.00821353j 0.0066165+0.0125786j 0.0148144+0.01124j -0.00446152+0.000926412j 0.0320613+0.0063869j 0.00504686-0.00180988j 0.00582864+0.00712433j 0.00498-0.00434926j 0.00487325+0.000547948j 0.000571893-0.0134944j 0.00528706+0.0120944j -0.00551077+0.0198046j 0.00900038-0.00508792j 0.00105729-0.00433331j 0.00596268-0.00759961j -0.00507548+0.00595584j 0.0167926+0.0038243j 0.00191291-0.00764165j -0.00412745+0.00234237j -0.00831396-0.00143864j -0.0124658-0.000319403j -0.0107658-0.0122543j -0.00120311+0.00343601j -0.00154813+0.00370941j -0.0100956+0.0210362j -0.0122784-0.0110342j -0.00311133-0.0177551j 0.00508582+0.00419952j 0.0115251+0.0147132j 0.0120077+0.0109108j -0.00737599-0.0152511j -0.00632833+0.0081929j -0.00387985-0.00763286j 0.00762586-0.00353563j -0.0114985+0.00622901j -0.000310595-0.00608407j -0.00867339+0.00156738j -0.0160909+0.00659097j 0.0105644-0.00293982j 0.0082553+0.0210808j -0.0179853-0.0128157j 0.00554572-0.00363924j 0.00976209-0.00571811j 0.00202291-0.00986436j -0.00623549-0.00183683j 0.00277116+0.00142202j 0.000577577-0.00751861j 0.00151344+0.00334446j -0.00196264-0.00409945j -0.0160378+0.0202421j 0.0183275+0.00115714j -0.00808878+0.0157527j -0.0283851+0.0133798j -0.00285428+0.00147715j -0.000487019+5.7295e-05j 0.0126811-0.00149566j -0.00459658+0.0105141j -0.00360464+0.0106501j -0.0106597+0.00860615j 0.00226824-0.0037784j 0.0157155+0.0120581j 0.0159511+0.0102739j -0.0090638+0.0195326j -0.00431295-0.00912752j 0.0059537+0.00292931j -0.00270897+0.00338379j -0.00302394-0.00345424j 
0.000633602+0.00389571j 0.0117446-0.00020514j 0.0100732+0.0279882j -0.0235857+0.0054135j -0.00864532-0.00592071j 0.00188407+0.00696334j 0.00090541+0.00950635j -0.0182714-0.00351724j 0.0193844-0.0053763j -0.00687771-0.00929449j -0.00383979+0.000353113j -0.0036966+0.00789719j -0.00395348-0.00564255j -0.0148312+0.00426248j -0.00916932-0.00598839j -0.00649186-0.00194987j -0.0104406-0.000313839j 0.00173622-0.00658124j -0.00246132+0.0029951j 0.00178471+0.00518658j -0.00909775+0.0130638j 0.0135165+0.00896332j 0.00658486+0.0138066j 0.0222321-0.00168146j -0.017256-0.00189034j 0.001543-0.0137322j -0.00356698-0.0236661j -0.0275571-0.00379354j 0.00550079-0.00566638j -0.0142654-0.00078118j 0.000302635+0.0113792j 0.00154754+0.00241661j -0.0176069-0.000508129j -0.00808377+0.00874607j -0.00124645+0.0303089j -0.000586996+0.0109054j -0.0145613+0.0206961j 0.00780739-0.00142167j -0.00443294+0.0125663j 0.000492296-0.00347481j -0.000336129+0.0249337j -0.000178144+0.00323278j 0.00425538-0.00358949j -0.00445445-0.034895j 0.00763006+0.0149826j 0.00988477+0.00615154j 0.00166234+0.0198789j -0.0141249-0.0202169j 0.0032542-0.00318492j 0.00467253-0.00704633j 0.0117556-0.0207439j 0.000105337-0.0232427j -0.0064667+0.0109719j 0.00894659+0.00250801j -0.0152989+0.0166776j 0.00226042+0.0106915j -0.0122853-0.00884796j 0.00426159+0.00499715j 0.0214736-0.0229312j -0.0108631+0.00025374j -0.0106471-0.00573667j -0.0107168-0.00187764j -0.00739075-0.00110722j -0.0059896-0.0130977j 0.0223947+0.0213536j -0.030341+0.00413521j -0.00177013+0.0215738j -0.00376028+0.0187387j -0.0107118-0.00279675j 0.0106902+0.0120043j 0.00571013-0.00604323j -0.020783+0.000866342j 0.00684664+0.015455j 0.0202673+0.000469536j -0.0259259+0.00396006j 0.0301417+0.00642609j -0.0099865-0.00949353j -0.0145215+0.0120249j 0.00740736-0.00824142j 0.0161568+0.00063647j -0.00035506+0.00743336j -0.0116282+0.0129458j 0.0181229+0.0163294j -0.0162269-0.0109241j 0.0193381-0.0112393j 0.00965223-0.00737162j 0.00984163+0.0252193j -0.00535783+0.025751j -0.024895-0.00139019j -0.00302884-0.0280176j 0.016253+0.00103382j -0.000526231+0.00788457j 
0.000820213+0.0031391j 0.00797163-0.00120065j 0.00797578+0.0138574j -0.0143524+0.00318435j 0.00950866-0.0116337j -0.00405442+0.00152837j -0.00453831-0.00149494j -0.00350499-0.00526584j 0.00966976-0.00215224j -0.0107536-0.0162121j -0.000787866-0.00425901j -0.0131238-0.0207862j -0.00786057+0.0131117j -0.000999331+0.0017578j 0.00142942+0.00418853j -0.00101069+0.0102063j -0.0104475-0.00563148j -0.0101995+0.00641373j -0.00702413-0.00339355j 0.00479143+0.0143498j 0.00394228+0.0184686j 0.00210093+0.00219435j 0.00663749-0.000594964j 0.00450743+0.00999657j 0.00713092-0.0100752j -0.00730201-0.00643134j 0.00585026+0.0105392j -0.0158808-0.0129623j -0.00593625+0.0153219j -0.00448351+2.59305e-05j -0.00520686+0.00501596j 0.000710637+0.00805718j 0.00130352-0.00969579j -0.00567809+0.0255521j -0.00274847+0.0213261j -0.00162069+0.00261172j 0.0105753+0.0150049j 0.00158371+0.0191634j 0.0010269+0.0079616j 0.00815437-0.000884952j -0.004694+0.014776j 0.00409384+0.0058656j -0.0426169+0.00179027j -0.015902-0.0160796j -0.00175788+0.0109011j -0.0159383+0.00145745j -0.0232712+0.0110994j 0.00378243+0.000663745j -0.00538582-0.00791462j -0.00150881+0.00196666j 0.0121949-0.00902468j 0.0105959-0.0003293j -0.0234453+0.0114655j -0.00888359-0.00180098j -0.0100499+0.00766593j 0.00043833-0.0125168j -0.0133371-0.00818194j -0.00484885+0.00797888j 0.00476339-0.0123131j -0.0101829-0.00561032j 0.00329653-0.00615989j 0.000464593+0.0073223j -0.00560846+0.00760885j -0.00727047-0.00277171j 0.0180917-0.00316939j -0.010944+0.0146036j -0.00315169+0.00997324j -0.000278931+0.0158j 0.00262514-0.00428643j 0.00339062-0.00324626j 0.0153097-0.00490979j 0.00572855+0.000403951j -0.00115074-0.00313487j 0.0118045+0.00104968j -0.00130943-0.000229413j 0.00895274+0.00802129j -0.00723927+0.011741j -0.00296655-0.00222416j -0.00299305-0.00546739j 0.000322779-0.0103083j -0.0039592+0.00299734j -0.004775-0.00788518j 0.00453853+0.0116607j -0.00700607-0.0102986j -0.003302-0.00418765j 0.00535449-0.00559676j 0.0160891+0.0158922j -0.00842024+0.0175351j -0.0131191+3.4174e-05j 0.00158417-0.0127529j 0.015317-8.22369e-05j -0.000823578+0.00887958j 
-0.00619982-0.000303757j 0.00967729+0.00189452j -0.00449629+0.0129595j -0.0118445-0.012449j -0.0015721-0.0129687j 0.0130932+0.0106433j 0.00131062-0.00481492j -0.0149154-0.000589814j 0.00285709+0.0189304j 0.00280017-0.00225981j 0.00572247-0.0115591j -0.0173863+0.00175772j 0.0110637-0.00609486j 0.000472309-0.013153j -0.0010483+0.0103892j -0.00790201-0.00514745j -0.00581052-0.0163855j -0.0137331-0.0103655j 0.00916378-0.0113564j -0.00196165+0.0052066j 0.0103317+0.0177866j 0.00573095+0.000238636j 0.00461908-0.00235345j 0.0101163+0.0144446j -0.0107055-0.00382261j -0.00436233+0.00385116j -0.0200093-0.00244457j 0.00142184+0.0104171j -0.0146468-0.0354505j 0.0231917-0.00317428j -0.00754897-0.0118292j 0.0191073+0.00204738j 0.0130804-0.00121233j 0.00899172+0.0191595j -0.0168225+0.0074242j -0.00808442+0.0147345j 0.00842951+0.0136129j 0.00821486+0.00211906j -0.000615104-0.00412775j -0.0142168+0.00659883j 0.00666844+0.000819376j -0.00237689+0.0214296j 0.0011371-0.0110554j -0.00485006-0.00797141j 0.0121981-0.00345707j 0.0244691+0.00635694j 0.00278768+0.0207418j -0.00492928-0.00259623j 0.000232836-0.00386179j -0.00176841+0.00941493j -0.00613612-0.0119915j 0.0116886-0.0204171j 0.00159444+0.00934016j -0.0258679+0.0160149j -0.00362388-0.0125842j 0.0174269-0.0223185j 0.00723604+0.00793917j -0.020352+0.00134881j -0.00312387-0.00464438j -0.00492869-0.00848247j 0.0102703+0.0195015j 0.0102507+0.0141726j -0.0190339+0.00459944j 0.0141794+0.0152381j 0.00176153-0.000157888j -0.00138406+0.0156389j -0.00514052-0.009279j 0.0105145+0.00477722j 0.0275055-0.0258914j 0.014121-0.0142145j 0.0158075-0.0005294j 0.0126385-0.00110995j 0.00774115-0.00454381j 0.00818455+0.000224375j 0.00130049-0.00109662j 0.0131834+0.00436037j 0.00548411+0.0435499j -0.00485879-0.00582012j 0.00324988-0.0090578j -0.0237096-0.0293008j -0.0135704-0.00816486j 0.00159413-0.0158026j -0.023048+0.01922j -0.0118108-0.00990924j -0.0024517+0.0218639j 0.00362155+0.0180143j 0.0139313+0.011068j -0.0207594+0.0190245j -0.00560566+0.00391218j -0.00962512-0.0149305j 0.0165777+0.00208875j -0.00794589+0.00846804j 
0.000773999+0.000496547j 0.00845808-0.00414092j -0.00392309-0.00701086j 0.0100462-0.0121771j 0.00968241+0.00776442j 0.00260404+0.0210571j 0.0234915-0.00221066j -0.0140593+0.0130952j -0.0124662+0.000482137j -0.00966952-0.0117115j 0.00812231+0.000197848j -0.0138825-0.0215958j -0.00315943-0.00170522j -0.000702081+0.00827325j -0.00187595-0.015715j -0.00197993-0.00365819j 0.0200337-0.00817919j -0.00417013+0.0184741j -0.00964422+0.00605668j 0.00134145+0.00657107j -0.00145284+0.01085j -0.00445964-0.00195799j -0.00291378-0.0149145j 0.00196153+0.00906084j 0.00151668+0.00601076j 0.0118309+0.0109211j -0.0224732+0.00301357j 0.0102307+0.00258359j -0.0248416-0.028252j 0.0160944-0.0226227j -0.010013+0.00181579j 0.000575931-0.0105504j -0.00202145-0.0119902j 0.0131255-0.000673157j 0.00684099-0.00382811j 0.00300392-0.0107091j -0.00713283-0.0210014j -0.00873983-0.0123112j 0.00349858-0.0174758j 0.0228136-0.0109943j -0.0151694-0.00616719j -0.00506694+0.0135178j -0.00857054-0.00700781j 0.00145323+0.0155822j -0.0101727-0.00495561j -0.00358039-0.00155044j -0.00842228-0.0059412j 0.0024549-0.000172918j -0.0119527-0.000124067j 0.0185376-0.0306797j -0.0104229-0.0040034j 0.00239992-0.00810004j 0.0116028+0.0120004j -0.0160012+0.00130122j 0.00745816+0.000467467j 0.0180024-0.00270013j 0.00774317+0.00504093j 0.00452458-0.00621673j -0.013526+0.00857831j 0.00164857-0.0194398j 0.00598485+0.0251416j 0.0108666+0.00123305j 2.26312e-05-0.00135113j 0.0191082+0.0226268j -0.0196077-0.00198917j 0.0109164-0.00313113j -0.0054663-0.0124542j -0.00153046-0.0131641j 0.0219151-0.0199277j 0.00835213-0.0164566j -0.0070525+0.0049138j 0.00797392+0.000375959j 0.0159221-0.0105672j 0.00558096-0.00306039j 0.000846002+0.00380417j -0.00287439-0.00277371j 0.0225926+0.0172681j 0.00987246-0.00811554j 0.00600995-0.00148224j -0.0211781-0.0193557j -0.00904028-0.00584774j 0.00618395-0.00546591j -0.0304802-0.00366881j -0.004085-0.000558204j -0.00564314+0.0241109j -0.00334612+0.016679j -0.00984556-0.00435098j -0.00701449-0.00745412j 0.00769081+0.00330966j -0.0107203-0.00550719j 0.00609933+0.00101713j -0.00531936+0.00191861j 
-0.0017813+0.00256538j -0.000866102+0.0037272j -0.00120415-0.0141296j 0.0162485+0.00727265j -0.0121692-0.00924395j -0.0157568-0.0164403j -0.0100806-0.00688351j 0.0187377+0.00408884j 0.00585671-0.00874302j -0.00585231+0.00468298j 0.0107009-0.00890638j -0.0107228+0.0110879j -0.000263815-0.0140112j 0.0117941+0.0074118j -0.00536209-0.000649695j -0.00908352+0.00592946j 0.00969953+0.000964319j -0.0124021+0.00505444j 0.0102135-0.0167357j -0.00690616-0.0168519j -0.01255+0.00922601j 0.00659826+0.000156451j -0.000539217-0.00370856j -0.00174644-0.00393998j 0.019579-0.00608182j 0.0204586-0.00162464j 0.0152322-0.00455146j 0.00989141+0.0116357j 0.00341197+0.0102826j -0.0105221-0.0081509j -0.00212161+0.00117388j -0.00944451+0.00210328j 0.0078709+0.00740638j 0.0102882+0.00241527j -0.00106982-0.0130505j 0.0124776-0.0177109j -0.00512097-0.00131466j -0.00270506+0.00976558j -0.00469353-0.0238928j 0.00442644+0.0109639j 0.019691-0.010517j -0.0039593-0.0144667j -0.0126572-0.0223547j 7.34208e-05+0.00340868j 0.0113595-0.00283374j 0.00197614+0.00177022j 0.00847405+0.0116225j 0.0229054+0.00300909j -0.00104696-0.00784975j -0.00901747-0.00956381j 0.0109279+0.0100087j 0.00199625-0.000962415j -0.00637336-0.00223938j -0.00248725-0.00611624j -1.51973e-05+0.00183686j 0.00326834-0.00350928j 0.00202851+0.018814j 0.0139324+0.00190802j -0.00168315+0.0137226j 0.00729647+0.00531996j -0.0114409-0.00858143j -0.00450232-0.00648337j -0.000359285-0.00673817j 0.00292584-0.000259961j -0.00357998+0.00194242j 0.000440047-0.0145526j 0.00165814-0.00183711j -0.00639651-0.00448918j -0.00337787+0.00479859j -0.0138781+0.00946456j -0.0162999+0.000760326j -0.00594262-0.00611196j 0.00325454+0.00167541j 0.00584051-0.00262655j -0.00609617+0.00823126j -0.00602333-0.00502742j 0.00210118-0.0140371j -0.00268944+0.00961139j 0.00176353+0.0041477j 0.00861701+0.00561146j 0.0100113+0.00343309j 0.00389682+0.0173359j 0.000436314-0.0114544j 0.000855138+0.00923418j 0.00100754-0.00708616j 0.00276928-0.0021109j -0.00657781+0.000426216j 0.00777613-0.00957993j 0.00389988-0.00212683j 0.00275085+0.010092j -0.00808279+0.000938939j 0.00207508-0.00542689j 
-0.0123229-0.0314391j -0.0438135+0.00770362j 0.00683668-0.0183197j 0.0166842+0.0143771j 0.00563599+0.0118169j 0.0139374-0.000142537j 0.0172117-0.00223758j -0.00120761-0.0351134j 0.0155236+0.00730866j -0.00564701-0.00317986j 0.0101384+0.0147861j -0.00692271+0.0108935j -0.00955403+0.00419327j -0.00142607-0.000880481j 0.00845313+0.00652302j 0.00576213-0.00195611j 0.00761424+0.00712394j -0.0140026+0.00286141j -0.00511861-0.00152592j -0.00328311-0.0025524j 0.0161312-0.0118391j 0.00153524-0.00377341j 0.00095842+0.0123409j -0.0110084-0.00801339j -0.0030283-0.0135882j -0.0107825+0.00429509j 0.0102478+0.0077628j -0.00171115+0.00153751j 0.00205725+0.0170538j 0.0380158+0.0218564j -0.000377072+0.0130131j -0.0188751-0.00774571j 0.00345003-0.0124818j 0.0053218-0.035487j -0.0119672+0.00385471j -0.0282307-0.0157322j -0.00406884-0.016823j -0.00330082+0.00844912j 0.0030008-0.0176372j 0.00814071-0.0181376j 0.0133432+0.00350822j -0.0186765+0.011362j 0.0106266-0.00649799j -0.00561223-0.0084545j 0.00798846+0.00896446j 0.0144081+0.0195549j 0.00342123-0.015509j 0.00682002-0.00126015j -0.0127796-0.0258253j 0.00962436+0.0137656j -0.0271412+0.00352521j -0.0431578+0.0159083j -0.0157046-0.0277075j 0.0151237+0.00361103j 0.0065603-0.0181834j -0.0213314+0.0111685j 0.00622043+0.00923385j -0.00115977-0.0121625j 0.0187874+0.0226212j -0.00219492+0.00974844j 0.00612828+0.0115762j 0.0148869-0.000579035j -0.0086496-0.00454001j 0.0188451-0.0139298j 0.0116618+0.00557191j 0.0239409+0.0053607j 0.0162413-0.0190677j -0.00296254+0.0258979j -0.00917233-0.0039651j 0.0193889+0.0145643j 0.00685252+0.00381552j -0.0240905+0.0268674j -0.0271157+0.00615999j 0.0116292-0.00442504j -0.0301715-0.026496j 0.00839942+0.0126228j -0.0152482+0.0483094j 0.0167366-0.00305074j 0.0170218-0.0194251j -0.0169694+0.0111532j -0.00204535-0.0288339j 0.0206141-0.0179314j 0.00982014+0.0174367j -0.00223923-0.00164311j 0.0186854-0.0141567j -0.0398239+0.00190269j -0.00400958-0.00728833j -0.010664-0.0115574j -0.00435091-0.0060933j 0.00558687+0.0104486j -0.0379359-0.0130948j 0.00660344-0.0184473j 
-0.0134241+0.00534897j 0.0128289+0.0154904j -0.00654049+0.0054649j -0.00727358-0.00720877j -0.00155507-0.00651629j -0.00738568+0.0154437j -0.00564611+0.00465628j -0.000748772+0.00430947j -0.0037458-0.00680952j -0.00427349-0.000266764j -0.00473844+0.0120723j 0.00271985+0.00415006j -0.00117159+0.000197247j 0.00242585-0.00290841j -0.00274056-0.00180772j -0.00153287-0.0015295j 0.00267661-0.0080792j 0.00156723+0.00475513j 0.00684385-0.00303468j -0.0145686+0.00239229j -0.00692448+0.0103838j 0.00644444-0.00808156j 0.00267645-0.00945587j -0.00900076-0.0145363j -0.00636798-0.00742672j 0.0245831-0.0137949j 0.00364053+0.009408j -0.0117634-0.0169518j -0.00446441-0.00808228j -0.00943377-0.00243863j 0.00952631-0.00715898j -0.0104538-0.0030344j -0.00573464+0.00445717j -0.00706174+0.000394982j 0.00641988-0.00128637j 0.00139123-0.00299401j 0.0140129-0.00310624j 0.0143312+0.0052027j 0.0102245+0.00214015j 0.000844933-0.00625758j -0.0110164+0.00513652j 0.00266724+0.000430666j 0.00174398-0.0100976j -0.000763653-0.00660202j -0.00721325-0.00797067j 0.0188162-0.0146621j -0.0072853+0.011672j 0.0164225+0.0216281j 0.00292688+0.0165545j -0.00164715+0.00669152j -0.00221733-0.0046133j -0.00630546-0.017707j 0.0176944+0.00766814j 0.00383993-0.00601997j -0.00389132+0.0135763j 0.002487-0.000446006j -0.000213295+0.0156764j -0.00252652-0.0122313j -0.00608467+0.00719624j -0.0204341-0.00710396j 0.014145-0.0204727j 0.00109037+0.015693j 0.00454389-0.00454584j -0.00951893+0.0119606j -0.000518097+0.00458895j -0.00619701-0.0030394j 4.93639e-06+0.00583024j 0.0108579-0.0220616j 0.00388514+0.00550621j 0.0163008+0.00324878j -0.00469906-0.00281535j -0.00185368-0.00789436j 0.00615421-0.0092335j 0.00803659+0.000967017j -0.00296192-0.0188218j -0.00330638-3.61399e-05j -0.000606267-0.022082j -0.00103457-0.00714552j 0.0020952-0.0042663j 0.00248782-0.0204195j -0.0197516-0.00387224j -0.00395676+0.00717087j 0.00712049+0.00015417j -0.0106884+0.0021769j 0.00232385+0.026447j 0.0117333+0.0124556j -0.0147129-0.0340864j 0.00997727+0.0112271j 0.00127206+0.0100482j -0.00986787-0.0311293j -0.00362808+0.0113509j -0.0114868-0.00220776j 
0.0137259+0.000969311j 0.00710943-0.0181561j 0.00284035+0.0126018j -0.00994533-0.00521225j 0.014662-0.0101146j 0.0126603-0.00821303j -0.00455976-0.00310518j -0.02624+0.00801436j 0.00733824-0.00431666j 0.00447897-0.0101186j -0.0057418-0.00882302j -0.0099172-0.00849286j 0.0061509-0.00584219j 0.000704607-0.00294021j 0.00677886-0.0102621j -0.00290658-0.00225951j 0.000135699-0.00280628j -0.00663743+0.005118j 0.0027341+0.00671016j 0.00385695+0.00313555j 0.000564595+0.00766902j 0.00458699-0.00450055j 0.00290477-0.00281242j 0.0120979+0.000199234j -0.0104374+0.0060455j 0.00423942-0.00599187j 0.00407367-0.00458599j -0.00335961-0.00213525j -0.012803-0.00499616j 0.0148317-0.00442291j -0.00246484+0.00321216j -0.0016277+0.0162755j -0.00208136+0.00469985j 0.0129891+0.00348303j -0.003124+0.00603376j -0.00957278+0.00957384j 0.00547776-0.0112902j 0.00221137-0.00129907j -0.00586488-0.00211758j 0.00558735+0.00924371j 0.00690112-0.00608295j -0.0101844-0.0054617j 0.0026293+0.00452775j -0.00171418+0.0119584j 0.00293868+0.00348481j -0.0140325+0.00892175j 0.00525335-0.0108112j -0.0114182-0.00646765j 0.00398616-0.00404518j -0.00259707-0.00672987j 0.0125971+0.00879138j -0.00227908+0.00631792j 0.0117554+0.00431705j 0.00276873-0.00816908j -0.00178692-0.00897566j 0.000949026-0.00864439j -0.00823742+0.00597434j 0.00116049-0.00325347j 0.0124166-0.00502249j -0.00694171-0.0186339j -0.011168+0.0182787j -0.0111116+0.0019404j 0.000179805+0.00263335j -0.00269626-0.0138896j -0.00222411-0.00115385j 0.00141367-0.0202251j 0.015117-0.0029392j 0.0155318-0.0176327j -0.000284434+0.00039301j 0.0027677+0.0104787j -0.00299549-0.000709212j -0.0144556+0.0133416j -0.00861447+0.00407337j 0.00607416-0.00696099j 0.00059087+0.00311797j 0.00851774+0.000392402j 0.00369568+0.00301003j 0.00395849+0.0115465j 0.0132914+0.00829586j -0.00406152+0.00442938j -0.0177123+0.00224299j -0.0052733+0.00117743j -0.00522969-0.016056j -0.0177267+0.00655527j -0.000144524-0.00161236j -0.00700202-0.00890676j 0.00856225+0.0396795j -0.0190619-0.00102549j -0.0116304-0.0104571j 0.0176014-0.00516713j 0.0203977-0.0159216j 0.0123948+0.0109872j 
-0.00298139+0.0077125j 0.00306905+0.00488633j 0.00710263+0.0071521j -0.00798554+0.0146322j -0.00256342-0.00129147j -0.00372791-0.00210032j 0.00404536-0.00400939j 0.0135109+0.00107474j -0.0155975+0.00166262j -0.00532742-0.00294691j -0.00683224+0.00560008j 0.00456854+0.00158115j -0.0069059+0.013198j 0.0189708-0.00287031j -0.00425842+0.0032613j -0.00225033-0.00289989j 0.00360557+0.0030597j 0.00523942+0.0114445j 0.0150621+0.0116047j -0.00821509+0.00585517j -0.000451026-0.0048267j -0.012055-0.0158574j -0.0198359+0.00795694j -0.0118477-0.0116419j 0.00439651+0.00577592j -0.0100009-0.00101908j -0.0116084+0.0124394j -0.00655618+0.0142245j 0.00426356+0.00166697j 0.00606314+0.00407358j 5.08772e-05-0.0065393j 0.0190769-0.00167383j -0.00330626-0.00437783j -0.00859262-0.0241101j 0.00644671+0.0103811j 0.00135017-0.0194969j -0.0137208-0.013513j 0.000331336+0.00250892j 0.0040705-0.00614426j 0.00109907-0.00313551j 0.0124416+0.00846868j -0.00899181-0.00308496j -0.00335634-0.00695776j -0.0054768-0.00460589j -0.00443667+0.00653026j -0.000850734-0.00216417j 0.00309259+0.00197934j 0.00647797-0.0110375j 0.0127848-0.0224138j -0.00797791+0.0215393j 0.00978425-0.00233918j 0.00186492-0.0126667j 0.00861354-0.00563416j 0.00745559-0.00236403j -0.00266426+0.00051002j -0.00576421-0.00402688j 0.0032954-0.00898637j 0.0115157-0.0114376j -0.0138144+0.0187686j 0.0138949+0.0182981j -0.00329773-0.00750806j -0.0250627-0.0084167j 0.00410762-0.00426446j -0.000149345+0.000558204j 0.000901397+0.00216515j 0.00634102+0.00136328j -0.0070483+0.00646715j -0.00590219+0.00405987j -0.0062728-0.00286059j 0.011594-0.0142685j 0.0053713-0.00876502j -0.00275083-0.00231647j -0.00615403-0.00475481j -0.00178212-0.00381691j -0.00977833-0.00599221j 0.00386149+0.00273803j 0.0279945-0.00316199j -0.00119884+0.0053236j -0.01595-0.000714375j 0.0167903+0.00570794j -0.00402661-0.011401j -0.00237298-0.00503188j 0.00341224+0.00272773j 0.0057606-0.000994005j -0.00207222+0.00420634j -0.0280558-0.00183536j 0.0113946-0.0118735j 0.00952912-0.0178909j -0.00291484+0.000582816j 0.0267002-0.00489726j 0.00245032+0.014818j -0.0176606+0.00472208j 
0.00761167+0.00536106j 0.00856145-0.0149587j 0.0114034+0.00357007j -0.00804081+0.00143568j -0.000967063-0.0123785j 0.00601355-0.00702003j -0.00640913-0.0056333j -0.00728811+0.0177792j -0.0010457-0.00493593j 0.00755825-0.00313278j 0.000652272-0.00560111j -0.00674711-0.00324671j 0.00211321-0.00908077j -0.00037097-0.00875606j 0.00372619-0.00883661j -0.00709963+0.00123872j 0.00643272-0.00158033j -0.00286242+0.0115041j 0.00440335-0.00196993j -0.00277435+0.00217367j 0.00486488-0.00932129j 0.00535242+0.0012834j -0.00915167-0.00688077j 0.00222092+0.00854763j -0.00270552+0.00403688j -0.0150131+0.00706702j 0.00712507-0.0157891j 0.00613054+0.0170967j 0.00427693+0.0137812j -0.0190286-0.00581565j -0.00618347+0.00310966j -0.00130727-0.000295392j 0.00291224-0.00457881j 0.00044171+0.0181872j -0.0159279-0.00213975j -0.00398874+0.013286j -0.00490507+0.0148212j -0.00184903-0.0118469j 0.00177154+0.00456773j -0.00232818+0.000508025j -0.00937726-0.0036302j 0.00406145+0.00139895j -0.00492833-0.00181595j 0.00105123+0.00666097j -0.00617253+0.00346009j -0.00795179-0.00877536j 0.000103939-0.00678175j -0.00148414-0.00948528j 0.000491851+0.00404856j 1.96381e-05-0.00470852j -0.0114221+0.0156743j 0.0133132+0.00525222j -0.00228301+0.00244106j -0.00305688-0.00773984j -0.00130049-0.00800995j 0.00304847-0.00126575j -0.0102661-0.00777089j 0.00576318-0.00182351j 0.00117704+0.00010276j 0.0159955-0.0029734j -0.00382672+0.00180144j -0.00421513-0.0144725j -0.00863496+0.00403464j 0.00323183+0.00152115j 0.0034633-0.0111277j 0.00254045+0.000657343j -0.00294562+0.000421208j -0.00952136+0.00823331j 0.00877204+0.0045762j -0.00851186+0.0107439j 0.00913201+0.00365798j 0.00267092-0.00273197j -0.0106763-0.000254615j 0.00112508-0.00474626j -0.00713232+0.00964809j -0.00695329-0.0056071j 0.00729275+0.00974334j 1.02755e-05+0.0127458j 0.0130012-0.00567332j 0.00489494-0.0067053j -0.00356569+0.00082579j -0.0116396-0.00736522j -0.0090678-0.0147888j 0.00568691-0.00751081j 0.00578555+0.0110332j -0.0160997-0.0072836j 0.0224573+0.0136675j -0.0118708-0.00237817j 0.00260539-0.00568925j 0.00901149-0.0117931j 0.0294725-0.00567471j -0.00127004+0.0244164j 
-0.0114906-0.00738652j -0.0120716+0.0132511j -0.00551303+0.00130143j -0.00444411-0.00272859j -0.00522077-0.00103348j -0.00879077-0.00561717j -0.00434844+0.00832359j -0.00422898-0.00115322j -0.00152077+0.00301286j -0.000738504-0.0077686j -0.00671038-0.0074108j -0.000293848+0.00734859j -0.00608247-0.000699919j 0.00529998+0.00632066j -0.00158844+0.00217687j -0.00266579+0.00525193j 0.000372998+0.00731369j 0.0022242-0.00699312j -0.00111354+0.00574098j 0.00641312-0.00396437j -0.0111117-0.00219402j 0.000704555+0.00414744j -0.00423946+0.00602818j 0.00426965-0.0060265j 0.00373282-0.00253294j 0.0102778-0.00224681j 0.0108703+0.00857038j 0.00095665-0.00407474j 0.016487+0.00926256j 0.0136093-0.000272176j 0.00189231-0.0101938j 0.0111332+0.00291244j -0.00440839-0.00581411j -0.00860389-0.0046155j 0.0147989+0.00184962j 0.00432311-0.0112665j 0.00516279+0.0147659j -0.00252385-0.00514549j -0.00350724+0.00921566j 0.00251175+0.00174203j -0.00679307-0.00019956j 0.00689491+0.00449226j -0.00332478-0.00458018j -0.00115687+2.1853e-05j 0.00402633+0.00103008j 0.00608452+0.00492245j 0.00105202-0.00104496j -0.015197+0.0077197j 0.00407801-0.00694059j -0.00315183+0.000318054j 0.00320963-0.00790072j -0.00446145-0.0141121j 0.00206371+0.00173129j -0.0225188-0.00401725j 0.00484158+0.00879605j 0.00317144+0.00877358j 0.00140959+0.000315947j 0.00718985-0.00321076j -0.000158151+0.0109743j -0.000574607-0.0153097j -0.000218467+0.000309431j 0.0168846+0.00299315j 0.00118744-0.00100436j 0.00414532+0.00528495j 0.0198715-0.00342075j -0.0064339+0.0166855j 0.00041671-0.00368121j 0.00449785+0.000824149j -0.003041+0.00647847j -0.00810088+0.00497277j 0.00203327-0.00293067j -0.0152895-0.00332208j -0.00707165+0.00703823j 0.0148261-0.00253443j -0.0137219+0.000434532j -0.0161608+0.00904878j -0.0128625+0.000755289j -0.00335386-0.00366583j 0.00686339+0.00535611j -0.0127333+0.00344943j -0.011507+4.36722e-05j -0.00203438-0.00474075j 0.00468054+0.0120425j 0.0141775+0.0139324j 0.0176858-0.00380406j 0.00780182+0.008969j -0.00714974+0.00827496j -0.00414755+0.00598504j 0.0116293+0.00126548j -0.0138267+0.0164302j -0.0184901+0.00513982j 0.000357591-0.0139383j 
0.00467674-0.00633303j -0.00731257-0.00429296j -0.00847094+0.00852392j -0.00549817+0.00172465j -0.00164294-0.00166071j -0.00127877-0.00090852j 0.00255065-0.00453045j -0.00108769-0.00101519j -0.00908288+0.00544496j -0.00180182-0.00473122j -0.0104124-0.00503696j -0.000267831+0.00500036j -0.00502101-0.00951965j 0.0012897+0.016421j 0.00144463+0.00752197j 0.00214456-0.00646693j 0.00752871+0.000945089j -0.0112912+0.0035673j -0.000721253+0.00191272j 0.00793045-0.00819084j 0.00226258+0.00369562j -0.00774689-0.00564697j 0.0018529+0.00121482j 0.0110402-0.0065159j -0.00434706+0.0143659j 0.00990969+0.00670158j -0.00340702+0.017379j -0.00465168-0.0153673j 0.000325608-0.00171275j -0.011088+0.00729849j -0.00112314+0.00495549j -0.00342405+0.00836284j -0.00366065-0.00437232j -0.0107762-0.00717537j -0.00099048+0.0127606j -0.00747331+0.00807798j 0.00928389-0.00392792j 0.00952988+0.000688498j -0.00537966-0.00672824j 0.00279884-0.0117628j 0.00430173-0.0122455j -0.012596+0.00616113j 0.00806455+0.00755188j -0.00314567+0.0118896j 0.0011487-0.00403207j -0.0114094-0.00222192j -0.000221292+0.00110446j -0.000892762-0.000777517j -0.0009799+0.00387883j 0.000652949-0.0029246j 0.00698456+0.00691132j -0.0111818+0.012655j 0.00295514-0.0021791j 0.00958768-0.000300782j 0.0141257-0.00496308j -0.0188785+0.00326644j 0.00790729+0.0158558j -0.00341166-0.00971188j -0.000221654-0.0055494j 0.0116587-0.00657651j 0.00924564-0.0136966j 0.00350205+0.00865628j -0.00938405-0.0106481j 0.00559837-0.00159438j 0.0176981-0.00459809j 0.00705086-0.000316217j -2.55385e-05-0.00563134j -0.00148536+0.00115985j 0.00400604+0.0144592j -0.00133476-0.00637588j -0.00690667-0.00216931j 0.00610281-0.00961813j -0.00376682+0.0036197j -0.00243968-0.00151835j -0.00770247+0.0108111j 0.00647063+0.00848924j -0.00569596+0.000725613j -0.00138036+0.0219188j 0.0132271+0.00847511j -0.00147956-0.0164342j -0.0150827+0.00694432j -0.00581975-0.00893358j -0.0023258-0.0026087j -0.00357352-0.00512213j 0.010316-0.0108055j -0.00317481-0.00633906j -0.000930101+0.00883845j 0.000519692-0.001351j -0.00730707-0.0033304j 0.00921396-0.00270114j -0.00183713-0.00398939j 0.000993672-0.000987729j 
0.00213706+0.00255388j 8.76179e-05-0.00284916j 0.00221801-0.00602998j 0.00894405+0.00794782j 0.00548278-0.00372364j 0.00118475-0.0135112j -0.0133543+0.00775651j 0.00531546-0.000816489j 0.00984381-0.00713805j 0.00451846-2.33058e-05j -0.00220926+0.00412643j 0.0128934-0.00489081j -0.00344171-0.01063j -0.0043138+9.98681e-05j 0.014504-0.00429628j 0.00615034-7.05065e-05j 1.63044e-05+0.00507379j 0.010055+0.001638j -0.00993469-0.0109397j -0.00670575-0.0017467j -0.000537065+0.00832879j 0.00280153+0.0046729j 0.0078874+0.0056991j -0.0054035+0.0135107j 0.00183757+0.0141509j -0.00619027+0.00458523j 0.00172562+0.00959571j 0.00888311+0.00621126j -0.00486712-0.00405145j 0.00383789-0.00603434j -0.00917071-0.00111213j 0.0179041+0.00315507j 0.00533481-0.0025328j 0.0105532-0.000758536j 0.0108469-0.00501877j -0.00351649-0.00773435j -0.00200815-0.00276173j 0.00444079+0.00460069j 0.00613685+0.0106522j -0.00514611-0.0138136j -0.00164269+0.00198234j 0.00534315-0.00531336j -0.00159164+0.0276536j 0.00161398-0.00137502j -0.00268594+0.00746391j -0.000161682+0.00101348j -6.72106e-05+0.0217709j 0.00791049-0.0112439j 0.00476296+0.00450773j -0.0116522-0.000909097j -0.0112623+0.000479779j 0.00839475+0.010523j 0.00146647-0.00749858j -0.00720056+0.00124578j -0.00396919-0.00240483j -0.0123346+0.0110024j -0.00299074-0.00843141j 0.00711951-0.00529764j 0.00436716-0.000125683j -0.00146751-0.00284547j -0.00241467+0.00830564j 0.00144135-0.00920715j 0.0012387-0.00469072j -0.0074175+0.00116839j -0.00103336+0.00811767j -0.00299813+0.010745j 0.00243754+0.00102954j 0.00338887-0.00847595j -0.0039053-0.000288609j -0.00389347+0.00185966j 0.000101784+0.0036188j 0.00140688+0.00238687j -0.00361232+0.00127117j 0.00379221-0.000255842j 0.00194942+0.00470036j -0.00335159-0.00630725j -0.00117174+0.00115635j 0.000598098-0.00327959j -0.00898391-0.00101228j 0.00196116+0.00183543j -0.0054125-0.00261169j 0.000524652+0.00116953j 0.00776773+0.00207208j 0.00863963+0.0015009j 0.00252123+0.00375056j 0.00191583-0.0011598j 0.00120873-0.00572173j -0.00940688-0.00126955j 0.00999128+0.00123417j 0.00691257+0.00796343j 0.00039252-0.00443282j 0.00208618+0.00293608j 
-0.00189245-0.00138224j -0.00011185+0.00106057j -0.00196011-0.00645686j 0.0104648+0.00201177j 0.000416254+0.00464103j 0.00551578+0.00366122j 0.0115283-0.00289985j 0.0031466-0.00133561j -0.011304-0.0043655j 0.00112993+0.000179874j -0.00938789+0.00934171j 0.00389497-0.00685628j -0.00341424-0.00155044j 0.000977055+0.00908395j -0.00327015+0.0041925j 0.00710095+0.00113286j -0.00135238+0.00925832j -0.00938553+0.00208206j -0.00177984-0.000614045j -0.000175931+5.18772e-05j 0.0034922+0.00212669j 0.00400615-0.0235211j -0.0134314-0.00215575j -0.00295176-0.00609899j 0.00620227-0.00233594j -0.0051488+0.00151003j 0.00399341-0.00871648j -0.0119061+0.00121613j 0.00732017-0.00529986j 0.00824716-0.0112178j 0.00542366-0.0080729j 0.0166698-0.0188127j -0.0131417+0.0058795j 0.012293+0.0135753j -0.00108633+0.00348955j 0.00215201+0.0114707j 0.0112872+0.00845709j 0.000377428+0.00257627j 0.00420313-0.0120619j 0.011322-0.0140187j -0.00923777+0.00408882j 0.00112467+0.0208841j -0.000213725-0.00153221j 0.012896-0.00715358j -0.000766853+0.0003523j 0.00814445-0.00401451j 0.000356011+0.00286521j 0.0136395-0.0157932j -0.00305881-0.0122755j 0.00546776+0.00837928j 0.00441681-0.00207937j -0.00296783+0.00510746j -0.0107062-0.010491j -0.0206587+0.00605746j 0.0186273-0.00624101j 0.0111753-0.0041747j -0.00234504-0.00389564j -0.0108286+0.00164098j 0.00650087-0.0112341j 0.00886412+0.00330023j 0.0112778-0.00132202j 0.00120797-0.00700421j -0.00767731+0.00149948j 0.0103974-0.00754053j -0.00546946+0.00047563j -0.00858899-0.0142939j -0.0103588+0.00130173j 0.00530066+0.0234804j -0.0120432+0.0182311j -0.0131236-0.00365523j -0.0154611-0.00280909j -0.00100697+0.0037004j 0.00441714-0.00300491j -0.0114213-0.00765975j 0.00500356-0.0183015j -0.000278296-0.00556854j 0.000707121-0.00190603j 0.00827073+0.0061238j -0.004617+0.0178471j 0.01574+0.018602j 0.00491717-0.00399846j -0.0129394-0.00227157j -0.00257643+0.00580695j -0.0108571+0.00365385j 0.00101212+0.0191114j -0.00177196+0.00778981j -0.0100565-0.00723968j -0.00112527-0.00325443j 0.00836677+0.00215313j -0.00677833+0.00574763j -0.00293484-0.00270051j -0.000232397-0.00199101j 
-0.00252935+0.00226877j 0.00350923+0.00303407j 0.00637897+0.00610126j -0.00154634+0.00534833j 0.00700764+0.00600953j 0.00283048-0.00938694j -0.000530796-0.00246978j -0.00369638-0.00562533j 0.0124765+0.00110914j 0.00262146-0.0223631j -0.00480903+0.0104677j -0.0134212-0.0130077j 0.00887672+0.00556639j 0.0159583-0.00442346j -0.00949361+0.00953375j 0.0321591-0.00105899j 0.00185858-0.00340139j 0.0170381-0.0193157j -0.0267557-0.0140611j -0.0104626-0.000524577j -0.0037326-0.00473473j -6.58575e-05-0.0126328j 0.000901618+0.00537712j -0.00268896-0.0101225j -0.00188919+0.0125562j -0.00529038+0.000274744j -0.015999+0.00777535j -0.00177412+0.00828452j 0.00904353-0.00116515j -0.0154689-0.0116769j 0.00135869-0.00719812j 0.0023915+0.00345397j 0.00876852+0.00929312j 0.000232126-0.000508971j -0.000955746-0.00280822j -0.00348597-0.00542283j -0.000261338-0.00190106j 0.00467414+0.00492609j 0.00616267-0.0101211j -0.00170952+0.00514856j -0.00766121-0.00191543j -0.00356494+0.00161973j -0.0032203+0.00320935j 0.0125364+0.00535657j -0.00133248+0.00550718j 0.00157262-0.00516329j -0.00349513+0.00168751j 0.00357631-0.00202825j -0.00034393+0.00880511j -0.00113689+0.00305837j -0.00318262-0.00264052j 0.00718728-0.00151226j -0.00454959+0.00888166j -0.0060187-0.000918949j -0.00175729-0.00370602j -0.00248618+0.00667441j 0.000137989+0.00367832j 0.00180583-0.00479567j 0.001487+0.00162088j 0.00655163-0.00421202j -0.00304218+0.00106588j 0.00271907-0.00162518j -0.005139-0.00205191j 0.0076902-0.00910248j 0.00588599+0.00495798j -0.00324178+0.00283195j -0.00229427-0.00186238j -5.76576e-06-0.00054848j -0.00284171-0.0106513j 0.00356532-0.00137867j -0.0121532-0.000479477j -0.00494737-0.0139664j -0.000527022+0.0220311j -0.00714623-0.0430108j -0.00534818-0.0192885j 0.0086655-0.016405j 0.000933097+0.00128597j 0.00893749-0.00332556j -0.0200484+0.0115932j -0.00354309+0.000365579j 0.00746931-0.00160392j 0.000132258+0.00438169j -0.00348697-6.81342e-05j 0.00201131+0.00028758j -0.00501036-0.00210607j 0.00309915-0.00218688j 0.00281748+0.000759042j 8.60779e-05+0.00406465j -0.00163832+0.0012692j 0.000793107-0.00102918j 0.00279703+3.70368e-05j -3.60047e-05+0.00229154j 
0.0107787+0.00448657j 0.00224413-0.0124174j -0.00203147-0.017172j 0.00787557-0.00513026j 0.00868143-0.00107891j 0.00305973-0.0168244j 0.000919247-0.00359246j 0.000590085+0.0347654j 0.0110996-0.00281503j 0.000692482-0.0035012j 0.00256887-0.00852918j 0.0013777-0.00132224j 0.00918146-0.014946j 0.0124605-0.0178163j 0.003621-0.0105468j 0.0120632+0.00528421j -0.000277437-0.0300616j 0.00214032+0.00333062j -0.0136954-0.0064357j -0.00962518-0.005554j -0.0115112-0.00648824j 0.0080598+0.0110262j 0.00803371-0.0169835j 0.00101058+0.00671635j 0.00442024+0.019821j 0.0117114-0.017659j 0.0057355-0.0140736j -0.00368607-0.0257182j -0.00570937+0.0141674j 0.0301755+0.010081j -0.00288544+0.00962504j 0.00385734+0.00977223j -0.0219558-0.015336j 0.0121954+0.00896696j -0.000795238+0.00622175j -0.00576566-0.000932412j -0.0149728+0.00285909j -0.0022312+0.0016246j -0.00977117+0.000491918j -0.00640268+0.00173156j 0.0267985-0.00669603j 0.0259077+0.00361706j -0.0024457-0.00481961j -0.0259048+0.00150603j 0.00161015+0.00428088j -0.00489928+0.0159101j 0.0155627-0.00821068j -0.0020814-0.00130593j -0.000408137+0.00380647j -0.000153969-0.00380863j 0.0019366-0.00507212j -0.0191199+0.00848612j 0.0186711-0.0273492j 0.0229143-0.0028472j -0.0185773-0.00284331j -0.0178092-0.00278995j -0.00122565-0.00150211j 0.0183007+0.00363887j 0.0109668-0.00884258j -0.0138363+0.0126818j 0.00480901+0.00115216j -0.00551135+0.00141028j 0.0118105-0.00860289j -0.028028+0.0187541j -0.0204674-0.00227024j 0.0217917+0.00672477j 0.0146215+0.000242254j 0.00387199-0.00575567j 0.011569+0.0186668j -0.000571297+0.00759805j 0.0393859+0.0502549j 0.0233067-0.0206241j -0.00459216+0.0202699j 0.0299449+0.00487704j 0.0212519+0.0181153j -0.0170444+0.0143524j -0.000544627-0.00536867j -0.0219836+0.00331537j 0.0647315-0.0114017j 0.00441809-0.0173721j -0.022435-0.000210748j 0.0110051-0.00532564j 0.0121401-0.00123118j -0.00997835-0.0132865j 0.0109892+0.00528246j -0.00865833-0.000559016j -0.00284619-0.00509903j 0.00064985-0.0132291j 0.00598445-0.00529215j 0.00437284-0.0015186j 0.00180766+1.13991e-05j -0.00116305+0.00138275j 
-0.000453029-0.00670629j -0.0103239+0.00295531j -0.00439776-0.00700163j 0.00806892-0.000400124j -0.0107086+0.00601233j -0.0190818+0.00723859j -0.00627007-0.00156209j 0.0223852-0.0167389j -0.00705172-0.00173648j 0.00566807+0.00769102j -0.00273256+0.00200094j 0.00629588+0.0116139j -7.06944e-05+0.00868961j 0.000472083+0.00632898j -0.00508541+0.0113831j 0.00342187+0.00439708j 9.60457e-05+0.0206077j 0.0143279-0.00549735j 0.0022729-0.00146j -0.00401651-0.00161839j -0.00914608-0.00973329j 0.00237565+0.00764393j -0.002957-0.00821543j -0.00854121-0.0130985j 0.0183498-0.0131597j -0.00154183-0.0102043j -0.00118346+0.0196417j 0.000965937+0.0035275j -0.000203791-0.00019046j 0.00117551+0.000591819j -0.00486486+0.00322046j 0.0103538-0.00652693j 0.00170511-0.0111115j 0.00263295-0.00166551j 0.0126394+0.00241249j 0.00604607-0.00206343j -0.00475965-0.00637456j -0.00389709-0.000705828j 0.0156139-0.00632026j 0.00432641-0.000715765j -0.00285241+0.00138829j -0.00582364-0.00163343j -0.000275519-0.000574129j -0.00603094-0.00411445j -0.00362616+0.00507105j 0.0151122-0.00527992j -1.1684e-05-0.00897118j 0.00769761-0.011864j 0.0135616+0.00433438j -0.00172397-0.0104613j -0.0188444+0.00848332j -0.00403954+0.0117359j 0.00625065-0.00906669j -0.00157183+0.00231024j 0.00713471-0.0055576j -0.00467999+0.00109867j -0.00534814+0.0010135j -0.00667893+0.00315646j -0.0157882+0.00609192j 0.00538985+0.0108117j 0.00423968-0.018509j -0.00723075-0.00995394j -0.00444333+0.0070121j 0.00421263-0.0021076j 0.0107285+0.00166678j 0.00155811+0.00575794j -0.00421895+0.00946726j -0.00389315-0.00170159j -0.00986118+0.00452505j 0.0101674+0.00610495j -0.0177007-0.000290176j -0.00328401+0.0123212j -0.00805739-0.00228675j -0.0101575-0.00484594j -0.0115044+0.00116286j -0.000493097-0.0211276j 0.0075048+0.00760188j -0.0029932-0.00506508j -0.00676124-0.0107913j 0.00410767+0.00871136j -0.00713945-0.00754371j -0.00853631-0.000679822j -0.00596046+0.00195078j 0.00124996-0.00623875j 0.00555504-0.00186401j -0.00496092+0.00136894j -0.00311405+0.00862357j 0.000995534-0.00370771j 0.00101786+0.000506929j 0.00792055+0.00607208j -0.0104337-0.000860632j 0.00130773-0.00425019j 
0.00163779-0.0101383j -0.0111624-0.00387353j 0.006691-0.000405293j -0.00336601+0.00048542j -0.00106435+0.00837513j 0.00793004+0.0240718j -0.00273464+0.00738729j -0.00857156-0.0117233j -0.00805818+0.0145636j 0.00131061+0.00503208j 0.00148058-0.000264551j -0.00531981-0.00361698j -0.0099867+0.00353822j -0.0033868+0.00317299j 0.00898807+0.000511311j -0.00599115-0.000957633j 0.00517774-0.000288864j -0.00540618-0.00620543j -0.00331784+0.000463205j -0.0021265+0.00576575j 0.00872801+0.00890047j -0.00201614-0.000396248j -0.0027058-0.00699124j 0.000949321-0.00409958j 0.000528809-0.00877337j -0.00906592-0.00500285j -0.0209148+0.0154396j -0.00594477-0.00377008j 0.0137679-0.0253144j -0.00119065-0.00730922j 0.00487626+0.0089347j 0.00974005+0.00699184j -0.00450748+0.00313695j 0.00298538-0.00835872j -0.0025667-0.000247293j 0.005722+0.000673143j 0.00190864-0.00697464j -0.00104615+0.00496045j 0.00511121-0.00674048j -0.0108968-0.00397012j -0.00853805-0.00394152j 0.0155396+0.0205902j -0.00368333-0.00423227j -0.00634012+0.0014406j -0.000721384-0.00379265j 0.0035468+0.000795068j -0.00260749+0.00946832j 0.00665839+0.00469058j 0.00575753-0.00454521j -0.00358939+0.00233285j 0.00960949-0.00420736j 0.0120532-0.00034801j 0.001164-0.0136548j 0.0020254+0.00106113j -0.00893396+0.00956502j 0.00737295+0.00318538j 0.000584427+0.00291739j 0.00356152+0.00519927j 0.010876-7.29214e-05j 0.00281389+0.00414716j -0.00050303-0.00555968j 0.00235666-0.00292498j -0.00306705-0.00114012j -0.00722522-0.0100403j 0.00440107-0.000289467j -0.000735741-0.0017737j 2.64449e-05-0.0159435j 0.00503132+0.00804887j -0.0141021-0.00272389j -0.0080059+0.00653495j -0.0109004-0.0134936j 0.00729532-0.00828974j 0.00613825+0.00168613j -0.00361114-0.00332827j -0.0065141+0.0120059j 0.00750032-0.00437573j 0.00158134-0.00293268j -0.00302767-0.00246785j 0.0077002-0.00126769j -0.00787422+0.0117341j 0.00146538-0.00266025j 0.0100822-0.000620624j -0.00558228-0.00431094j 0.00287579-0.00172487j 0.00304584-0.00450539j -0.0152862-0.00466074j 0.002039+0.00317057j -0.00224434-0.00503869j -0.00547446-0.00632156j 0.00152943-0.00492856j -0.000914354-0.000336088j -0.00105965-0.000632147j 
0.00173574-0.00846269j -0.00538329-0.00306856j -0.00195491-0.0107562j 0.00961818-0.00757523j 0.00940059+0.00262666j 0.00509283+0.00229115j 0.00191941+0.00237297j -0.0120895-0.0102212j 0.0160409-0.00571518j 0.00892125+0.00259563j 0.00728158-0.0041274j -0.00173077-0.00503255j 0.00781593-0.0044636j -0.0129538-0.00783185j 0.00587104-0.000819617j -0.000607505+0.000600467j 0.00158855+0.00274175j -6.86017e-06-0.00472565j -0.00229986-0.00715592j 0.00115474+0.00310146j 0.00331522+0.00204522j 0.0105633+0.00907633j 0.00936317-0.00527961j 0.00427751+0.00467751j -0.00416416-0.00768114j -1.19229e-05-0.00163243j 0.00853635-0.00263416j 0.00285169-0.00638583j -0.0031535+0.0031285j 0.000444732-0.011845j 0.00231716+0.0023281j -0.00469329-0.000815859j 0.000395084+0.00402116j 0.00369506+0.00721561j -0.00443591-0.0040359j -0.00442719+0.0057837j 0.00501076+0.00744782j 0.000472324-0.000966857j -0.00462131+0.0010808j -0.00218882-0.000259148j -0.00271358-0.00536933j 0.00500848+0.0063148j -0.00216465-0.00116243j -0.00223318-9.68045e-05j 0.000527822+0.000408001j 0.00424455+0.00809291j 0.000871423-0.00448057j -0.0012665+0.00226201j -0.00559082+0.00594841j 0.00463932-0.00572443j -0.00528431+0.00529401j -0.00141132+0.00667936j -0.00107666-0.000973286j 0.000948362-0.0056593j -0.00439575+0.00322839j 0.00173613+0.00286868j -0.00563588-0.002321j -0.000167377+0.00444101j 0.0086564-0.00942037j -0.000750815-0.0109899j 0.00403905+0.0151776j 0.00326244+0.00413041j -0.00436295+0.0044013j -0.00161647-0.00580393j 0.00112442-0.00354873j -0.00123218-0.000263674j 0.00974682+5.21331e-05j -0.000319984-0.00379517j -0.00589781-0.000520984j -0.00947203+0.0148168j -0.00100082+0.00580076j -0.00193735-0.00142286j 0.00258598-0.00402822j 0.00337424+0.00307149j 0.00762859-0.00148719j -0.00240765-0.00720204j -0.0168714-0.00734491j 0.0147474-0.00595776j 0.0108664-0.00351453j -0.00806612+0.00228614j 0.00118967+0.00491312j -0.00422386+0.00522543j -0.00602922-0.0118216j -0.00275061-0.00225705j 0.00972628+0.00783956j 0.0128691-0.00579136j 0.0159998+0.0217106j -0.00668854+0.014618j 0.0151842+0.0121632j -0.00878231+0.0232125j -0.00611832-0.0156732j 0.0129851-0.00907592j 
-0.00440228+0.00259882j 0.00841476+0.00415137j -0.00151937-0.00617038j 0.0119177-0.00925129j 0.00180217+0.00798872j -0.00372968-0.00177118j 0.000164161-0.00279726j -0.00730755-0.00707884j 0.00263684-0.00818167j 0.00184997-0.000716387j -0.000283291-0.00775647j 0.00860267-0.01281j 0.00155622-0.00951735j -0.00757105-0.00394391j -0.00551993-0.0022251j -0.000448192-0.0029313j -0.0109562+0.00118572j 0.00653602+0.00122363j 0.00604932-0.00637172j 0.0122675-0.00543715j -0.00574682+0.00790695j 0.0035421-0.00124154j -0.00390961-0.00403766j 0.00986543+0.00614026j 0.000806192+0.00918889j -0.00481682+0.000563118j 0.00528503-0.00412973j 0.0073911-0.00842182j 0.00837325-0.000366143j 0.00332343-0.0154795j 0.00656909-0.016382j 0.005231-0.00158006j 0.00659373+0.0120847j -0.00103958+0.0162848j 0.000207067-0.0196497j -0.00251221-0.00324474j 0.00393782+0.00401216j -0.00381828-0.00694716j -0.0110563-0.00056479j 0.000148402-0.000814714j 0.00096046-0.0011017j -0.00643492-0.006879j -0.000876099+0.000967653j 0.00966268-0.00374479j -0.000656613+0.000894807j -0.00938491+0.00459988j 0.00347062-0.00138981j -0.00764943-0.00376029j -0.00346361-0.00419942j -0.00550613+0.00141781j -0.0027223-0.00512318j 0.000422611+0.00825632j -0.0147088+0.00782078j -0.0108226+0.0114375j 0.00568146+0.00215709j 0.00481189+0.00982922j 0.00180498-0.00733735j 0.00736253+0.0175447j -0.0111711-0.00981598j -0.0100964-0.0124747j 0.0106257+0.00439306j 0.0073978+0.00343657j 0.00630253-0.000394024j -0.000401976-0.00502713j -0.00219418-0.000420559j 0.00300079+0.00241917j -0.0126718+0.00212974j 0.00545624-0.000591369j -0.00457534-0.00245868j 0.00338928+0.00317313j 0.00248386-0.0022968j -0.00419182+0.0132773j 0.00044424-0.00299738j -0.00203365-0.00527252j 0.00641748-0.00835574j -0.000909698-0.00187302j 0.00366659-0.00134392j -0.00078299+0.00373283j 0.00409826+0.00827447j 0.00309841+0.00171193j 0.00814347+0.0126912j 0.00865007-0.00693486j -0.00072282+0.0165172j 0.00897209+0.014181j -0.00435003-0.00800859j 0.00943577+0.0159826j 0.00337415-0.00392774j -0.00827544-0.00538746j 0.0228461+0.00505415j -0.0222082-0.000831423j -0.00201745-0.00333903j 0.00694089+0.00148279j 
-0.00534438+0.001556j 0.00277182+0.00741495j -0.00186472+0.00344964j -0.00445254-0.00292531j -0.00351778+0.000117255j -0.00794841+0.00179637j -0.0072568+0.00331931j 0.00736369+0.00453173j 0.000677271+0.000324572j -0.0050855-0.00257711j -0.00848708+0.0072564j 0.00447746+0.00347012j -0.00135097-0.00483018j 0.00330527+0.00662298j -0.00239584+0.00269105j 0.00557988-0.00223513j -0.00345845+0.00191403j 0.00125415+0.00114538j 0.00015355-0.00326438j -0.00373443-0.00439219j -0.00539686+0.00408174j 0.0051745-0.00893721j 0.00222144+0.00546443j 0.0012908-0.00559986j 0.0029053-0.00203927j 0.00936454-0.00137797j -0.000109236+0.005147j -0.00120047-0.00948917j -0.0137689-0.00191906j 0.00730551+0.00244836j 0.00162989+0.000831971j 0.0014968+0.00262749j -0.00155361-0.00344492j 0.00579895-0.00378657j 0.00206378+0.0058257j 0.000590391-0.000186955j -0.00850289+0.00104053j 0.00415375+0.00647477j 0.000216414+0.000282917j 0.00275405-0.00118005j 0.0109256+0.0035299j -0.00314744-0.014j -3.57945e-06+0.00566322j -0.00429516-0.00504947j 0.00069989+0.00685493j -0.00126619+0.00985715j 0.00037065+0.00173243j 0.00194512-0.00675644j -0.00117379+0.000907102j 0.00252766+0.00510846j -0.00318385-0.000245232j 8.17108e-05-0.0070049j 0.0068298-0.0111375j 0.000657695-0.00200059j 0.0074275-0.00264702j -0.004085-0.0018428j -0.000730803-0.00791673j -0.0104279-0.00137675j -0.0109422+0.0103019j 0.00239027+0.00298699j -0.000749228-0.00759963j -0.0128243+0.00717609j -0.00376582-0.00133449j -0.0013238-0.00179507j -0.0130738+0.00237758j -0.00184603-0.0159505j -0.00591643+0.00755427j 0.00244581+0.000647454j 0.00181309+0.00338839j 0.0178956-0.010412j 0.0046511+0.00943218j -0.00598661+0.00532295j -0.0047011-0.00261872j -0.0022426+0.00146105j 0.00221277-0.00347992j -0.00567821-0.0100273j -0.000943094+0.00455142j -0.00362998-0.00249382j 0.0052593-0.00234898j 0.00122818+0.00116161j 0.00501698+0.00573308j 0.00228025+0.00208362j -0.00477197-0.000271728j -0.0141314+0.00452021j -0.00889776-0.00805035j -0.000201607+0.00955893j -0.00108667+0.00208685j 0.0120924-0.00326659j -0.0104436-0.00766187j -0.0067272-0.00853042j -0.00441409+0.00937363j -0.00316146-0.00489441j 
-0.00837594-0.0162036j -0.0152335+0.00908554j -0.00327898-0.0172954j 0.0104511-0.00627402j 0.00720836+0.011848j -0.00906147+0.0067195j -0.00285179+0.0143709j 0.000265765-0.00556065j 0.00605908+0.00505546j -0.000330532+0.0047808j 0.000728563+0.000491641j 0.012269+0.00601345j 0.00450316-0.0121725j 0.00286018+0.00532454j -0.00333072+0.00490151j 0.00328776-0.0059517j -0.00505098+0.00697434j -0.00678075-0.00701724j -0.0104306+0.0065446j 0.00399335-0.00968399j -0.00981404+0.00380134j 0.00278255+0.00915426j 0.00844097-3.46371e-05j 0.00401294+0.00592897j -0.00443328-0.00568417j 0.00668862+0.005022j 0.0108308+0.000305192j 0.00697039-0.00602797j 0.0101869+0.00694843j 0.00273294-0.00205022j 0.00202957-0.00453335j -0.00469479+0.0113095j -0.000775324+0.00617359j -0.00779981+0.00102269j 0.000589199-0.00691901j 0.00103679+0.00247174j -0.00694949-0.00232915j 0.00258631-0.00108195j -0.00547961+0.00198791j 0.00397026+0.00166382j 0.00371397+0.000602387j 0.00934647-0.00167304j 0.00981587+0.00227097j 0.00343153+0.00109349j 0.000190026-0.00534339j 0.000130756+0.00863157j 0.00692077-0.00759418j 0.0128248+0.000519945j -0.00349868-0.00272902j 0.00994485-0.00118683j -0.0171219+0.00141093j -0.00623189+0.00228424j 0.00442846-0.0172798j -0.000625824+0.00290466j -0.00966194-0.00480681j 0.00616618-0.0009099j -0.012111+9.77464e-05j 0.00413952-0.0173598j -0.00429266+0.00329107j -0.00504276-0.0111654j -0.00527712-0.0138482j -0.00145604+0.0061167j -0.00416703+0.00136813j -0.00205787-0.00827157j -0.00142595-5.56512e-05j -0.0018251-0.00181854j -0.00152086-0.00500258j -0.0072238-0.000219371j -0.00460106+0.00251421j 0.00208053+0.000797742j -0.00700924-0.000600728j -0.00697653-0.00889034j -0.00237773-0.000926823j 0.000153475+0.00430552j -0.0081031-0.00565048j -0.00322589+0.00145109j -0.013971-0.00252025j -0.0016764+0.0014789j 0.012161+0.00309339j -0.00287271-0.00260154j -0.000931527+0.00664885j 0.00278656-0.00673149j -0.00689758+0.0138731j -0.000378706+0.00850607j -0.00139164-0.00097782j 0.00993649+0.00601752j 0.0138017+0.00046571j -0.00386265-0.00905437j -0.00578189+0.0082223j -0.0159258+0.0309777j -0.0162234-0.0101133j 0.00927209-0.0225573j 
0.00909185-0.00202906j -0.00190089-0.0113281j -0.00237625-0.0086684j 0.00761121-0.00307401j 0.00852782-0.000525817j 0.00145553-0.00706315j -0.00170098+0.000996584j -0.00634377-0.00978366j 0.00238244+3.41766e-05j 0.000517866+0.00735972j 0.00957074-0.00773572j -0.000342724-0.00110017j 0.00651324+0.00564757j -0.00129035-2.47803e-05j -0.00394516+0.00204382j -0.00468571+0.00419129j -0.00327306+0.00260967j 0.00305116-0.00891983j -0.00347539+0.00611526j 0.00789876+0.00397231j -0.0101658-0.000501298j -0.00945147+0.00847783j 0.000836776+0.00306184j 0.00711061+0.000472531j 0.000847723-0.000345143j -0.00252446-0.00534151j 0.00938866-0.00255776j -0.000208555+0.00182788j 0.00464913-0.00150267j 0.00619734+0.00424746j -0.00625272-0.000339453j -0.00341999+0.00468113j -0.0011515+0.00742106j 0.00367965+0.007752j -0.0027417-0.00955423j 0.00101982+0.00120974j 0.00319619-0.00215455j -0.0044568-0.00579456j -0.000128737-0.00506944j 0.00694865+0.0091455j -0.000911923-0.00319514j 0.00204117+0.0102263j 0.00309448-0.00658757j 0.00391793+0.000854248j -0.00544926-0.00340543j -0.0155043-0.00672611j 0.0119153-0.00755689j 0.00152977-0.0075857j 0.00756717-0.00295753j -0.00657068-0.0132117j -0.00692844+9.31431e-05j 0.00932774+0.0113915j 0.00546451+0.00770974j -0.000895527+0.0070197j -0.00289532+0.00567892j -0.00104581-0.00981418j 0.0073763+0.00701945j 0.00318381-0.00133102j -0.00219602-0.00784408j -0.00510475-0.0058871j -0.00542735-0.0097524j 0.0022465-0.00743548j 0.00617027-0.00101431j -0.0039246-0.0124111j 0.00386432-0.00380059j -0.000748597+0.000735041j -0.00349618-0.00412109j 0.00274406-0.012306j -0.00491588+0.000775485j -0.00703499+0.00290976j -0.00568219+0.00291238j -0.000782204-0.00925725j -0.00545859-0.00923725j 0.00497212-0.000994621j -0.00428023+0.00342078j 0.00832273-0.0047446j 0.00144112+0.00423878j 0.00217356+0.00999802j -0.0147148+0.00433891j 0.00500043-0.00551057j -0.00342051+0.00323356j 9.0092e-05-0.00314016j 0.00967938+0.00113403j 0.00989146+0.00175235j -0.00565898-0.00869217j -0.00343084-0.00272921j 0.00495223-0.00571297j -0.0204256-0.00854866j 0.00294501+0.00421223j 0.0164053-0.00239541j 0.00464269-0.0164427j 0.0084766+0.00805826j 
0.00813483-0.000347507j -0.00395907-0.00676001j -0.000123283-0.00968034j 0.00670982+0.00493142j 0.0053246-0.000181371j 0.00387687-0.00515235j 0.00639743-0.00643655j 0.00398074+0.00199446j -0.00222239+0.000138563j 0.00367957+0.00615633j -0.00317395-0.00440788j 0.00162273+0.00174684j 0.00402245+0.00423786j 0.00578964+8.06555e-05j -0.0019772+0.00179989j 0.000823594+0.00389837j 0.00350367+0.00582509j -0.00715572-0.0039805j -0.0036427+0.00850826j -0.00181812-0.00239803j -0.00140096-0.0084848j -0.00150333+0.0015198j -0.00473094-0.00474927j -0.00562457+0.00443512j 0.00522158+0.00248172j -0.00822321+0.00200622j 0.0046883-0.00440397j 5.7234e-05-0.000776592j -0.00121225+0.00381247j -0.00554367-0.00100919j -0.00880897+0.000397007j 0.00260538-0.0115901j -0.00105406-0.00226484j 0.00845587-0.00554605j 0.00154872+0.00329819j -0.00060471-0.00560489j -2.89245e-05-0.00543235j -0.00377384+0.00405203j 0.00235176+2.50663e-05j 0.00532788-0.000118222j -0.00257836-0.00397218j 0.00393489-0.00232403j 0.00471967+0.00454976j 0.0059075+0.00548881j -0.00079908-0.00287355j 0.00396188-0.00397041j 0.00486372-0.00493456j 0.00733094-0.000547106j -0.00383167-0.00253881j 0.000950402-0.00106877j -0.00556772+0.00341543j -0.0028108-0.00259269j 0.00265799-0.00359933j -0.00146892+0.00178853j -0.00411984-0.00603876j -0.00102571-0.00663403j 0.00126922-0.000254344j -0.00112365-0.00819755j 0.0058786-0.00409242j 0.000983497+0.00493297j -0.00188605+0.00623574j -0.0038686-0.00366731j 0.000955796+0.00401104j 0.00158616+0.00303211j -0.00131816-0.00060769j 0.00153839-0.0034259j 0.00479799-0.0046814j -0.00456816-0.00580516j 0.000343132+0.00178571j -0.00794917-0.00610178j -0.00311066-0.00387611j 0.00556195+0.00419457j -0.00180448+0.00644258j -0.00180071-0.00413857j -0.00098158+0.00685302j -0.00276203+0.00374317j 0.002628-2.15334e-05j 0.0102264+0.00240252j -0.00923237+0.00184165j 0.00430366+1.13528e-05j 0.00130479-0.00451994j -0.00352101+0.00824464j -0.00202968-0.0105017j 0.0065577-0.00729819j 0.000436116-0.00219656j -0.00800263+0.000154797j -0.00159429+0.00980146j -0.0042809-0.00614322j 0.00304101-0.00310501j 0.0131656+0.0137929j 0.000177542-0.00409539j 0.00370081-0.00159522j 
0.00623001+0.0101212j 0.00861182-0.00826657j 0.00415129+0.0116466j -0.00994289+0.00415777j -0.00295352-0.00603292j 0.00588786-0.00995101j -0.0101685-0.00572113j 0.00318291+0.011843j -0.00657397+0.000924046j 0.00250821-0.00197245j 0.00124694+0.000651674j -0.00522214-0.000407375j -0.00672084+1.59391e-06j 0.00646351+0.00447288j 0.00374811-0.00880631j -0.00416768-0.00110779j -0.00136878-0.00121496j 0.00116238+0.0113747j 0.00291739+0.000964284j -0.00256793+0.000109481j 0.00549706-0.00287349j -0.00151054-0.0036669j -0.00639727+0.00124854j -0.00265771-3.01679e-05j -0.00029628+0.00308643j -0.00150305+0.00120945j -0.00798548+0.000789069j -0.000289068+0.0141052j -0.00633679-0.00443924j 0.000929378-0.00680372j 0.000378053+0.00477448j 0.00356749+0.00325163j 0.00359451-0.00501379j 0.00253017-0.00396879j 2.85937e-05+0.00156958j 0.0068206+0.0046359j -0.00347385-0.000620587j -0.000171518-0.0036097j 0.000824242-0.00469379j -0.00558544+0.000529821j -0.0031699-0.00108747j 0.00126788-0.00166317j -0.00509991-0.00342594j -0.000601537+0.00389999j 0.000570449-0.00128355j -0.000902277-0.00671358j -0.0053132+0.00379761j -0.00538935-0.00318597j 0.00554395+0.00327239j -0.00141556-0.00290537j 0.00883729+0.000385109j 0.0057898-0.00200744j 0.000228553-0.00160943j -0.00233364-0.00407942j 0.00697306-0.00818497j 0.00542984-0.00187942j -0.00210656+0.00292166j 0.00944775+0.00211087j 0.00176345+2.65606e-05j 0.0092805+0.00626576j -0.00558351+0.00355627j -0.00508698-0.000338229j 0.00204005-0.000290961j -0.00131554+0.000349943j 0.00384835+0.0124919j -0.00326568+0.00318946j 0.00613411+0.00233694j 0.00865327-0.00323007j 0.0024428+0.00394473j -0.00125359+0.00624645j 0.00552328-0.00574552j 0.00272479+0.0047428j 0.00350793-0.00119452j -0.00239902-0.00495505j -0.00173768+0.00108972j -0.00972185+0.0028634j 0.00874874+0.00101524j -0.00238508+0.00789614j -0.000194572+0.00523858j 0.00835742-0.00462029j -0.00427154-0.00565043j -9.84493e-05+0.000416723j -0.0022689-0.00521844j 0.00427898-0.0088869j -0.00433669+0.00110874j -0.00600893-0.00485279j -0.00221757-0.00343704j 0.00196457-0.000892079j -0.00706409-0.0140582j 0.0119057-0.0107099j 0.0174682+0.00658877j -0.00502894+0.0158648j 
-0.00496272-0.00136413j -0.00315385+0.00600446j -0.00302486+0.00279863j -0.00160512-0.000942928j -0.00661531-0.00234539j -0.0104998+0.00833831j 0.0118784-0.00409015j 0.0143119+0.00209093j -0.00604872+0.00129506j -0.00876917-0.000842366j 0.00271457-0.000469465j -0.0039301+0.000231887j -0.00249211-0.00201766j -0.00032947-0.00280569j -0.00769868+0.0021123j 0.00351421+0.000443451j -0.00366901-0.0115625j 0.000541556+0.00077068j -0.00238601+0.000384255j 0.000340693+0.00110792j -0.00189267+0.00318959j -0.00563079+0.000567429j 0.0024107-0.00535769j 0.00174779+0.0047674j -0.000366086+0.00348985j -0.00683934+0.00359433j -0.0192297-0.000330552j 0.00330043+0.0120085j 0.00171649+0.016158j -0.000955318+0.00260748j -0.00124226-0.00350295j 0.00128649+0.00644686j 0.00752416+0.0037093j -0.0121461+0.00273654j 0.0071108-0.000228032j -0.000547205+0.00341771j 0.00137113-0.00966873j 0.00183677-0.00333124j 0.00171099+0.00400235j -0.00653515-0.000483875j 0.00356559-0.00250605j 0.0135778-0.00136688j -0.00176841+0.00150846j -0.00638578-0.00588797j -0.000703068-0.00190188j 0.00451209-0.00166684j 0.000212132-0.00326511j 0.000730497-0.00893848j -0.00955673-0.00639297j 0.00672269+0.00534274j 0.00248984+0.00111685j -0.00483814+0.00214813j -0.00751596-0.00126019j 0.0103555+0.00369178j -0.00827886-0.000959115j -0.00673533-0.00294722j -0.00927497-0.005182j -0.00229674-0.0102253j 0.00227263+0.00540016j -0.00231623+0.00601948j -0.0147502-0.0102007j 0.0011589+0.000105353j -0.00102905-0.00167795j -0.00877741+0.00707466j -0.000142945+0.0117749j 0.0142656+0.0160277j -0.00217343-0.00519978j 0.00745951+0.0153208j 0.00912234+0.00147836j 0.00374368+0.0115392j -0.0113862-0.00526939j -0.00532359+0.0185144j -0.00699771+0.00683486j 0.00410612+0.00230835j 0.0135099-0.00534513j -0.00235023-0.00549242j 0.00412093-0.00808786j -0.0166461-0.00949903j 0.00581849+0.0150843j -0.00717552+0.00850602j 0.00661993+0.0116195j 0.000760099-0.0119414j -0.0124537+0.00988505j 0.000863394+0.00573745j -0.00680622+0.00901542j 0.0065594-0.00300624j -0.00643178-0.0100282j 0.00419076+0.00312602j -0.00227296+0.00362071j -0.000937132-0.005547j -0.00522659+0.00506212j -0.0059744-0.00230141j 
0.000197909-0.00350083j -0.00267546-0.00163264j -0.00252395-0.00349846j -0.00379555+0.00198703j 0.00585168-0.00659163j 0.00128502+0.00458699j -0.000571424+0.00114739j -0.0043621-0.00141326j 0.0100426-0.0067371j -0.00427809+0.00259085j -0.00448147-0.00514681j -0.00653718+0.00526007j 0.00434959+0.00122353j -0.00743494+0.00217057j 0.00564477+0.00703968j -0.00269155+0.00599125j -0.00517588-0.00131072j -0.00157447-0.0104886j -0.00384381-0.00330594j 0.00156847+0.0122394j -0.00509071+0.00710067j -0.00298501-0.0177773j 0.00470435+0.00486291j 0.00760881-0.00773143j 0.00459235-0.00509984j 0.00719679+0.00274172j 0.00545494+0.00554828j -0.00992452-0.00439771j 0.0046216+0.00660939j 0.00344681-0.00816494j -0.00284108+0.00815905j 0.000938078+0.00498541j -0.00379633-0.00354194j -0.00235884-0.00533791j 0.00665638-0.00459372j -0.00299247+0.00413168j 0.00970817+2.18227e-05j 0.00435869+0.00289265j 0.00247838-0.00339172j -0.000574984-0.000391803j -0.00643297-0.00538901j 0.0027421+0.00317135j -0.00169318+0.00308513j -0.00453953-0.00331226j -0.00181782+0.00131602j 0.000345114+0.00862741j 0.00987024-0.00522651j -0.00140654-0.00192563j -0.00291675+0.00582832j 0.00159178-0.00236057j -0.00103098+0.00580292j 0.00072906-0.00467127j 0.00560934+0.00182454j -0.00542735+0.0046862j 0.00117945+0.00932715j -0.011757-0.00385894j -0.00271255-0.00892446j -0.00952585+0.0022581j 0.000866079+0.00448142j 0.00111379-0.00557021j -0.0045687-0.000374266j 0.00268872-0.00010685j -0.000510634+0.000144718j 0.00401017-0.0075741j 0.0046708+0.00486708j -0.00628665-0.000795052j -0.000662925-0.00255419j 0.0082761-0.00503666j 0.00724473+0.0080602j 0.00494462+0.00496175j -0.0079918+0.00426667j 0.00528784+0.00212831j -0.0103051+0.00318565j 0.0157454-0.0024056j 0.000775609+0.0008387j -0.00481733+0.00669486j -0.0123402+0.000143516j 0.00157621-0.00691257j 0.00537949-0.00726159j 0.00197705-0.00101643j 0.009139+0.00689337j 0.0037509+0.00445951j -0.00827715+0.000217786j 0.00357409-0.00950033j -0.00655941-0.00266367j -0.000215306+0.00332163j 0.00645784+0.00432141j -0.00332099-0.00574131j -0.00496094-0.00247431j 0.000572403-0.00492403j -0.000252815-0.00138543j 0.000701971-0.00182617j 
-0.00474872+0.000140506j 0.00155592+0.00724798j -0.000260041-0.00671491j 0.00667892-0.00223598j -0.0045073+0.000951612j -0.00199546+0.00722042j 0.00401108+0.00096057j -0.00393025-0.00633244j 0.00247023+0.000588204j -0.00036524-0.00211583j -0.00633615-0.00216451j 0.0030977-0.00798626j 0.00457566+0.00487306j 0.002165-0.0108712j -0.00426554-0.00502775j 0.0039261+0.0147074j 0.00627771+0.00620492j -0.00434017-0.00427528j 0.0046688+0.00687724j -0.00108908-0.00117614j -0.00535917+0.00114089j -0.00849764-0.00556302j 0.0011512-0.0041596j 0.000602511+0.00838398j 0.00716553+0.00257728j -0.00323906+0.00114508j -0.0027731+0.00282661j -0.00368889-0.0114116j 0.00629858+0.00529913j -0.00836408+0.00208911j -0.00229447-0.0146001j -0.00343231-0.0067035j 0.000334396+0.00394811j 0.0125286+0.00275469j 0.00612061+0.00530811j -0.00482315-0.00276623j -0.000267956-0.00961163j -0.0054994+0.00389099j -0.00917452+0.00290699j 0.00158979-0.00398617j 0.0020669-0.00262406j 0.00102147+0.00793452j 7.6032e-05+0.00399102j 0.000490939+7.12255e-05j -0.00389625+0.00154257j 0.0110754-0.00566598j 0.00489959+0.00189201j 0.00668516+0.00243822j -0.0028302-0.00156095j -0.0141288+0.00623509j -0.0141399-0.000330707j -0.000980237-0.00233864j -0.00644703+0.0064226j -0.00192527-0.000863933j -0.00805641+0.00313023j -0.000961172+0.0053257j 0.00320753-0.00374202j -0.0129709+0.00578598j 9.48327e-05-0.00555846j -0.00375531-0.0039271j 0.00600715-0.00552536j 0.0010068+0.0014256j -0.00189836+0.006144j 0.00838791+0.0134099j -0.00330879-0.00184951j -0.0045207-0.00715386j -0.00864692+0.00319468j 0.00212333+0.00603979j 0.00460539-0.00638107j 0.00210141-0.00486697j 5.28734e-05+0.00780553j 0.0079258-0.00447324j -3.58719e-05-0.00121202j 0.0016435+0.000230635j 0.00178933-0.00209487j 0.00533411+0.00096364j 1.73292e-05-0.000759233j 0.00673788+0.0010489j 0.000333411-0.00924368j -0.000927547-0.00706085j -6.35055e-05-0.00163005j 0.00327129+0.00723716j 0.00179892+0.000731225j -0.00198514+0.0150669j 0.00253316-0.00196157j 0.00648558+0.00588743j -0.000443591+0.00146558j 0.00469162+0.00416031j 0.00657324+0.00480347j -0.0120925+0.00756782j -0.00570633+0.00276491j -0.00102078-0.00565979j 
-0.00507725-0.00626102j -0.00566848+0.00587623j -0.00437423-0.00217691j 0.00299342-0.00663286j 0.000886071+0.00672307j -0.00541569+0.00675542j 0.00198624+0.00514018j 0.00311174-0.0101645j -0.000377307+0.00584532j 0.00190668-0.00450893j 0.00502243+0.0121734j 0.00301497-0.005094j -0.000446515-0.00244346j -0.00469818-0.00277354j -0.000456687+0.00337369j 0.00228794-0.00811889j 0.00258091+0.00244282j 0.00672907+0.000898326j 0.00136772-0.00431442j 0.00353312-0.00242091j 0.000194291+0.000273281j 0.00785187+0.0070441j 0.000989433+0.00596177j -0.00284564+0.0010338j -0.00393241-0.0110554j 0.00211452+0.00311348j -0.00257444-0.00296037j 0.00441963+0.0053505j 0.00165544-0.00272833j 0.00323232-0.00346382j 0.0064802-0.00590641j -0.00453196-0.00274188j 0.00117612+0.00473077j -0.00720722+0.000824069j 0.00283431-0.00875948j 0.000377693-0.00294108j 0.00144005+0.00522287j 0.00315628-0.00340843j 0.00142436+0.00133027j -0.00273689-0.00311495j 0.00786355+0.0015173j 0.00265955+0.000346561j 0.000741691-0.00519933j -0.00531927-0.00403025j 0.00193411+0.00108154j -0.00533894+0.00277267j -0.00252008-0.000285992j 2.72755e-05-0.00497954j 0.0011879-0.00342282j 0.00543408-0.00124082j 0.0018054-0.00175936j -0.00234864-0.000890286j 0.00405697-0.00334292j 0.00130416+0.0013863j 0.00239459+0.00234313j 0.00176634+0.00174415j -0.00328903+0.00201524j -0.00156721-0.000497199j 0.00213073-0.000583363j 0.00472679-0.00391849j 0.00740571-0.00782191j 0.00882577+0.00178632j -0.00463088-0.00302046j -0.0116623-0.00542871j 0.00558774-0.00212426j 0.00867579+0.00934048j 0.00183831-0.00616227j 0.00478899-0.0121813j 0.00153059-0.00231018j -0.00150686+0.0122509j 0.00294289+0.00145922j -0.00893655+0.00269626j 0.00230109-0.0112688j -0.0041963-0.00628652j -0.00192714-0.00290569j -0.00753463+0.000282471j 0.000657736+0.00403341j -0.00477245-0.00390349j 0.00688176+0.00533149j -0.0103647+0.00864254j -0.00206923+0.0198755j -0.013913-0.00335164j -0.00504608+0.00195252j -0.00203412-0.00704686j -0.00132932+0.00655921j 0.00586394-0.000601768j 0.00675946+0.00112327j 0.000958271+0.00685249j 0.00788721+0.00746607j -0.00667021+0.0150761j -0.00888816-0.00466224j 0.00412871-0.00835084j 
0.000667085+0.00276774j -2.77804e-05-2.724e-05j -0.00139501+0.00323094j -0.00273361+0.000890518j -0.00390954-0.000374709j 0.00443066-0.0018275j -0.00258149+0.000885683j 0.00475597-0.00237077j 0.00301168+0.00353747j -0.00241703-0.00638761j -0.00289638+0.0107066j -0.00339701-0.0091231j 0.000846063+0.00218123j -0.002171-0.00439102j -0.000952745-0.00972126j -0.00165099+0.0137762j -0.00437879+0.0148312j -0.00203523+0.00725551j 0.00310318+0.00669391j -0.00244112-0.0018687j 0.000956382-0.00149634j -0.00603717-0.0149863j 0.00122314+0.00814335j 0.00443764+0.00758161j 0.00308451-0.00146552j 0.00996672+0.0066397j -0.0138794-0.00387009j -0.000976288-0.00115898j 0.00465862-0.00207914j -0.00624283-7.81261e-05j -0.000679038-0.00346788j -0.0112509+0.00597814j 0.00372743-0.01274j 0.000577565-0.00019713j -0.00241083-0.00089257j -0.00872028+0.00645386j -0.0103053-0.0036786j -0.00494694+0.00279877j -0.00847233+0.00380355j 0.00281001+0.00536311j 0.0118559-0.00398999j -0.000137383+0.000462328j -0.00679856-0.00484493j -0.0102089-0.00306691j -0.0038681+0.00108449j 0.00171297+0.00671878j 0.00176543+0.00555609j 0.00593996-0.00283538j -0.00119112-0.00282654j -0.00841069-0.00116055j -0.00846446-0.00753837j 5.30276e-05-0.00299873j 0.0110465-0.00502415j -0.00812625-0.00690441j -0.00164451+0.00537293j 0.0106506+0.00414044j 3.98056e-05+0.00193423j -0.0157081+0.00679517j 0.00355825-0.00053583j 0.0115356+0.00586128j 0.000243365-0.00790844j 0.00825595+0.00339772j 0.000549566+0.00271397j -0.0145269-0.00856372j 0.0101831+0.00696073j -0.00311463+0.00252099j -0.000120173-0.00739829j 0.00544198-0.0111943j -0.00816391-0.00111325j -0.00175819+0.00253295j 0.00912306+0.00239869j -0.00218047-0.00129295j -0.00416623-0.0205935j 0.00248041-0.0134114j -0.00118639+0.00425926j -0.0112704+0.00487391j 0.00246982+0.00653842j -0.000289385+0.00763327j -0.00308486+0.00830765j -0.00300694+0.00524979j 0.00502885+0.0153893j -0.00768716+0.00237441j 0.000321938-0.00415166j -0.00230583-0.015984j -0.0105769-0.00115002j -0.0121425+0.00306302j -0.0018339-0.00488988j 0.00229816-0.00246064j -0.000257512-0.00122552j 0.00110414-0.00343999j 0.00210927+0.00233237j -0.00223079+0.00287799j 
-0.000659095+0.00130155j 1.81575e-05+0.000738954j 0.00350297+3.5077e-05j -0.0034036+0.00370922j 0.0138359-0.00156941j -0.00488412+0.00520228j -0.00305335-1.32048e-05j 0.00896567+0.00352363j 0.00231615-0.00402294j -0.00771135-0.0063623j -0.00541577-0.00266324j 9.66814e-05+0.0140402j 0.00458409-0.0186363j 0.0018435+0.00212872j 0.0010458-0.00220547j 0.00342753+0.00086829j 0.00368408+0.00282056j -0.00617591-0.0205978j 0.00515295+0.00546484j 0.00675588+0.000999238j 0.0015715-0.00893417j 0.00552844-0.0116092j 0.00142408+0.00572502j -0.00664693+0.0230793j 0.00394177-0.00744524j 0.00176252-0.00199697j -0.00862753+0.00103734j -0.00529321+0.00508747j 0.00244004-0.00906962j 0.00412806+0.00312335j 1.32162e-05-0.00502157j -0.00195687-0.0011416j -0.000130268-0.00518152j -0.00269045+0.00273162j -0.0109949-0.00597201j 0.0152424+0.00010691j -0.00644208-0.000395058j 0.000446177+0.00475739j 0.00127895+0.000395918j -0.00728715-0.0194378j -0.0069579+0.0040427j -0.00104335-0.00441588j 0.0126763+0.00585479j 0.0122367+0.00163028j 0.0119005-0.00150396j 0.000334751-0.00788721j 0.0106297-0.0166278j -0.0055661+0.00407278j -0.00789028-7.51162e-05j 0.0108909-0.00313878j -0.00774721-0.00554524j 0.0102823-0.00125387j 0.00909053+0.000385976j 0.00622945-0.00661945j 0.00726546+0.00712004j -0.00773947+0.00297954j -0.00311373+0.00155637j -0.000949775+0.00332481j -0.000480845-0.00537904j 0.00173254+0.000397923j 0.000275874-0.00498725j 0.00358963-0.000913708j 0.00320703+0.00686647j -0.00251558-0.000312432j 0.000478176+0.000890443j -0.00146412-0.00101693j -0.00473275-0.0005435j -0.00108269+0.00115853j 0.0013071-0.00326306j -0.00444017-0.00273298j 0.00154029+0.00484607j 0.00213576-0.00193j -0.00208859-0.0091361j 0.00694791-0.00502405j -0.00362781+0.00230179j -0.00403177+0.000286737j 0.00456902-0.00120991j 0.000799243+0.00229528j -0.0024713+0.00176275j -0.00214639-0.000345603j 0.00126498+0.00263896j -0.00340687+0.00286258j 0.00366811-0.00109885j -0.00291691-0.00185008j -0.00174747-0.00100362j -0.00301603+0.000652758j -0.00313386-0.000226945j 0.00159656-0.00107027j -2.97095e-05+0.000954338j 0.000275155-0.00291461j 0.000306534+0.00142845j -0.00159357+0.000827128j 
0.000426015-0.000312307j -0.000979212+0.000156568j -0.00113448+0.00156955j -0.00251122-0.0027929j 0.000489798-0.00784824j 0.00440121-0.0056943j 0.00207418-0.00861902j -0.000356566+0.00190358j -0.0072001+0.00418292j -0.00262974+0.0115268j 0.00304352+0.00191949j -0.000372128-0.00248355j -0.00388112+0.00577411j -0.000139568+0.0100653j -0.00393645+0.0153072j 0.00355248-0.012829j 0.00126925+0.000796166j 0.00338173-0.000290371j -0.0121363+0.000728908j -0.00334704+0.00668926j -0.000584815-0.00274107j -0.00351225+0.00183605j -0.00357071+0.00472655j 0.00228508-0.0112865j -0.00267183-0.00223265j -0.00548154+0.00146578j -0.00199692-0.0116523j 0.00579058-0.00620714j -0.000153337+0.000624036j 0.00210092+0.00366445j -0.00334167-0.00014483j -0.00413402-0.00800982j -0.006147+0.0122753j 0.00622008-0.00283566j -0.00442389-0.00130941j 0.00282131-0.00775045j -0.00349171+0.0147973j 0.00904521+0.00253372j 0.0140561+0.0106276j 0.00567071+0.00223245j -0.00583691-0.00354662j -0.000884039-0.000850667j -2.75068e-06+0.00404954j -0.00465809-0.0012125j 0.000656284-0.00386901j -0.000254069+0.00532047j -0.00158439+0.00386854j -0.00110506-0.00961554j -0.00129945+0.00162086j 0.0126991-0.0046858j 0.00526855-0.0101557j 0.00677606-0.00723453j 0.00958141-0.00860236j -0.00602251+0.00311715j -0.00369328+0.00691932j -0.00836383-0.00662432j -0.000449626-0.000629237j -0.0121707+0.00342753j -0.00623416-0.000825436j 0.00622282-0.00173697j 0.00934901+0.00458461j 0.00739416+0.0022869j -0.00111397+0.000484762j -0.00493608-0.00530294j 0.00169062-0.00169012j -0.00476116-0.00691879j -0.00622419-0.00849431j 0.00105701-0.0159778j -0.00599624-0.000886943j -0.00114967-0.0158256j 0.012058+0.0060205j 0.00380745-3.76093e-05j -0.00102364-4.40322e-05j 0.00305134-0.00165908j -0.00199578+0.00316323j -0.00782509-0.00348026j -0.00407625+0.0158022j 0.0039153+0.00232957j -0.000889314-0.00289225j -0.00183264+0.00506555j 0.00207078+0.00365907j -0.00451587+0.00795544j 0.00871668-0.00166881j -0.00558584-0.011831j -0.0013321-0.00633947j -0.00646674+0.00771606j -0.00747299-0.00347546j 0.00475666-0.00508351j 0.00117117+0.000107233j -0.00286296-0.00562519j -0.000987959+0.00496441j -0.00332761+0.0013947j 
0.00254464+0.000218054j 0.000235241-0.00308589j -0.00258105-0.00145616j -0.00668411+0.00749412j 0.0105693-0.00652801j 0.00851785+0.00719394j 0.00158428+0.00758001j -0.00588197+0.00882917j 0.00159778+0.0124707j 0.00376551-0.00669994j -0.00412425+0.0125427j -0.00282099-0.00267947j 0.00741664-0.00416422j -0.00113883-0.00388575j -0.00564964+0.00163844j 0.005751-0.00917385j 0.00470069+0.0155199j 0.00799549-0.00441065j 0.000777825+0.00021976j 0.011362-0.015019j 0.00497816-0.0174602j 0.0129515+0.00731459j 6.01722e-05-0.00225517j 0.0054305+0.0013987j -0.001099-0.00325447j -0.00405228+0.00527147j -0.00317375+4.08211e-05j 0.000680214-0.00714266j -0.00635183+1.81545e-05j -0.00451942+0.00228318j 0.00803875-0.002064j -0.00445476-0.000394566j -0.00344071-0.00139447j 0.00440935-0.00199884j 0.0111003+0.002304j -0.00414511+0.00484126j 0.00102876+0.000149165j 0.00966708+0.00277223j 0.00824705+0.00647451j 0.00856053+0.00159657j -0.0010651-0.00966738j -0.00315523+0.00320272j 0.00703685+0.00241484j 0.00729176-0.00215313j 0.00651711-0.00419878j 0.000839763-0.00192828j 0.000291326-0.00233393j -0.00129643-0.00454467j 0.00493641+0.00535173j -0.00751179-0.00496557j 0.000983541+0.000232818j 0.000442607-0.00365128j -0.00680387+0.0126987j 0.00651429+0.00371584j 0.00767195+0.00567699j -0.00375388+0.000196672j 0.00791677+0.000592694j 0.00322218+0.00703865j 0.00324638+0.00492879j 0.00248183+0.00615903j -0.00392014-0.00380096j 0.00818828-0.00395089j 0.000617341+0.0016405j 0.00195279+0.00340653j -0.000466918+0.00569008j 0.00166099-0.00233595j 0.00433417-0.00169373j 0.000109078+0.00562747j 0.00455418+0.00349383j -0.00291425+0.00267596j 0.00616276+0.00333528j -0.00959506+0.00279464j 0.0133117+0.014317j -0.0218239+0.000620936j -0.0107272+0.00521519j -0.00810998-0.00256993j 0.00450709-0.00503706j -0.00812011-0.000785646j 0.00780546-0.00730336j -0.00201081-5.45532e-05j 0.000628952-0.00107613j 0.00213056-0.00235976j -0.00402025-0.000991599j 0.00447197+0.00358802j -0.00276431-0.00244402j 0.000334912+0.000883626j -0.000905242+0.00115221j -0.00164481-0.00599515j -0.00287235-0.00167748j 0.00725515-0.0120064j 0.00481231-0.000396495j -0.00104179+0.00542166j 
0.00533433+0.00336991j 0.00550747-0.00358054j 0.00121323-0.0021932j 0.0085076-0.00411851j 0.00173348-0.00248608j 0.00511403-0.00424259j -0.000353818-0.00508593j 2.65599e-05+0.00159272j 0.0099834+0.00917932j 0.00300031+0.00554251j -0.00639844-0.0117789j 0.00188189-0.00409658j 0.000487163+0.0108711j 0.00789365+0.0113878j -0.0107479+0.00901696j -2.71745e-05+0.00056938j -0.0130375-0.00296262j -0.0086729-0.00036384j -0.00884636+0.00536431j -0.00165186+0.0098579j -0.00365388+0.00865489j 0.00496617+0.000102186j -0.000420554+0.00995718j 0.00893073-0.00033044j 0.00488982-0.00447505j -0.0113368+0.0201243j 0.0111295+0.00409419j -0.0078073+0.00723443j -0.0144434-0.00304196j 0.00232571+0.00660205j 0.00246455+0.00167477j -0.00380931+0.00554603j 0.00733234+0.000339008j 0.00839377-0.0006312j 0.0103844+0.00474364j 0.00133864+0.00173021j -0.0108084+0.00946622j 0.00455763-0.00180984j 0.000547056-0.000913357j 0.00517574+0.00114913j -0.0163334+0.000733222j -0.0238273+0.00608686j -0.00452378+0.00237951j 0.00621629-0.00294659j -0.000883218-0.00120675j 0.0248431-0.00164855j -0.0084553-0.00214165j 0.0097808-0.00283432j 0.00556417-0.00450078j 0.000179947+0.00211778j -0.00507574-0.00914496j 0.00386404+0.00794586j 0.00298222+0.00257849j 0.00417383+0.00424287j -0.00367476-0.000662213j -0.00496569+0.00563741j 0.00147866+0.0135981j 0.00776693+0.00904601j 0.00365827-0.00135174j 9.11629e-05+0.00503926j -0.00320962-0.00717009j -0.00293431+0.00242107j 0.00191431+0.00354478j -0.005919+0.00415589j 0.00337511+0.00792565j 0.00466517+0.00714926j 0.00512467+0.00395494j 0.00179603-0.00523363j 0.00659418+0.00703615j -0.000917786+0.00500684j -0.00647214+0.01026j 0.00237454+0.0094881j -0.00614234+0.0128506j 0.00221654-0.00410501j 0.00563061+0.0106029j 0.00152569+0.00512781j 0.0132848+0.000248297j -0.00451715+0.00832238j -0.000840616-0.00389903j -0.00588375+0.00093129j 0.00087643+0.0138819j -0.00549695-0.00799928j -0.0124558-0.0021513j 0.00347735+0.000542391j -0.00253903-0.000527768j 0.0034872-0.00220299j 0.0013552+0.000763186j 0.00137212+0.0015783j 0.00621901-0.00650399j 0.000287294+0.00627489j 0.00385722+0.00149428j 0.00159559+0.00356647j 
0.00053797+0.00430924j 0.00344261-0.00189497j -0.00261907-0.00249061j -0.00394443-0.000263897j 0.00712914+0.00876436j -0.00356813-0.000596138j 0.000854616+0.00549623j 0.000493722+0.00316656j 0.000785607-0.00749089j -0.00484358-0.00787832j -0.000859529+0.00760762j -0.00471331+0.00243205j 0.00445707+0.000576622j -0.00728383-0.00113768j 0.006002-0.00306973j -0.00465627+0.00185654j -0.00893868-0.00160658j 0.00123922+0.000853258j 0.00381072-0.00461864j -0.00374806+0.00292519j 0.00214948-0.000362535j 0.00568186-0.0099256j -0.00219401+0.00770884j 1.13114e-06-0.00382713j 0.00278024+0.000315061j 0.010743+0.00184816j 0.00607823+0.000448742j -0.00677933+0.00847723j -0.00978653-0.0134565j -2.1236e-05-0.000383402j 0.00766687+0.0103911j 0.00498172-0.00444292j -0.000143335-0.016754j -0.00118108-0.00374606j 0.00519418-0.000347736j 0.00375807+0.00130905j 0.00672324+0.0121606j -0.00731853+0.0040935j -0.0187074-0.00356584j 0.00411792+0.00258866j 0.00367288-0.00107119j -0.0154387-0.00429182j 0.00768656-0.00538799j 0.0113773-0.00183231j -0.00253666+0.00566805j -0.00103746+0.00815916j -0.00717422+0.0020288j -0.00299164+0.00719888j 0.00333634+0.0044331j -0.00576389-0.00776379j -0.00234225+0.00233464j -0.00142109+0.00153907j -0.00748137+0.00916605j 0.000912809+0.00593848j 0.0043902+0.00183201j -0.00284868-0.00347432j 0.00539967+0.00785514j 0.00204914+0.0099294j -0.00353527+0.00486134j 0.00513791+0.00282809j -0.00350163-0.00166643j 0.00640145+0.0018907j 0.000456613-0.00155444j 0.00349605-0.00568842j -0.000796031+0.0087023j -0.00744545+0.00121981j 0.00545489+0.00509818j 0.00380024+0.000834892j 0.00789039+0.00787463j 0.00150819+0.00250605j -0.00487819+0.0139488j 0.00478026-0.00255398j -0.00501748+0.0063622j 0.00193299+0.00583525j 0.00475124+0.00751379j -0.00456907+0.00544706j -0.000597447-0.000712963j -0.000730991+0.000489202j 0.00139366-0.0117799j -0.00153324-0.00409454j 0.00448245+0.0103296j 0.00288774+0.00208945j -0.0055118-0.000525194j -0.00658928-0.00379336j -0.00339462+0.00275631j 0.00365517+0.000665306j -0.00555946-0.00358807j 0.0045153-0.00548976j -0.00162448+0.00388088j 0.000769418-0.00116321j -0.000180665+0.00195644j -0.0029711-0.000753698j 
-0.00300292+0.00105225j -0.000698093+0.0030779j 6.7262e-05+0.00650842j -0.00272126+0.00277862j -0.00629273-0.00497268j 0.00200312+0.00285992j -0.00159638+0.00328734j 0.00277402+0.00594767j -0.00112775+0.00669049j -0.000335041+0.000728163j -0.00544784-0.000859593j 0.000471264+0.00254817j -0.00483297+0.00261979j 0.00891954+0.0053015j -0.00459998-0.00177598j 0.00192383+0.00521283j 0.00123628+0.00667353j -0.00477667+0.000164349j -0.00334814+0.00708411j -0.000846636-0.00262385j 0.00105723+0.00249349j -0.00510607-0.00433428j 0.00254824+9.06109e-05j 4.8584e-05+0.00209686j -0.00185805-0.000915561j 0.0013733+0.00221931j -0.00428278+0.00182531j 0.00330519-0.00588659j 0.000575314-0.00184754j -0.000147808+0.00170673j -0.00606859-0.000899043j -4.29669e-05+0.00155923j -0.00110344+0.000751626j 0.00349665-0.00233775j -0.00539054+0.00274427j -0.00272609+0.000879238j -0.00639663-0.004653j -0.000189099+0.0026661j 0.00800224+0.00132532j -0.0019964+0.00232665j -0.0041292+0.00549998j 0.0104425-0.00266307j -0.00642773+0.00427465j -0.00734302-0.00115785j 0.00424826-0.00260589j 0.010706-0.00306569j -0.00138187-0.00164503j -0.00690644+0.003981j -0.00483692-0.00502426j -0.0015947+0.0038589j -0.00206081-0.00530071j 0.00281079-0.000740888j -0.00321001-0.00191503j -0.00371049+0.00694441j -0.0023879-0.00432127j 0.00839089+0.0039081j -0.00141488+0.0035201j 0.00260628+0.00353648j -0.00400662+0.00922565j -0.00585322+0.00145435j -0.0101287-0.00365654j -0.00174076+0.0051465j 0.00273241+0.00165144j 0.00432317+0.00190837j 0.000164313+0.000931509j -0.000246431-0.000953793j 0.0024104+0.000782845j -0.00145573+0.00687645j -0.00233774+0.00270634j 0.00302751-0.011723j 0.00128226-2.11576e-06j -0.00133713-0.0013j 0.00549608-0.00319799j -0.0016445+0.00030821j -0.00102534-0.00220137j -0.00163826-0.00250925j -0.00482736-0.00325751j -0.00177617+0.00200425j -0.00667277-0.00101641j 0.00142726-0.00170564j -0.000628028-0.000642028j 0.00408369-0.00414818j 0.00776066+0.00285515j -0.00199211+0.00573176j 0.00624621-0.00179483j -0.00234671+0.0039189j -0.00631101-0.00565099j 0.000932432-0.00180674j -0.00475633+0.000780593j 0.00394975-0.0158553j -0.00116557+0.00505666j -0.0057354+0.00247009j 
0.00539793+0.00159762j 0.00292577-0.00713198j 0.00525545+0.00740637j -0.0162319-0.00799992j 0.00844756+0.00714038j -0.00671443+0.00415345j 0.00143898-0.00881644j -0.00532693-0.00684326j -0.0105306-0.00390938j -0.0062517-0.000573364j 0.00245087+0.000679519j -0.00911527-0.00161263j -0.00575738-0.00165464j -0.00380801-0.0020428j 0.00691621-0.002542j -0.00603447-0.00515278j -0.00257989-0.00926365j -0.00945214-0.00149824j -0.000884411+0.00482392j -0.00573664+0.00220858j 0.000265091-0.00298955j -0.0021942+0.00288033j -0.00707981-0.00167629j -0.00132242-0.00459863j -0.000783697+0.00654961j -0.0116888-0.00879361j -0.00555746+0.0029268j -0.00791692+0.00865508j -0.0065593-0.00568783j 0.0013168+0.00671619j 0.000533246+0.00159942j 0.00960691-0.00720931j 0.0018346+0.00150336j 0.000382879-0.00337798j -0.00687461+0.00681712j 0.00405898-0.0124675j 0.015346+0.0133192j -0.00488168+0.00604212j -0.00385132+0.00823059j 0.000793951-0.00494144j 0.00570157-0.00023953j -0.00406849-0.00165159j 0.0147309-0.00325967j 0.00420313-0.00162758j -0.00287626+0.00474054j -0.00566291-0.00682796j -0.00037313+0.00899963j -0.000280413-0.00110885j -0.00730795-0.00104745j 0.00428426-0.00479611j -0.00889012-0.000760705j 0.00450506-0.00555587j -0.00105594+0.000586783j 0.00384053-0.00414878j -0.0013164+0.00186625j 0.00106457-0.00433329j 0.00235637+0.00180915j 0.00273445+0.00032918j 0.00806412-0.00579792j -0.000865259+1.55073e-05j -0.00255927-0.00498736j 0.00790265+0.00317481j 0.00281841-0.00129672j -0.00831975+0.00595438j -0.00154587-0.00532605j -0.000681405-0.00764095j -0.00418711-0.00467606j 0.00299138-0.00630698j -0.00513545-0.000873015j -0.0030966-0.00380013j -0.00185002-0.00707884j 0.00868584+0.00995345j -0.00578722+0.0131642j 0.00846709+0.000187313j 0.0035069+0.0052551j 0.00277647-0.00912778j 0.0066481+0.00206774j -0.00362505+0.00259522j -0.00346759+0.000212515j -0.000991493+0.00856714j -0.00783737-0.00434142j -0.00683602-0.00469651j -0.00302375-0.00082618j 0.00405039+0.00207686j 0.00480319-0.00738425j -0.00736986+0.00270376j -0.00121941+0.00523683j -0.00154755-0.000185874j -0.00357407-0.00999454j 0.00517625-0.014508j 0.00832421+0.00272866j -0.000223032+0.00904144j 
-0.00530031-0.00752687j -0.00780584+0.00771129j -0.00358468-0.0116459j 0.0112555-0.0045232j 0.0042485+0.00779178j -0.0025151+0.000637284j 0.00614657+0.00357536j 0.00044459-0.0112998j 0.00654262-0.000324785j 0.000411928+0.0025543j 0.00494497+0.000655227j 0.0059833-4.53891e-05j 0.00276385+0.000953509j -0.00477649-0.000587217j -0.00204826+0.00318847j 0.00305393-0.00163593j -0.000943104+0.00196249j -0.000332895-0.0016228j 0.000322553-0.0016595j 0.00332272+0.00123166j -0.000358458+0.00309118j -0.000500416+0.00456953j 0.00402575+0.00344067j -0.000147562+0.000357005j -0.00293023-0.00439749j 0.000635968+0.00199241j 0.00545057+0.00316075j -0.00169302-0.00111168j -0.00184667-8.51932e-05j 0.00289449-0.00286766j 0.00503454-0.00408029j -0.00374981-0.00387064j -0.000283182+0.00573404j -0.00319597-0.00159029j 0.000290983-0.00451753j -0.000124435-0.00381444j 0.0027627+0.00049148j 0.00267453-0.000794717j -0.0074883-0.00202456j -0.000414903-0.00105365j 0.00134236+0.000817978j 0.000689692-0.000883891j 0.0010528-0.00134805j 0.00097928-0.00166298j -0.001091-0.000276822j 0.00272677+0.00443038j 0.00326991-0.00184878j 0.0054585+0.00124635j -0.003138-0.00109616j 0.00595645+0.000956856j -0.00586434-0.00545427j -0.00525399+0.0044906j -0.00406133-0.00322638j 0.000479548+0.00296404j 0.000768994+0.0037973j -0.00436792+0.000486228j -0.000108742+0.00139962j -0.00111121-0.00168451j -0.00176032-0.00616653j 0.0018686-0.00344438j 0.00923955-0.000186507j 0.00182303+0.00380779j -0.00243364-0.0017141j -0.00479488-0.000517986j -0.00106382+0.000259553j -0.000677938+0.00022581j -0.00231572-0.00141349j 0.00148364-0.00232486j -0.00192861-0.00101144j -0.00175084+0.00587021j -0.000269419+0.0009209j -0.00375916-0.00468751j -0.00361588-0.00569024j 0.00144249+0.00079028j -0.00150721-0.00654073j 0.000529005+0.000370716j -0.00675547+0.00296388j 0.00344989-0.00281823j 0.0028337+0.000233675j -0.00370087+0.00282984j 0.00561044+0.00425997j -0.00227889-0.000814407j -0.00395137+0.00170589j 0.000788348+0.00733944j 0.00353282+0.00311891j 0.00597426+0.00207357j 0.0035283-0.00201377j 0.00124817+0.00432904j 0.0115155+0.00873453j -0.0106561+0.0174128j -0.0161618-0.00466314j 0.0047681-0.0131533j 
-0.00141457-0.000573465j -0.000941471+0.00205566j 0.000552838-0.00481761j 0.002445+0.000806229j 0.00358736+0.00270948j 0.00416416-0.000144376j 0.00383265+9.02855e-05j -0.00124486-0.00076467j 0.000984326+0.000733095j 0.00015781+0.000663583j -0.000188235+0.000518175j 0.000653009-6.89238e-05j 0.000626703+0.00105306j -0.00295874-0.00157811j 0.000397589-0.000546468j -0.000313362-0.00153294j -0.00239693-0.00146135j -0.000847182+0.000505314j 0.000623589-0.00127316j 0.00243405+0.000922581j 0.00250475-0.000920375j 0.000478509+0.000440522j -0.00407926+0.00102906j -0.000852824-0.000943508j 0.000532874-0.000503792j -0.00389942+0.00457091j 0.00235457+0.00281824j -0.00175793+0.00394172j -0.00143513-0.00318439j -0.00286229-0.00014346j 0.00355987-0.00275697j 0.00234445-0.00257774j 0.000835606+0.00197699j -0.0040697+0.00252584j -0.000914686-0.00449155j 0.000288309-0.00188334j 0.00147879-0.000759312j 0.000143187-0.000688978j -0.00438818-0.000934061j -0.000585858+0.00128j -0.00414466+0.00198943j 0.00376739-0.000224839j -0.000388385-0.000939715j 0.00531615-0.00158113j -0.00418673-0.000212951j -0.00185833-0.0020136j 0.00196128+0.00224886j 0.00677142-0.00265713j 0.00129768-0.00145311j 0.000254619+0.00300163j -0.002325-0.00228058j 0.0013987-0.0019235j -0.00361701+0.00326921j 0.00113301-0.000413305j 0.00288429+0.00267489j -0.000705404-0.000780576j 0.00282111-0.00460942j 0.000480574-0.00458786j 0.000151711-0.0036108j 0.0029887+1.33477e-05j 0.0034403+0.00165793j 0.001318-0.00329677j -0.00159182-0.00181116j -0.000723447+0.000957277j 0.00402875-0.00122128j 0.00487943+0.00169587j -0.00263946-0.0036618j 0.00291883-0.00117316j 0.000653878+0.000452467j 0.00302636+0.00652954j -0.00444553-0.00071888j -0.00360013-0.000192282j -0.00119456-0.000853788j -0.00268169-0.00301135j 0.000298545-0.000503838j 0.000275676+5.62402e-05j 0.00241218+0.00368983j 0.00198267+0.002205j 0.00107866-0.00184678j -0.000928715+0.00344997j 0.0033504+0.000470926j 0.000955644-0.00358856j -0.00424776+0.00216333j 0.00256429-0.00132767j -0.00410443+0.000545097j -0.00265296+0.00173691j 0.000758732-0.00167295j -0.00221911-0.00142478j 0.00290423-0.000347098j -0.00272827+0.00506762j 0.000514439-0.000814003j 0.00068245+0.000466925j 
-0.0019956+0.00709036j 0.00877107+0.00364228j 0.00498465+0.00854498j -0.00640657+0.00153109j 0.000866265-0.00437591j -0.0029145-8.97034e-05j -0.0061309-0.00500809j 0.000568472+0.00376894j -0.00391242+0.0013947j -0.00368973+0.00228363j -0.000682278+0.00199614j 0.0017988+0.00286901j -0.00170409+0.00353152j 0.00158552+0.000222642j -0.00161545-0.00526661j 7.41809e-05-0.00311445j -0.00251175-0.00303531j 0.00109235+3.20325e-05j -0.0030887+0.00636454j -0.00239368+0.0044082j -0.00226486-0.00556299j -0.000122336-0.000825903j -0.00105138+0.00347691j -0.00101304+0.00711504j -0.00377457+0.00347653j 0.000216886+0.00292183j -0.00632732-0.00339152j 0.00260615+0.00565046j -0.00230509-0.000567828j 0.000219166-0.00156099j 0.00169644-0.000202458j -0.000270107+0.000560515j -0.0016094-0.000568151j -0.0004767+0.00507822j 0.00213711+0.00225648j 0.00366803+0.00589157j -0.00195133+0.00368049j 0.0006821+0.000384437j -0.000187088+0.00475316j -0.000547917+0.00287881j -0.00653123+0.00484749j 0.00403919+0.00128175j 0.00280244+0.00305718j 0.00683401-0.00172872j -0.00018615-0.00376764j 0.00698617-0.00470622j -0.00277828+0.00664221j -0.000385607+0.0038214j -0.00246397+0.00248348j 0.00379056-0.00297166j -0.000729826-0.00501985j 0.00329016-0.00513385j -0.0078575-8.58406e-05j -0.00696977+0.00240325j -0.00280597+0.000295823j 0.00294766-0.00634998j -0.000530942+0.0038115j -0.0022586-0.00210575j -0.00276183-0.00708156j 0.00300301-0.000311592j -0.00451813+0.0098307j 0.00548779-0.000210195j -0.0020748+0.00254412j 0.00750322+0.0037868j 0.00210624+0.00121767j -0.00110437+0.00457819j 0.00273269+0.00209496j -0.00285828+0.00766268j -0.00453837-9.77987e-05j 0.00105129-0.0027156j 0.00441935-0.00405646j 0.00358902+0.000823459j 0.00594568+0.00346672j -0.000998171+0.00207962j 0.00678781-0.00368072j -0.0023972+0.0021307j -0.0022323+0.00179701j 0.00940155+0.000663214j -0.00161056+0.00387727j -0.00308145+9.3455e-05j 0.00181214+0.00303075j -0.000560155+0.00768774j -0.000527029-0.00356221j -0.0054032-0.000601082j 0.00979312+0.00300483j 0.00796106-0.00243429j 0.00193671+0.00196404j 0.00939742+0.0123214j 0.00803968+0.00113114j 0.000218264-0.00245332j 0.00461234+0.00678656j -0.00618063+0.0045304j 
0.00147729-0.00138776j -0.00181478-0.00305221j 0.00162324-0.00448511j 0.00231802+0.000572465j -0.00144754+0.00834782j -0.000166591-0.00471862j 0.000687845+0.00104688j 0.00105002-0.00442401j 0.00448326-0.00690905j 0.00399396+0.00462297j 0.00192416-0.00367666j 0.0028581-0.000419998j -0.000193455-0.00332759j -0.00382458+0.00512759j -0.00270329+0.000487654j 0.000400157-0.00424152j -0.00378267+0.00751075j -0.00456339+0.000380643j 0.000712284-0.00224598j 0.00557406+0.000366133j 0.00318729+0.00349298j -0.000665988+0.00122295j 0.00262347-0.00378518j 0.00361841+0.000360549j -0.0072747+0.00292219j -0.00133843+0.000865343j 0.00186998-0.00250392j 0.000839473-0.00415583j 0.000345629+0.00413646j -0.00108657-0.00271902j 0.000557245+0.00103606j -0.0165004+0.000265444j 0.0014137+0.00160127j 0.00744734+0.00907057j -0.00805461-0.0105665j 0.00104453-0.0002021j 0.0065529+0.00830205j -0.000106304-0.003873j 0.000953537-0.00354343j -0.00644247-0.00357123j -0.00680911+0.00478644j 0.00382725+0.00875641j 4.7947e-05-0.00218665j 0.00224096-0.00406012j -0.00273388-0.00357794j -0.00473591-0.00602007j -0.00140196+0.0102468j 0.00155856+0.0107407j 0.00299781+0.00860875j 0.00100727+0.00246301j -0.00389758+0.00329842j -0.000357591-1.95762e-05j -0.000594461+0.00293954j -0.00287626+0.00647967j -0.00393354+0.000494355j 0.00459747+0.00365495j -0.000424708-0.0118329j 0.00436309+0.00231227j -0.00416418+0.000354952j -0.00311504+0.0014337j 0.011348-0.00323602j 0.0104946+0.00315133j 0.00126924-0.00833464j 0.00952416-9.19206e-05j 0.00182854+0.00160218j 0.00811311-0.000529648j -0.00236053-0.00303252j 0.00203091+0.000829686j 0.00656664-3.51118e-05j 0.0026251+0.00497611j 0.000706244+0.00479819j -0.00744166-0.00180288j -0.00709325+0.00480709j -0.00274946+0.0041701j -0.0112551+0.00517462j 0.00321414+0.000311563j 0.00426099-0.00578518j -0.00376305+0.00642794j 0.00135566-0.00100601j 0.00618805-0.00888184j 0.00922667+0.0103446j 0.00718344+0.0049191j 0.00511537+0.000686649j 0.0109579+0.010281j -0.00783072-0.00839795j -0.00655068+0.00778886j -0.00185187-0.00382921j -0.00451191-0.0110325j -0.00257015+0.00632865j 0.0144374-0.00919122j 0.00276025-0.00452788j -0.0019152+0.0034657j 
0.00442153+0.00859331j 0.0100424-0.0053985j 0.00456361+0.00891881j -0.00534096+0.00235875j 0.00625998-0.00417387j 0.000730747+0.00285743j -0.0064003-0.00389755j -0.00172796+0.00622235j -0.00275659+0.00135709j -0.00145937+0.00654892j -0.00394005+0.000643054j 0.00136869+0.00464751j -0.00135231-0.000863664j 0.00536501+0.00112999j -0.002393-0.00384675j -0.00231329-0.00202427j -0.00261745+0.00515429j -0.000534151+0.000629826j -0.0041755+0.00867112j -0.00170444-0.000179541j -0.00288828-0.00196949j -0.00270724-0.0056393j -0.000577936+0.000878041j 0.00427184+0.000109991j 0.0015043+0.00751023j 0.00238028+0.00227964j -0.00165937-0.00254895j -0.00266962+0.00276191j -0.00577236-0.00146091j -0.00196852-0.0107689j 0.00127253+0.00548552j -0.000223709+0.00595236j -0.0052057-0.00321261j 0.00111837+0.0020287j -0.00119376-0.0024393j 0.00317462+0.010498j 0.000645258-0.00294321j -2.50225e-05+0.00143188j 0.00218174+0.00150988j 0.00423707+0.00608896j -0.00500439+0.0038178j 0.0035806-0.0032667j 0.00342087+0.00206261j 0.00410495-0.0029577j -0.00340507-0.00671201j 0.00695804-0.00857225j -0.000507782-5.57263e-05j 0.0037449+0.00634613j -0.000403945+0.0028399j -0.00236904-0.00623833j -0.0108277-0.00145433j 0.00885486+0.00643333j -0.00763848+0.00610963j 0.00167233+0.0104945j -0.00188738-0.00482794j 0.00190926-0.00401641j 0.00371013+0.00510642j 0.00968941+0.00317244j -0.00390814+0.00215386j 0.00090078+0.00598167j -0.012092+0.0108293j 0.00272735-0.00127771j 0.00568413-0.00120369j -0.0022846-0.00968633j 0.00488598+0.00454155j -0.00100378+3.76851e-05j 0.0120144+0.00106558j 0.00378756+0.00257803j 0.00237475+0.0119804j 0.00192746-0.00957887j 0.00782243-0.00677583j 0.008539+0.00166036j 0.00432453+0.004069j 0.000688065+0.000793696j 0.000896138-0.00278054j -0.00762994+0.00334448j 0.00277786-4.66879e-05j 0.00388845+0.00392455j -0.0052089+0.000903482j 0.00153542-0.00643789j 0.00449366-0.00192871j -0.00386734+0.00021317j -0.00686239-0.00325598j -0.000143622-0.00554708j 0.0111267-0.000445517j -0.00268323+0.000767932j 0.000558084-0.00378695j 0.00359512+0.00217998j 0.0107075-0.00834208j 0.00130404-0.0263989j 0.00906254+0.00505106j -0.00253817+0.0148283j 
-0.00361144+0.00437005j 0.00541195+0.00455515j 0.00591406+0.00161458j -0.00162662+0.00388661j 0.00113866+0.000854282j -0.00082385+0.00382497j -0.00314049-0.00437514j -0.000719985-0.000691572j -0.00431591-0.000408523j -0.00582205+0.00152846j -0.000281301+0.00524808j 0.00212632+0.00156823j -0.00117381-0.000783412j 9.66491e-05-0.000218403j 0.000359882+0.00348711j 0.000288998-0.00361645j -0.00109687-0.000588855j 0.00301113-0.0011154j 0.000934899-0.00166746j -0.000815048-0.000197683j -0.000660388-0.0017266j 0.001392-0.00285498j -0.00180942+0.00235456j 0.00043054-0.001834j 0.00237784+0.00106466j 0.00019076+0.00061796j -0.00448854-0.00171441j 0.000341479+0.000900904j 0.00417854+0.00289624j 0.000182452-0.0016283j 0.0030051-0.00146079j -0.000553432+0.000983534j -0.00378075-0.000900241j -0.00411611-0.00321222j -0.00226957+0.00280079j 0.000711744+0.00175915j -0.00710736-0.000285432j 0.00120805+0.000707558j -0.00439866-0.00133921j -0.00167089-0.00347384j -0.00254415+0.00411413j 0.00363016+0.00193937j 0.00107601-0.000450236j 0.00305293-0.00548421j -0.00260532-0.000549998j 7.00693e-05+0.0007814j 0.00101703+0.00322192j 0.00343382+0.000272251j -0.000650614+0.00183129j 0.000557458+0.00125907j 0.000307806-0.00195248j 0.00561531-0.00771036j -0.00331421+0.000102155j 0.00652793+0.00281076j -0.00654144+0.000550631j 3.41449e-05-0.0037719j 0.00501228-0.00619643j -0.00229695-0.000579431j -0.00440081+0.00466496j -0.00079597+0.00396789j 0.000506555-0.000124148j 0.000269162-0.00248186j 0.00265766-0.00157529j 0.000618796-0.00198547j 0.00416122+0.00738742j 0.000798696+0.00844983j -0.00270453+0.00273996j -0.00462718-0.00300656j -0.00328208+0.00271998j 0.00847287+0.000612721j 0.00805218-0.00588041j 0.00670142-0.00197772j 0.00523643-0.00335599j -0.000739092-0.00731277j 0.00434809+0.000679547j 0.00193598+0.00935946j 0.00429446+0.0158623j 0.00381138+0.00390474j -0.00131746-0.00321707j 0.0103506-0.00264003j 0.0024428+0.00743115j -0.000218802+0.00738597j 0.00842682-0.00620613j -0.00294362-0.000938009j 0.00125686+0.00616652j -0.0040924+0.00215939j -0.00309518-0.00585377j 0.00168233+0.00196024j 0.00516905+0.000953949j -0.00799785-0.000354232j 0.00168458+0.00559961j -0.00421066+0.00169443j 
0.00141275-0.00738323j -0.00892805-0.00134452j -0.000414781-0.0125186j 0.0107752+0.00191755j -0.000434588+0.0102413j 0.00142199-0.00381692j 0.000557752-0.00232067j 0.00706156-0.0112556j 0.00462856-0.00612415j 0.007888+0.00404767j 0.00052393-0.00483383j 0.00667706-0.000285076j 0.00240223+0.00100919j -0.00160528+0.00628775j -0.000161536+0.0031695j 0.00166356-0.000148662j 0.00120505+0.00756546j -0.00729794-0.00210171j -0.000591369+0.00306533j 0.00202154+0.00209096j -0.000927564-0.00362462j 0.00220566+0.0031382j -0.00181647-0.0066393j -0.00282833+0.00583187j -0.00290981+0.00214678j -0.00338148+0.00110399j 0.00393558+0.00329796j 0.00110062-0.00245719j 0.00253143+0.00930101j 0.00174518+0.00203414j -0.00345201-0.000263579j -0.00664371+0.00148592j 0.0035546-0.000616961j 0.00693855-0.00773514j -0.0013538+0.00143197j -0.000197683-0.00608784j -0.000724596-0.00126269j -0.0011871+5.34558e-05j 0.00228759-0.0013773j -0.00653371-0.00348174j 5.13732e-05+0.00692731j 0.00789514-0.00219005j 0.000141478-0.000812815j -0.0041416-0.00460381j -0.000388243+0.00252263j -0.000236805+0.00210666j 0.0010976+0.00145212j 0.0063511+0.00534805j 0.00455061+0.00369895j 0.00199013+0.00322635j 0.0068316+0.00663427j -0.00451724+0.000331341j 0.00645259-0.00293969j -0.00120788+0.00499931j -0.00164058-0.000625271j 0.00515108+0.00440313j 0.00459968-0.00559769j 0.00983203+0.00294073j -0.000826696+0.00356119j 0.00132505-0.000205648j 0.00696818-0.0106433j 0.00544903+0.000699253j -0.00877108+0.000910906j 0.00646021-0.00749341j 0.00339312-0.000421437j 0.00862333-0.00321849j -0.00209352-0.0078893j 0.00244665-0.0085822j 0.0016293-0.00482576j -0.0074108-0.00162792j -0.00285124+0.00259427j -0.00435522+0.00393512j 0.000904625+0.00087246j 0.00057688-0.000871863j -0.00367417+0.00671869j 0.00907801+0.000157543j -0.00757021-0.00230562j 0.0108602+0.00312075j 0.00727521+0.00189089j -0.00293246-0.00355057j 0.0104688+0.00161263j -0.00266732-7.61416e-05j -2.28158e-05-0.00555169j 0.0082489+0.00258646j 0.00245849+0.000679011j -0.00357405+0.00698019j 0.00764898+0.00814794j 0.000674763-0.0103616j 0.0090912+0.0121346j 0.0133084+0.00602237j -0.00706816-0.00846318j 0.00303172-0.00452699j 
0.00744261-0.00105162j 0.0013925-0.00905368j -0.00122438+0.00258073j -0.000932635-0.0020317j 0.00257795-0.00250839j 0.00535935-0.00114936j 0.00295982-0.0059724j -0.00344908+0.00350154j 0.0025745+0.00156467j 0.00284383-0.00384704j -0.00396726-0.00512744j -0.00363118-0.00380926j 0.00147548-0.00108429j -0.00240487-0.000596531j 0.00149165-0.00200462j -0.00246263+0.00203557j -0.00165763+0.000669372j -0.00514524+0.00257365j -0.000705405+0.00204549j -0.00187345-0.00241727j 0.00328147-0.00665263j 0.00271807-0.000849158j -0.0005292-0.00283258j 0.00252247+0.000790131j 0.000615757-0.000302917j -0.00292267+0.00540542j 0.000277902-0.00310234j -0.00125648+0.00188726j 0.000973192-0.000725978j -0.00660037+0.000341278j -0.00165922+0.00399186j 0.00868729+0.000425939j -0.00148901-1.3476e-06j -0.0015528-0.00294205j -0.00476439+0.0107764j -0.0014815+6.98365e-05j 0.00458442+0.000497372j -0.00301617+0.00307367j 0.00162241+0.00068786j 0.00207022-0.00426107j 0.00103474-0.00232626j 0.00254758-0.00195702j -0.000712384-0.0010198j -0.000699102-0.00120351j 0.00117115+0.0038468j -0.00301631+0.000685391j -0.000166814-0.00604571j -0.00207352-0.00810512j -0.00466837-0.00142812j -0.00332214-0.00216161j 0.000202941+0.00396902j 0.000812177-0.00470996j 0.00261066+0.00198196j -0.00268401-0.00126188j 0.000858605-0.00605823j 0.00536851+0.00356399j 0.000726602-0.00368992j 0.00196205+0.0125919j 0.00886833+0.00160192j -0.00392733-0.0066184j -0.000992292-0.00592311j 3.30229e-05+0.0101286j 0.00415696+0.00466074j -0.00597864+0.00154461j -0.00284719-0.00383588j 7.56746e-05-0.00180071j 0.00683678-0.00726915j 0.00024593-0.0152307j 0.00584182+0.00216661j -0.00844537+0.00304153j -0.00690935+0.00145034j -0.00313057+0.00734856j -0.000801935-0.00175178j -0.00018917-0.00864861j -0.00127241+0.00884435j 0.000683197-0.00254103j -0.00696273+0.00181345j -0.00515142+0.00180205j -0.00220722-0.00288556j -0.00121063+0.00378548j -0.00654047-0.00300608j -0.00203862+0.000849007j -0.00449318-0.00035405j -0.00705885-0.00283821j 0.00327073+0.00282218j -0.00513037-0.00084181j -0.00160903+0.003013j -0.00389712-0.0110632j -0.00321384-0.00268616j 0.00565267-0.00663261j 0.00746731-0.00484895j 0.00358708+0.00618504j 
0.000705608-0.00416359j -0.00470842-0.00051966j -0.00436374-0.00359657j 0.00460474-0.000955691j -0.00484533+0.00293772j -0.000385203+0.00284881j 0.00789496+0.00445805j 0.000584662-0.00126458j 0.00133892-6.17569e-05j 0.0026821+0.000654137j 0.000465916-0.000275839j -0.00188268+0.000356787j 0.0012087+0.00247909j -0.00166681+0.00216988j 0.000622171+0.00379111j 0.00119838+0.00169464j 0.00418547-0.00272127j -1.72359e-05-0.00300484j -0.00203456-0.00291089j -0.000705844+0.00370659j 0.00117242+0.00413615j 8.77732e-05-0.000176302j 0.00121989-0.00130693j -0.00231005-0.0017115j -0.000399754-0.00318927j 0.00501655+0.00205884j 0.00101443-0.00102834j 0.00180677-0.00116457j 0.000181591-0.00355207j -0.00650103+0.0081391j -0.0071431+0.00279379j -0.00296494-0.000170432j -0.000136824-0.0014497j -0.00736842+0.00361173j 6.91254e-05-0.00726521j -0.00248346-0.00600213j 0.00338799-0.00646911j -0.00144495+0.000439939j 0.0052858-0.000960943j -0.00249923+0.00444126j 0.00242078+0.00229488j 0.00606594-0.000775488j -0.00372608-0.00153688j -0.00175818-0.000536311j 0.000656669-0.000272717j -0.00130462+0.000891873j -0.00282711-0.00257651j -0.00255932-0.00280406j -0.00130903-0.00140388j -0.000687146+0.000139586j 0.00333652-0.000241788j -0.00364753+0.00420722j -0.0018757+0.00261578j -0.00566965+0.000526578j 0.00389984+0.00380235j -0.00438102+0.00336402j 0.00139291+0.00181072j 0.00226837-0.00216816j -0.00466411-0.00222565j 5.91975e-05+0.00151911j 0.00417409-0.00362019j -0.000375363+0.00211722j -0.00125511-0.00341464j -0.00972894+0.00320162j 0.000823458+0.00508157j -0.000644433-0.0122462j 0.0059848-0.0012563j -0.00133438-0.0027349j 0.0024769-0.00197419j -0.00696127+0.000464932j -0.0018908-0.00117879j 0.00330335+0.000241009j -0.00834983+0.000684821j 0.00111758-0.000471531j 0.00289141-0.000383771j -0.00526719-0.00341979j 0.00667055-0.00776904j 0.0028798+0.00712613j 0.00754801-0.00206018j -0.00471842+0.00997621j -0.00366924-0.00228831j -0.00417029+0.00321909j -0.00498345+0.0075006j -0.00400085-0.000332684j -0.00606888+0.00261848j -0.00168968+0.000497273j -0.000796249+0.00550487j 0.00235509-0.00549211j -0.00107049-0.000102853j -0.000197636+0.00441797j -0.00398792-0.00228134j 0.00314671-0.00523445j 
-0.000709636+0.00220612j 0.00464764+0.000258879j -0.000980491+0.0030273j -0.00367648+0.0043093j 0.00140422-0.00369744j -0.000116265+0.000513778j 0.00179001-0.000437253j 0.00371025+0.0058136j -0.00232653-0.00153398j -0.00322466-0.00314015j -0.0052735+0.00312906j -0.000693035-0.0058628j -0.000102087+0.000427539j 0.00245176-0.00153841j 0.000959161-8.45249e-05j -0.000153374-0.00421653j -0.00240147-0.00158375j -0.00263891+0.00563147j 0.00246195-0.0046942j -0.000928909-0.00127612j -0.00423469+0.00376798j -0.00443268-0.00121714j 1.49287e-05-0.00159491j 0.0021263+0.00136653j -0.000594719-0.00085235j -0.00361787+0.00189788j -0.00233096+0.00358571j 0.00511188+0.00109001j 0.00169199-0.00393773j -0.00377827+0.0016116j 0.000796884-0.000776765j 0.0046309-0.00177206j -0.00370501+0.000869743j -0.00106465-0.00129439j -0.00536733-0.00280825j -0.00322219+0.00330002j 0.00185484+0.00425877j 0.00140963-0.00140398j -0.00510454-0.000543846j 0.00191409+4.56955e-05j -0.00780233+0.000373086j -0.00159547-0.00299136j 0.00284958+0.00199758j -0.000135117-0.00284458j -0.000444605+0.00155051j 0.00355056+0.00411684j 0.00721042+0.00192141j -0.00263979-0.00360039j -0.00392357+0.00564992j 0.0034952-0.000372199j 0.00421208-0.00157156j 0.00104478+0.00485435j 0.00286827+0.00340751j -0.000741232+0.00126211j -0.00459482-0.00349762j 0.00381452-0.00176241j 0.000787872+0.0044157j 0.000289719-0.00249571j -0.00517844+0.00406724j 0.00463208+0.000328617j -0.00330761+0.00300814j -0.00215813-0.00273937j 0.00970256+0.00588267j -0.00244262+0.0012527j -0.00309533-0.00150341j -1.26384e-05-0.00394107j 0.00173944-0.00110594j -1.8766e-05+0.00101983j 0.00163126+0.00147801j -0.000957276+0.000248938j -0.002683-0.000781377j -0.00363513-0.00253806j -0.00247073+0.000509145j 0.000275089+0.00137248j 0.000397143-0.000799374j -0.00658046-0.00437457j 0.0028208-0.00396153j -0.00124343+0.0036396j -0.000217949+0.00243092j -0.00373517+0.00401943j 0.0019353+0.000115937j -0.000159831+0.00207336j -0.000600055+0.00140268j -0.00559975-0.00282543j -0.000808726+0.00336353j 0.00280541-0.00120639j -0.00248831-0.00108368j 0.0043129-0.00527928j -0.00215833+0.00020004j -0.00334539-0.00294261j 0.00498008+0.00426841j -0.00226835+1.9715e-05j 
-0.00259847+0.00736274j 0.00868736+0.00207979j 0.00576405-0.00134213j 0.00163282+0.0026143j 0.00458476+0.00241613j 0.00261678+1.25174e-05j -0.00662882-0.00966861j 0.00100233+0.00389812j -0.00576793-0.00322161j -0.0044229+0.0019151j -0.00321222+0.000939677j 0.00567393+0.00183018j -0.00113657-0.000964591j 0.000983446+0.000366847j -0.000701236-4.05718e-05j -0.00264921-0.00074714j -0.0033778+0.000288894j 0.00190268-0.00145401j 0.00248831+0.000695859j -0.000978685-0.00166202j -0.000411514-0.00334043j 0.00525343-0.00338125j -0.00649235-0.00363524j -0.00168357-0.00375348j 0.00482995+0.00273844j -0.000422114+0.00220217j -0.00142588+0.00109566j 0.00352539+0.00469641j 0.00745588+0.0058584j 0.000744941-0.00759635j 0.00454667-0.00569297j 0.00716169-0.000475837j -0.0010401-0.00243753j -0.00474351+0.00142298j 0.00503791+0.000241242j 0.0070415+0.00423131j -0.00732666-0.000664029j -0.000242643-0.00247118j -0.00446329-0.00196695j -0.00269779-0.00337636j -0.00498582-7.38395e-05j 0.00506169+0.000160529j -0.000904601-0.0010624j 0.00467522-0.00255976j -0.00277094+0.00270901j -0.000795178-0.00139719j 0.00101772+0.00520239j 0.00584953-0.00132233j 0.00410236+0.00400572j 0.00196375+0.000873735j 0.00704623+0.000598561j 0.00379435-0.0116951j -0.00255003+0.00263947j 0.00536132-0.00339095j -0.00765865+0.00028074j 0.000904935-0.0058986j 0.00122058-0.0132889j -0.00204164-0.000151822j 0.00228217+0.00606088j -0.000888816+0.00280286j 0.000930986+0.00188478j -2.24293e-05+0.00312179j 0.00259194-0.00251531j 0.00292117+0.00134953j 0.000674311+0.00925346j 0.00786442+0.00944882j -0.00318595+0.000222895j 0.00204205-0.00334935j 0.00164681+0.000114127j 0.00697197+0.000678613j -0.00163715-0.00557313j 0.00768196+0.00150088j 0.00607154-0.00817605j -0.0091693-0.00679427j 0.00738599-0.00212592j 0.00250208+0.00314973j 0.00842471+0.011535j -0.00228261+0.000434649j -0.00539421+0.00173992j 0.00749778-0.00926218j 0.0057165+0.00663393j 0.00321209+0.00996511j 0.00268397-0.00678086j 0.00393718+0.00295569j -0.00174953+0.0104132j -0.00263798+0.00180489j -0.00607196-0.00949864j 0.00318893-0.00136864j 0.00668322+0.00199974j -0.00283057+0.00545065j 0.0038987+0.00565764j -0.00589127+0.00278513j 
-0.00381292-0.000734664j -0.00153001+0.00354202j 0.00163201-0.00803317j 0.00348013+0.000676991j 0.00691057+0.00680178j 0.00303765+0.00162793j -0.000874694-0.000995869j -0.00217851-0.00538358j 0.000331271-0.00504636j 0.000247978+0.00315748j 0.000672848+0.00103648j 0.00559431+0.000903753j -0.00139285-0.00183234j -8.27041e-05+0.00084275j 0.00043374+0.00112365j -0.000262842-0.00187541j 0.000229085-0.000679903j -0.00284885-0.00221938j 0.00137827-0.00163592j 0.0035076+0.000352638j -0.000376385+0.00318424j 0.00175312+0.000690046j -0.000256188-0.00161918j -0.0016781-0.00372373j -0.00195469+0.00117119j -0.00211825-0.0026643j 0.006281+0.0055331j -0.00143437+0.000821406j 0.00180887+0.00286267j 0.00459532-0.00152226j 0.00312033-0.0045506j -0.00121705+0.00130426j 0.00101254+0.00154863j -0.000514463-0.00176848j 0.00419501-0.00277799j 0.00273548+0.000289892j -0.00178124-0.000123398j 0.00256991-0.0025609j -0.00494806-0.00311322j -0.00407754-0.00449193j -0.00272716+0.00186897j 0.00625412+0.00296877j 8.23763e-06-0.00111278j 0.000288559-0.00260632j -0.00170381+0.00339612j 0.000929315+0.00230637j 0.00601012+0.00503509j 0.0079373-0.000701315j 0.00347658+0.00197775j 0.00866517+0.00327137j 0.00667209-3.55517e-05j -0.00553055-0.00205684j -0.000552929-0.00570477j 0.0027441-0.00349407j -0.00318283+0.00272566j -0.000965667-0.00320909j -0.000559667-0.00651498j -0.00498927-0.0055388j 0.00312397-0.00164163j -0.00238509+0.00106913j 0.00420398-0.00194604j 0.00306765+0.00101124j -0.00165625-0.00134078j 0.00186856+0.000242295j 0.0019145+0.00293893j 0.00573336+0.00223994j -0.00103919+0.00217122j -0.00370036-0.00260402j -0.00081323-0.00250253j 0.00839388+0.00173677j 0.00109364-0.00574258j -0.00282768-0.000309103j -0.00103599+0.000795756j -0.00484706-0.00181386j 9.6083e-05-0.000130009j 0.00687237+0.00276355j 0.0055632+0.00383549j 0.00717194-0.000662969j 0.000602004-0.000673027j -0.000875165-0.0078817j 0.00724485+0.0102449j 0.000783512+0.00687315j -0.000396813-0.00504388j 0.0110334+0.0018573j 5.45827e-05+0.00173505j 0.0012907+0.00530414j -0.00137598-0.00284581j -0.0030415+0.00417977j 0.00579826+0.0031072j -0.00320984+0.011475j -0.00683286-0.00219023j 0.00175746-0.00633685j 
-0.00266486+0.00350022j 0.00259229+0.00459864j 0.00316986+0.00454012j -0.00514-0.000562924j -0.00280039-0.00277579j -0.00272414-0.00314902j -0.00262815-0.00267025j 0.00485527-0.00204117j -0.00302633+0.00217732j -0.00114234+0.000765365j 0.0040496+0.000643583j -0.00179745+5.42948e-05j -0.00377492-0.00104625j 0.000184426-0.00102452j -0.00341359-0.00406866j 0.00139383+0.00218232j -0.000606262+0.000760102j 0.00625252+0.00659074j 0.00179506+0.00419404j 0.000821016-0.00235835j 0.00129375+0.000769456j -0.00129749-0.000897717j -0.00314386+0.00455014j -0.0022532+0.00260372j 0.00185393+0.000602924j -0.00651898-0.00128815j -0.00254805+0.00428389j 0.000839078+0.00383697j -0.00303399+0.00206617j 0.00311679-0.00684594j 0.00234133-0.00666017j -0.000335295+0.00040333j 0.00726247+0.000513473j 0.0129107-0.000650196j 0.00121082+0.000306227j 0.00222048+0.00166661j 0.000813665+0.00780163j -0.00269199-0.00161204j 0.00308612+0.0048263j 0.00189988-0.000520372j 0.000136946-0.00797956j -0.0144658+0.000920258j 0.00200722+0.0017591j 0.00301435+0.0114179j 0.000311914-0.00252786j 0.00152906-0.00486776j -0.0044355+0.00192579j -0.00296574+9.54256e-06j -0.000861653-0.00382819j -0.00171112-0.00111255j -0.00362658-0.00104698j 0.0052995+0.00317398j -0.00166229-0.00944928j 0.0021252-0.00892065j 0.0017372-0.00124897j 0.00510157+0.000836755j 0.000600341+0.0118547j -0.00218304+0.00240885j 0.00325242-0.00677925j 0.00260753-0.00593103j -0.00527407+0.00336072j -0.00365253-0.00753977j -0.00340418+0.00510244j 0.00303322+0.00349683j 0.000375362-0.00646916j 0.00476039+0.010144j -0.0122664+0.00543012j 0.00478043-0.00149202j -0.00361235-0.00292562j 0.00641176-0.00116338j -0.0012895+0.00621818j -0.00236841+0.0018971j 0.00285874+0.00334837j 0.00193865+0.00729676j -0.00713387-0.0058504j -0.000101171+0.00521939j -0.00547291-0.00844294j -0.00933281-0.00523334j 0.00321188+0.00400468j 0.0011988-0.00360789j 0.0133251-0.00253593j 0.00168132-0.00234302j 0.00474194+0.00571436j -0.00616906-0.00562494j -0.0022054+0.00332777j 0.00577364-9.08801e-05j 0.0015096-0.00691068j 0.00237594+0.0054962j -0.00251039+0.00309222j 0.00148078+0.000392121j 0.00199229+0.00335151j -0.003987+0.00246636j 
0.00211026+0.00356041j 0.00497072+0.000514013j -0.00184402+0.00738234j 0.000144231-0.000801312j -0.00220916-0.000391039j -0.00184352+0.00315071j -0.00263281-0.00665003j 0.000650621-0.00213808j -0.00413846+0.00540462j -0.000325954-0.00219417j -0.00487448+0.00110058j 0.00120778-0.00220419j 0.0017034+0.00646957j 0.00550758+0.00453324j 0.000558221+0.00285507j -0.00140751-0.0141223j -0.0017837-0.0014863j 0.00172627+0.00419802j 0.000784686-0.00357742j -0.000725943+0.000205863j -0.00369902-0.00534555j -0.00422262+0.00267277j -0.0039184+0.00110356j -0.0032923+0.00258477j 0.00437878-0.00144208j -0.00251859+0.0109267j 0.0025496+0.0050414j 0.000795483+0.00442526j -0.00258672-0.00448844j -0.00735294-0.00786414j -0.00170411+0.0046578j 0.0107348+0.00153898j -0.00815254-0.00706636j 0.00757676-0.000682864j -0.00595089+0.00922076j 0.00471763+0.0124724j -0.00211083+8.78409e-05j -0.00749317-0.00255473j -0.00740338-0.00903795j 0.00735546+0.0033862j 0.00502707-0.00407651j 0.00119472+0.0083607j 0.00551378-0.000514569j 0.00332571+0.00196285j 0.00249868-0.00499978j 0.00311632-0.00120114j 0.00126366+0.000411067j -0.00349316-0.00512933j 0.00115229+0.00092254j 0.000569875+0.00101118j -0.0063039-0.000456985j -0.0108735-0.00369618j 0.00184638+7.71334e-06j -0.00801505-0.00392979j 0.0025412-0.00551928j -0.00892324-0.00593418j -0.0189436-0.000839944j -0.00843036-0.00812586j -0.00659695-0.00885998j 0.00215854+0.00625192j 0.00742235+0.00826864j 0.00507697+0.00155242j 0.00544218+0.000671114j -0.00353857+0.00976069j -0.00472995-0.00299321j -0.00105526+0.00206736j 0.00756502+0.0055276j 0.00185899-0.000762225j 0.00742251+0.0102324j 0.00120115+0.00516195j 0.00584366+0.00152925j -0.0103773-0.000520665j -0.00353912+0.00662881j 0.000734645+0.00228716j -0.00239521+0.00494952j -0.00762022-0.000360649j 0.00209124-0.0128787j -0.00369716+0.00413859j -0.0163611+0.0013878j -0.00670688+0.00856217j 0.00731404+0.00415094j 0.00707046+0.00718889j 0.00324785-0.00191553j 0.000576502+0.000495837j -0.00661501+0.00673247j 0.00296929-0.0075885j -0.00176137+0.00256729j -0.00506577+0.00222982j 0.00561488+0.000858719j 0.00037992+0.00120532j 0.00104623+0.00320272j -0.00265811-0.00087766j 
-0.000386015+0.000247693j 0.00337333-0.000554292j 0.00235758+0.00199969j -0.00537507+0.00527333j 0.00613357-0.00434289j -0.00192768-0.00240175j 0.000453411-0.000922806j 0.00174194+0.00257595j -0.000182213-0.00155528j -0.00281625+0.000198712j -0.000484194+0.00420994j -0.00084604-0.00597614j -0.0051369-0.00180243j 0.000316906-0.000754583j 0.000680316-0.00253232j -3.72583e-05-0.00108656j -0.00221681-0.00058389j -0.00449281+0.01058j 0.00299976-0.00188238j 0.00214011-0.00441545j -0.00236737+0.0117753j -0.00122936+0.00530703j 0.00493275-0.000519041j 0.00347087-0.00261679j -0.0013348-0.000139618j -0.00783995-0.00386004j -0.000550236+0.00419386j 0.00297192-0.00143616j 0.00159881-0.00284801j 0.00322558+0.00473397j 0.00284334-0.0039262j -0.00230021+0.00392824j 7.27154e-05+0.00569222j 0.00360174-0.00867367j -0.00641782-0.0015274j -0.00430393+0.00472054j 0.00603739+0.0107281j 0.00523795-0.00198374j -0.00495334+0.00689429j -0.00454124-0.00304107j -0.0124024+0.0047064j -0.00688866+0.00202353j 0.00459013+0.00169264j -0.00229789-0.00140881j -0.000823041+0.00535819j 0.00258287-0.000269103j 0.0117166+0.00438514j 0.00262289+0.00241869j 2.75815e-05+0.00406122j 0.00912492-0.000145731j 0.00213916-0.00269004j 0.00581387+0.0100513j 0.00385063-0.00195042j 0.00567712-0.00163265j -0.01172-0.00332433j 0.00440828-0.00108098j 0.00922216+0.00708494j -0.00530656-0.000637575j 0.000665085+0.00153423j 0.0018117-0.00108535j 0.00178287+0.00438601j -0.00263797-0.00484604j 0.0115951+0.00425794j 0.00157379-0.00491138j -0.000947985-0.00085406j -0.0017231+0.00342791j 0.00151382+0.00157521j -0.00226129+0.0011824j -0.00294631-0.00179951j 0.00536607+0.00172767j 8.02748e-05-0.00194301j -0.00895463-0.00627989j 0.00125348+0.000981404j 0.00459012+0.00512095j -0.00443856-0.00252786j -0.0026526-8.18478e-05j 0.00297003-0.00215733j -0.00136672-0.00117484j 0.00190652-0.00049926j 0.00144081-0.00392698j -0.00426004+0.00175303j 0.00201333-0.000379797j 0.000947851-0.00188136j 0.00294281-0.00651864j 0.0027176-0.00310494j -0.000738379-0.00063085j 0.000898116-0.000247993j 0.00112282-0.00152405j -0.0059417+0.00037601j -0.000568523-0.00249046j 0.00577831+0.00135182j -0.00108987+0.000127538j 
-0.00242664+0.00183952j 0.00116345-8.89879e-05j -0.00453475-0.00216735j 0.000817905+0.00175546j -0.000805084-0.00265814j 0.00406869+0.000426328j -0.00399479+0.00425492j 0.00394438+0.0033892j -0.00117392-0.00290681j -0.00177688-0.00197489j -0.00690715+0.00258531j -0.000525392-0.00711311j 0.000149097+0.00437728j 0.00329918-0.00509044j 0.00235469-0.00013588j -0.00339309-0.00392063j -0.00531314-0.003733j -0.00012746+0.00208126j -0.00106668-0.00640493j 0.00211294+0.000670129j -0.00648288+0.00278102j -0.00991209+0.00308067j 0.00179894-0.00688785j 0.00324928+0.00319743j -0.000334129-0.0033128j 0.002634+0.00134056j -0.00274414-0.00256026j 0.00499703-0.00475353j -0.0010658-0.00329221j -0.00478861+0.000851605j 0.000466015-0.00265847j -0.000230839-0.00863142j 0.00262165-0.000306185j -0.00355237+0.00108171j 0.00397774-0.0146378j -5.82285e-06-0.00240459j -0.00133151+0.000343332j -0.00273568-0.00459583j -0.00304422-0.00139242j 0.00295508+0.00300873j -0.00374837+0.00135764j 0.00135582-0.00495131j 0.00252191+0.00538322j 0.000496753-0.00177236j 0.000532726+0.002612j 0.00571308+0.00441249j 0.00680787+0.000195452j 0.0018008+0.00261836j 0.00657346+0.00905588j -0.00202036+0.00301835j 0.00419109+0.000620771j 0.00287057-0.000607786j 0.00559434-0.00585942j -0.00106426+0.00489657j 0.000775468+0.00181617j -0.00254153-0.00606964j -0.000346993-0.00705436j 0.00316911-0.00369285j -0.010245+0.00225421j 0.00955299-0.00150857j -0.0109966-0.000476432j -0.00556167-0.000554802j 0.00408429+0.000922041j -0.00390266+0.0012651j -0.00275637-0.00588111j -0.0070672-0.00146172j -0.00427741-0.00213355j 0.000363949+0.00307975j -0.00591357+0.0017799j 0.00154188+0.00104939j 0.000798118-0.00432018j -0.00182824+0.00400061j -0.0064488+0.00618239j 0.000918504-0.00105057j -0.00372396+0.00621037j -0.00243847-0.00483537j 0.00182655+0.00232406j -0.000128967+0.00178775j 0.00444175+0.00836017j -0.00343368+0.00363873j 0.00100221-0.0035585j -0.00528095-0.00344113j 0.000738221-0.00263559j -0.00851719+0.00385615j -0.00117992+0.00444782j 0.00082355+0.00032537j -0.00263608-0.00301968j -0.00247125-0.00419812j -9.89561e-06+0.000692869j -0.00199434+0.00102349j 0.00314845+0.00200259j -0.00128448-0.000484888j 
-0.000169598+0.00143098j 0.000438768+0.000753399j 0.00246584-0.00235413j -0.00543048-0.000266491j 0.0080473+0.000886746j -0.00331367+0.000913139j -0.0030431-0.000532736j 0.00244004+0.00235875j 0.000102737+0.00159743j 0.00432524+0.00351526j 0.00705817-0.00534917j -0.000146667+0.00429531j -0.00187385-0.00548805j -0.00307448-0.00272593j -0.00545051-0.00616188j 0.00244491+0.00977001j 0.00398842-0.00301428j 0.00215475+0.000315046j 0.00622904+0.0122273j 0.0022522-0.00108939j 0.00268361+0.00885631j 0.00515447-0.00647279j -0.00476888+0.005069j -0.00776393-0.00135049j 0.00223778+0.00496713j 0.00924816-0.000362685j 0.00233664-0.00405387j 0.00123636-0.00164483j -0.0043404+0.000784067j 0.000987119-0.00315595j 0.004578-0.000773632j -0.00570978+0.00449052j 0.00593864-0.00507365j 0.00442495+0.000618945j 0.00548983-0.00669253j 0.00651352-0.00460192j -0.000264138-0.000191146j 0.0107533+0.00143564j 0.00619506+0.00482255j -0.0094305-0.00156694j -0.00600613-0.00385877j -0.0106814+0.00046135j -0.00550086-0.00613801j -0.00425337+0.00715648j -0.00397937+0.000788501j -0.00117916-0.00203218j -0.000111822+0.00255104j 0.00238007+0.00389271j 0.00591127-0.00636929j 0.00487323+0.000428609j 0.00377823+0.00355233j -0.00175133-0.00246598j -0.00702642-0.00631584j 0.00129942+0.000709646j 0.00481323+0.00155152j 0.000927166-0.00256813j 0.00382179-0.00114261j 0.00204993+0.00129973j 6.40498e-05-0.00506025j 0.000912486-0.00143355j 0.00212592-0.000148099j -0.00776959+0.000133831j -0.00462653-0.000219809j -0.00418-0.00627012j -0.000642888-0.00426593j -0.00548187+0.00611952j -0.00208193+0.00612595j 0.000577215+0.00633955j -0.00406325+0.00263868j -0.00176373-0.00101239j 0.00480659-0.00413937j -0.00528+0.000642975j 0.0014827+0.0030286j 0.00641315+0.00217407j -0.0042638+0.00202818j 0.00294259+0.00080097j 0.00598499+0.00156049j 0.00128928-0.00737076j 0.00617803+0.00307299j -0.00561142-0.00723166j 0.00425858-0.00121291j -0.00202093-0.00135344j -0.0014489-0.00333005j -0.00243459+0.000981458j -0.00483416-0.000512306j -0.000802466+0.000535955j -0.00451477+0.00198159j 0.000497525+0.00190963j -0.00231509-0.00209552j 0.000628296+0.00196793j 0.000215448+0.000926727j 0.000995612+0.000662j 
0.00329717+8.51391e-05j 0.00202916-0.00225897j -0.00078774-0.00489071j -0.00243124-0.00058169j 0.00251395-0.000897215j -0.00334045-0.00177533j -0.0011966-0.00284548j -0.00513341+0.00412495j 0.0103681+0.00259277j -0.00169703+0.000954527j 0.00457994+0.000883097j -0.000554052-0.00351145j 0.00322634+0.0101811j -0.00497832+0.000764106j 0.00294005+0.00354004j -0.00379824-0.00561082j -0.00178124+0.00331665j 0.00644103-0.000489912j 0.00145611+0.00557429j 0.00349785+0.0021288j 0.00468434+0.00148673j 0.0014964+0.00431167j -0.00452072-0.001424j -0.00740051-0.00472192j 0.00589999-0.00507115j 0.00327409-0.000436063j -0.00221346-0.00487513j -0.00197098-0.00650256j 0.000740537+0.00613353j -0.000199889-0.00255846j -0.000923715-0.00180478j 0.00501622+0.00242674j -0.00213836+0.000981833j 0.000326612+0.00752581j -0.00106514+0.00028769j 0.0035425-0.00537405j 0.00646896-0.0026925j -5.41399e-05-0.00561855j -0.0070822+0.00209424j -0.0106369+0.00897472j -0.000685497-0.00456202j 0.000925362+0.00209184j 0.00721616-0.00364306j 0.00485026+0.00413323j -0.00306594-0.00998058j -0.00295949-0.00426194j -0.00589181-0.00504805j 0.00254061-0.00123178j 0.00318962-0.00402039j -0.00336384-0.00445375j -0.00567496-0.00403604j 0.000266866-0.00594421j 0.00205796-0.00190296j -0.00288062+0.0114338j 0.000626179+0.0046995j -0.00629574+0.00925862j -0.000183365-0.000540166j -0.00268536-0.00434805j 0.00071074-0.00450688j 0.0054401+0.00357735j -0.000875313+0.00658294j 0.00100853+0.0028369j -0.00162067-0.00151945j -0.00100642-0.00460583j 0.000435256-0.00310723j -0.00393966-0.00181035j 0.00674527+0.00139391j 0.00121075+0.00247038j -0.00358252-0.00177394j 0.00910539+0.00126843j 0.000166983+0.000509529j 0.00271152-0.000448503j -0.00620256+0.0025604j -0.00270564-0.00236423j -0.0024258-0.00128245j -0.00312754+0.00116526j -0.000673665-0.00339389j -0.0019022-0.0016462j -0.00329578+0.00122695j 0.00184728-0.00383236j -0.00177711-0.00118021j -0.000301623+0.000236482j -0.000803084+0.00142465j 0.0010451+0.00196977j -0.000943244+0.00162635j -0.00309837+0.000977444j -0.000538572-0.000568981j -0.00103865+0.000628668j 0.00287141-0.00266816j -0.000836311+0.00296508j 0.000274251+0.000135178j 0.00403257+0.00120553j 
0.00197875+0.000890191j -0.00107958-0.00147253j -0.000946655+0.002068j -0.000316712-0.000598048j 0.00672488+0.00244736j 0.000603988+0.000553976j -0.00143865-0.00243144j 0.00257511-0.00507267j -0.00189573+0.00556068j 0.00382004+0.00295642j -0.00307117-0.00325684j 0.0010595-0.000758631j -0.00558035-0.00324063j -0.00165958-0.00392174j -0.00741523+0.0005625j -0.00213017+0.00639503j -0.00458709+0.00137012j -0.000197037+0.00210349j 0.00132612+0.00447619j 0.00109799-0.00878359j 0.00324997+0.00646286j 0.00313214+0.00151853j -9.84391e-05+0.00385443j 0.00562367-0.000958358j 0.0056512+0.00305836j 0.0102586+0.00448878j 0.00164597-0.0024495j -0.00541065+0.00154536j -9.84849e-05-0.00545791j -0.00438021-0.00542727j 0.00457636-0.00142317j -0.00359775-0.00467057j 0.0024795-0.0012919j 0.00384297+0.00297656j 0.00720212-0.00565094j 0.00754404-0.00138452j 0.00277289+0.000602894j 0.00661553+0.00166466j -0.00136245-0.00200202j -0.00355295-0.00257812j -0.0074918-0.0042318j -0.00183573-0.00152724j -0.00731957-0.00230616j -0.00233075+0.00813229j -0.0061314+0.00282243j -0.00324449+0.00114923j 0.00374778+0.00311655j 0.00378225+0.00414847j 0.00208297-0.00420987j 0.00726767+0.00377762j -0.00258403+0.0011162j 0.000798666+0.000438469j -0.00482457+0.000368958j 0.00263265-0.00641607j -0.00386012-0.00286338j 8.55273e-05-0.00217897j -0.00321654-0.00330326j -0.00807811+0.00241322j -0.000521624-0.00483364j 0.00160615+0.00087623j 0.000717002+0.00988247j -0.00728402+0.0059817j 0.00143529-0.000843464j 0.00664706-0.000125183j -0.00367433-0.00913592j 0.000538348-0.00181353j 0.00865374-0.00124444j -0.00284275-0.00263932j -0.00216364-0.00334496j -0.000694787-0.00299882j -0.00095546+0.00556293j -0.00446617+0.00615629j -0.00400082+0.00521842j 0.00333806+0.00386142j -0.0110619+0.00820183j -0.0164507-0.00240963j -0.00315963-0.0038724j -0.00584309+0.00240551j -0.00506739+0.00477767j 0.00359252+0.00297938j -0.00243186-0.00646968j -0.00231333-0.000565504j -0.00433323+0.00344252j -0.00415693+0.00376267j -0.00294513-0.00136905j -0.00117531-0.00543547j 0.000667864+0.0013416j -0.00604078+0.00270243j 0.00306654+0.00125603j 0.000751657+0.0037738j -0.00220504-0.00164418j 0.00214783-0.0007156j 
-0.000835076-0.000396033j -0.00192557+0.000430686j -0.00467196-0.00440379j 0.000676725-0.00301348j -0.0110028-0.0066218j 0.00225992+0.00218833j 0.0040789+0.00964706j -0.00434393+0.0011385j 0.00474006-0.00442811j -0.000571133+0.00431809j -0.00219867+0.002424j -0.00672749+0.000479548j 0.00637137+0.0023578j 0.000259753-0.00134567j 0.0124324+0.00373014j -0.000794901-0.00732092j -0.00633355-0.00255666j 0.0115806-0.00150375j -0.0088742-0.00961113j 0.00591598+0.00489733j -0.00593867-0.00918765j -0.00247449-0.00412314j -0.00193328-0.00735182j -0.00212643+0.00205986j -0.00136599-0.00529851j -0.00370119-0.00315358j -0.00606559+0.00339089j -0.0165217-0.00493218j -0.00218245+0.00648086j -0.00520736-0.00221951j -0.000498255-0.00367828j -0.00807207-0.00343061j -0.000635286-9.53851e-05j 0.00210908-0.00193807j 0.0136632-0.00692799j -0.00717165-0.0047667j -0.000629072+0.00135525j -0.0124761-0.00154345j -0.002615+0.00582634j 0.000823862+0.0106193j 0.0137743-0.00341987j 0.00274927+0.00716927j 0.00818728+0.00708335j 0.0125454-0.000776872j 0.000764786-0.0140171j -0.00277858-0.00459846j -0.013369-0.00686127j 0.00350067+0.00323101j -0.000903194+0.00238119j -0.00643209+0.0061894j -0.00143609-6.35272e-05j 0.00615112-0.00377927j 0.00422953-0.00870996j -0.0040882-0.0020469j 0.00770506+0.00322193j -0.00610122+0.00033628j 0.00225179+0.00193826j 0.000516558-0.000889705j -0.00039625-0.00663674j 0.00390315-0.00223804j -0.00592404-8.57048e-05j -0.000869294-0.00183721j -0.00518902+0.0028934j -0.0010441-0.00497483j 0.000560801-0.00239574j 0.00058291+0.00818023j -0.00702654+0.00362049j 0.00375692+0.00431366j -0.00647627-0.00307776j 0.00605158-0.00724626j -0.00219433-0.00187577j 0.00245966-0.0020589j 0.010547+0.000949951j 0.0114526-0.000556902j -0.00860513-0.000648728j 0.0094635-1.04203e-05j 0.00256276+0.00542784j -0.00203328-0.00682193j 0.00663229+0.00248393j 0.00089407-0.00810925j 0.00471303+0.00151514j -0.00514891-0.00319535j -0.0012074-0.00325692j 0.00265611+0.00166295j 0.000302055-0.00327982j -0.00186969+0.000280483j -0.00382962-0.00227621j 0.000646307+0.00450331j -0.00183941-0.000334175j -0.000480609+0.00219889j -0.00241236-0.000361796j 0.000101289-0.00102492j 
0.000794801-0.000808898j -0.000273205-0.000636794j 0.00320677-0.00076326j -0.000538177+0.00245841j -0.00103353-0.00729511j -0.00462503+0.00263204j 0.00695731-0.00216564j -0.00656918-0.00584219j -0.00146637+0.00270805j 0.00683155+0.0122437j 0.0111616-0.0017473j -0.00507007+0.000222056j -0.00382024-0.00854235j 0.00311155+0.00769645j 0.0075639+0.000939466j 0.00512927-0.00312j 0.00014776-0.00423267j 0.00614793+0.0134814j 0.00125831+0.00164103j 0.00310389-0.00531774j -0.00424038+0.00856082j 0.00129302-0.000873325j 0.00314867+0.0011686j -0.0117378+0.0053229j 0.00562474+0.00665485j 0.00628633+0.0053724j -0.000480118+0.00334946j -0.00274042-0.00470957j 0.00125502-0.00683079j -0.00462085+0.013539j 0.00298614+0.00128071j 0.00454552+0.00440839j -0.0122448+0.000301356j 0.0056111-0.00181538j -0.00374694-0.0019188j -0.00489463+0.000550086j -0.000922039+0.00511933j -0.00406996+0.00379566j -0.00367188+0.0101249j -0.00884253+0.00665789j 0.00366249+0.00741967j 0.000576493-0.000104873j -0.000253135-0.00143985j 0.00276942+0.00272159j -0.00382153-0.00479313j -0.000669308-0.00678574j -0.00720235-0.00493197j -0.00128259+0.00810711j -0.000654889+0.00400427j 0.00168638+0.0111592j -0.00585655+0.00406587j -2.53704e-06+0.00132772j -7.03533e-05+0.00359233j -0.00330729+0.00711184j -0.00101607-0.00830386j -0.00423318-0.00805958j -0.00139631-0.0100991j -0.000366933+0.00692055j 0.00431496-0.005969j 0.000345747+0.00389357j 0.00374509-0.00127747j 0.00218979+0.00517813j 0.00167709-0.00388381j -0.00413915+0.00649422j 0.0120027+0.00243246j 0.0018942-0.00521746j 0.0063332-0.00573543j -0.0141745+0.000151183j 0.0042996-0.0016207j 0.00158334+0.00219246j -0.00907358-0.000294713j -0.0101188+0.000442332j 0.0197171+0.000729993j 0.0230986+0.00272178j -0.010241-0.00602229j -0.0113205+0.000322731j 0.017665+0.00170564j 0.00834075+0.00740928j -0.00210057-0.00591191j 0.00774604+0.00247213j 0.00255082+0.00391637j 0.00755574+0.0025996j -0.00244141-0.00130057j -0.000879282+0.00029301j 0.00339523-0.000523997j 0.000201785-0.000220788j 0.000810928+0.00184571j -0.00185312-0.000199379j -0.000540207-0.000742228j 0.000312203-6.04507e-06j -0.000378999-1.87801e-05j -0.000113705+7.68183e-07j 
0.00455841+0.000426296j 7.29669e-05-0.00308177j -9.43396e-06+0.00373484j 0.000553393-0.000446522j 0.000810042+0.000276423j -0.000411804-0.00303302j 0.00312567-0.00327426j -0.00437663+0.00684832j -0.00394019-0.000684995j -0.00256711-0.000378449j -0.00308948+0.00117497j 0.000587791+0.00266773j -0.00261332+0.00170521j 0.00519287-0.00522547j 0.00181814+0.00526922j -0.0041943+0.00293509j 0.00644922+0.000396206j -0.000410768-0.00415878j -0.00718982-0.00614929j 0.00436117-0.00393747j 0.00667481-0.00634503j -0.00087409+0.00314092j 0.00613625-0.00365546j 0.00902048-0.0095661j -0.0027679+3.68623e-05j -0.00233861-0.00622238j -0.00126054-0.000903702j -0.0109001+0.00369151j 0.000371238-0.00238445j 0.00317461-0.00519487j -0.00197273+0.000363524j -0.00363885+0.00407244j -0.00181257+0.00339104j 0.00221026+0.00346419j 0.00255793+0.00560218j 0.00245542-0.000437179j 0.0062476-0.000299505j 0.00250718+0.00123181j -0.00428768-0.000727945j -0.000520945-0.00137862j -0.00405923-0.00178462j 0.00360711+0.00636419j -0.00221433+0.00463045j -0.000487732-0.00139896j -0.00191968-0.00255215j -0.00525178-0.000941563j 0.00458214+0.0030734j 0.00306038+0.000901971j 0.000516936-0.00361213j 0.00425715-0.0046529j -0.00700709-0.00549464j 0.00253134-0.00181876j -0.00401548+0.000133284j 0.00531634-0.00675141j -0.00397701+0.00158281j -0.00244105+0.00451466j -0.000463763+0.00581507j -0.0109991+0.00340833j 0.00276956-0.00231458j -0.00172754-0.000452124j 0.00792415+0.00917233j 0.00123734-0.00983813j 0.00275588-0.0024577j 0.00339306+0.00396503j 0.00736888-0.00253715j -0.0013083+0.00168643j 0.00993941+0.00181039j -0.000951352+0.000966426j -0.000305452-0.00484154j 0.00623148-0.00366661j 0.00920138-0.00183606j 0.00248727-0.00675813j -0.0160369+0.00475538j -0.0102095+0.00332613j 0.00173706-0.00236185j -0.00400278+0.00838756j 0.00626467-0.00535605j -0.00329149-0.00176767j -0.00835042-0.00346649j 0.0091477-0.00261431j -0.00643405+0.00155166j 0.00703634+0.00480051j -0.00594959+0.00018925j 0.00210626-0.00596435j -0.00456273-0.00240639j -0.0071816-0.00145296j -0.000370505+0.00668597j -0.00346297+0.00188398j -0.00317564-0.0030727j 0.00386087+0.00183358j 0.00197206-0.000498649j 0.000456797+0.00092913j 
0.00163737-0.00122143j -0.000193487-0.00175619j -0.00124687+7.85544e-05j -0.00220317-0.00184079j 0.00293381-0.00702438j -0.00637104+0.000894851j 0.00383861+0.000744312j 0.00710205+0.000277049j 0.00210604-0.00446634j -0.00362126+0.00278657j -0.00870351+0.00220164j -0.00393942-0.000153648j 0.0033477+0.00519043j 0.00580958-0.00957632j 0.00732184+0.00478876j -0.00255847+0.0114925j 0.00254398+0.00358451j 0.0133047-0.00362033j -0.00820482-0.00183212j 0.0146008-0.00562656j -0.00312484-0.0035038j 0.00505936-0.00713262j -0.00437666-0.00181767j 0.00190765-0.00221334j -0.00488593-0.00424549j 0.00152929+0.00240813j -0.00419947+0.00662745j -0.00916385+0.00747594j 0.00289913-0.000612913j -0.00688311-0.00247188j -0.000382439-0.00062666j 0.00555897+0.0056725j -0.00636668+0.00211606j 0.00249841-0.00114561j 0.00448893+0.012427j -0.00845053+0.00104496j 0.00302103+0.000873588j 0.0044026+0.0102827j -0.000416793+0.00166783j -0.0195918+0.00620883j -0.0048448-0.00136965j -0.00834137+0.00594968j -0.00308694+0.0071607j -0.0118008-0.00433721j 5.15863e-06-0.0094824j -0.00677261+0.000380825j -0.00336159-0.0118134j -0.00212363+0.000944125j 0.0021368-0.00516391j 0.0153251+0.00271443j 0.00571624-0.00205782j 0.00297429-0.00761094j -0.00530507+9.4952e-05j 0.00280115+0.000524415j -0.00206324-0.00210769j 0.00109372-0.00248459j 0.0040425+0.000178229j 0.00118444+0.00100655j 0.00893858+0.00318854j -0.00530777+0.00140885j 0.012015+0.00332785j 0.00166038-0.000437938j 0.00388832+0.00320176j 0.00128234+9.50017e-06j -0.00414667-0.00409785j 0.0032517-0.000169345j -0.00289683-0.00540408j -0.00600451-0.00415203j 0.00405547-0.00908255j -0.00438394-0.00240745j -0.00386769+0.0133765j -0.00765867+0.00377443j 0.000274038+0.000345799j 0.00436861-0.00118215j -0.000734978+0.00603678j -0.00599351-0.00534998j -0.00499889+0.00583919j 0.000489768+0.0062469j 0.00209557-0.00280198j 0.00277498-0.00137741j -0.00117996-0.00626214j -0.000101497+0.00103443j -0.000871841+0.00220852j -0.00344194+0.0027574j 0.000468761-0.000316209j 0.00477486-0.0021742j -0.00292161+0.00207609j -0.00166732-0.000530136j 0.000787582+0.00150801j 0.00122775-0.00151614j 0.000542258+6.0098e-05j -0.00015686-2.07081e-05j 
0.00529428-0.000989509j -0.000183166-0.0039849j -0.00188198+0.0013735j -0.00159844+0.00251878j -0.00164008-0.000614277j 0.00175162-0.00476036j -0.00169768-0.00394408j -0.00723571-0.00180753j 0.00236909+0.00609775j 0.00256683+0.00011763j -5.81241e-05-0.00293071j -0.00284134-0.00288791j -0.00378277-0.00334275j -0.00709494+0.0127241j -0.000978349+0.0015472j -0.000978956-0.00822547j -0.00662103+0.00884475j -0.00788892+0.00728041j 0.00532505+0.00324381j -0.00929368-0.00548372j 0.00283422-0.00106364j -0.000453156+0.00637592j 0.00235213+3.44531e-05j 0.00279421-0.0042363j 0.00937417-0.0014238j -0.00051037+0.00136475j -0.00402361-0.00154986j -0.00915873-0.00339122j 0.00283199+0.00287755j -0.0047906-0.0016296j 0.00440046-0.00259822j -0.000111221-0.00291903j -0.00269991+0.00180482j -0.00418517-0.00322245j 1.11233e-05+0.0056591j 0.00122411+0.00104514j 0.0123558+0.00502209j -0.00329011-0.00573548j -0.0066691+0.000709584j 0.0036186-0.00426854j 0.00306996-0.00223929j 0.0092943-0.00319452j 0.00546607-0.00500004j 0.0100564+0.0052937j -0.00182873+0.00453226j -0.000985171+0.00193869j -0.00119552+0.00215808j 0.00464699-0.00614793j -0.00774365-0.000189059j -0.0059485+0.00210575j -0.00532832+0.000866741j -0.00389103-0.00607961j 0.00575515-0.00344306j 0.0034881-0.00288144j -0.00604932-0.00434072j 0.00273307+0.00291381j -0.00985325-0.00757754j -0.000969213+0.00855137j 0.0115829-0.000973664j 0.00218195-0.00362558j -0.0117484+0.00149382j -0.00270633+0.00620389j 0.00188188+0.00208011j 0.00369495-0.00688551j -0.00644608-0.00594412j 0.0108446+0.00259714j 0.00067692-0.000615721j -0.00844865-0.00631202j -0.00070327-0.000921642j 0.00276043+0.000659894j -0.00435954+0.0046992j 0.00429625+0.00386362j 0.00480349-0.00181871j -0.00219221-0.00214443j -0.0021325+0.00944584j -0.00326324+0.000923987j -0.00148372+0.00834318j -0.0113719-0.00122475j -0.00837637+0.00269416j 0.0059036-0.00588426j -0.00356466-0.00230461j 0.0026076-0.0010878j -0.00619437-0.00735353j -0.00395076+0.00391346j 0.00595672+0.00089088j -0.00450926-0.00368477j 0.000232972+0.00593037j -0.00487096-0.00224307j -0.000822613+0.0014109j 0.00582944+0.00227603j 0.00280828-0.00357764j 0.00278288+0.00284281j 
-0.000741173+0.000922994j 0.000353508+0.00164354j -0.00278658+0.00388116j -0.0067872+0.0012035j -0.00512993-0.00210896j -0.00116761+0.00230561j -0.00575219+0.0104495j 0.00087527-0.000525235j 0.000903933-0.00148392j 0.00324034-0.00215012j 0.00187427-0.00248408j 0.000984155+0.00178386j 1.87276e-05-0.0029656j -0.00629969+0.0149493j -0.00216793-0.0089928j 0.00290737-0.00743381j -0.0069662+0.00188809j -0.00573357-0.000830828j 0.00498367+0.00571938j -0.00865519+0.00958756j -0.00561716+0.000483141j -0.00221473-0.00571513j 0.00129681+0.00198065j -0.00299231-0.00132189j -0.00182759+0.00353498j -0.00274177-0.00533525j -0.00396427+0.00291571j -0.00459978+0.00495912j -0.00481274-0.00189159j -0.000296382-0.00116762j 0.00463909+3.09691e-05j -0.0127054+0.00237965j -0.00191489-0.00550616j -0.00749554-0.00563938j 0.00120759+0.00170422j -0.00141586+0.00517484j 0.0030377+0.00752902j 0.00132944-0.00545104j 0.00440756+0.00377507j 0.00475729-0.00190385j 0.00910053+0.00387914j 0.0100447+0.00542251j 0.00267277-0.00244163j 0.00237358+0.00702342j 0.00296317+0.00522593j 0.00781514+0.000292899j -0.00620413+0.00539727j -0.00556547+0.000829036j -0.00655033-0.00691747j -0.00641343+0.00534357j 0.00511515+0.00128568j 0.000561428+0.00062627j 0.00538294+0.00394849j -0.00340897-0.00483316j -0.00282422-0.000519399j -0.00393031-0.00104815j 0.00108578+0.0107048j -0.00153259-0.00661016j -0.00270784+0.00318402j 0.000754227+0.000283101j 0.00164166+0.00871327j 0.00759696-0.00663824j -0.00465381+0.00248535j 0.00445421-0.000698568j -0.00626445+3.5104e-05j 0.00440765+0.00417048j -0.000332954-0.0012j 0.00173798-0.00156223j 0.00585417-0.00566683j -0.00131192-0.00440823j 0.00194314+0.00768997j -0.00274571-0.000755981j -0.00103891+0.00200422j 0.00205305+0.00709632j -0.000950294+0.000120149j -0.000508984-0.000131662j -0.00238716-0.00191976j 0.0076348+0.000814869j 0.00854013-0.00258193j 0.00294519-0.00188902j 0.00138145-0.00709452j -0.00218031+0.00265463j 0.00263751+0.00665959j 0.00442136-0.00440333j -0.00620238-0.00347449j 0.0027412-0.000711843j -0.00497132+0.00205946j -0.000282455+0.0051608j -0.0029125-0.00179862j -0.000665821-0.00375156j 0.000761889+0.00318962j -0.00234473-0.000235406j 
0.00138874-0.00114006j -0.000603977-0.0018165j 0.00218089+0.000722706j -0.00250279-0.00342233j 0.00636687+0.000943558j 0.00618008+0.00155599j 0.0015681-0.00597614j -0.00713088+0.000153129j 0.00163575+0.00310384j -0.00228047-0.000341488j 0.000802521+0.000682037j -0.00391896+0.00200334j -0.000970299-0.00169416j 0.00267333-0.0080697j 0.00267975+0.00362804j -0.00314669+0.00137881j 0.0034178-0.00498733j 0.00237533+0.000945668j -0.00329131-0.00232738j 0.0037314-0.0033795j 0.00412775-0.000968738j 0.000436516+0.00022831j -0.000509836+0.00159073j 0.00021908-0.00178259j 1.59527e-05-0.00147852j 0.00662811+0.00236263j 0.00568633-0.00321694j 0.0074666-0.00426278j -0.00160438+0.0031958j 0.00217091+0.00159622j -0.00103928+0.00159754j 0.00669933+0.00237341j -0.000240542-0.00125639j 0.00899608-0.000183432j -0.00240558-0.00100948j 0.00442962-0.000948414j -0.00441448-0.00421941j -0.00252185+0.00400024j -0.00154045-0.00193612j 0.0018714-0.00247661j -0.000961681-0.00381266j -0.00540884+0.00645475j -0.00147493-0.00182303j -0.00219476-0.00355515j -0.000925736-0.00304679j -0.00859406-0.00386145j 0.00474451+0.000601597j 0.000430117-0.000201422j 0.00474131+0.0011446j 0.0033335-0.000632101j -0.00370967+0.00196468j -0.00362971+0.000494684j 0.00210501-0.00256581j -0.00133127-0.00339428j 0.00511238-0.0010053j -0.000264526-0.000363105j -0.00703871-0.00400273j -0.00270761-0.000817466j 0.000336527-0.00627864j -0.00316246-8.38359e-05j -0.00100467-0.00496673j -0.000341948+0.00538366j 0.00174223-0.00335973j -0.00340505+0.000482229j 0.00236588-0.00112712j -0.00339135+0.000896731j -0.00176457+0.00440759j 0.00562774+0.000325241j 0.00296578+0.00650467j 0.00970245+0.00572364j 0.00496381-0.00708579j -0.00202531-0.000578968j 0.0110535+0.00041105j 0.00511552-0.0036026j 0.00442241+0.00171734j 0.0104526-0.000720188j 0.000980495-0.00105363j -0.00713529-0.00239146j -0.00840283+0.00080201j -0.00554659+0.0042062j 7.81388e-05+0.00507398j 0.00119639-0.0044183j 0.000370523-0.00627599j 0.00438738-0.000133414j 0.0040357-0.000427741j -0.00986469-0.00235094j -0.00117152+0.00563531j -0.0016393+2.54811e-05j -0.00733616-0.00251545j 0.00332071+0.000165148j 0.00186188-0.00207935j 0.00163414+0.000952821j 
-5.77198e-05+0.0014674j 0.00237092-0.000847575j 0.00135508+0.000660174j -0.00113318-0.00190215j 0.00497576+0.00155156j 0.00693973+0.003315j -0.00588268+0.00289899j -0.00172548-0.00714912j 0.00298776-0.00116787j 0.00163185+0.000697298j 0.00102584-0.00257225j -5.41033e-05+0.00163802j 0.00486879-0.00154044j 0.000347925-0.00297071j 0.00132589-0.00325027j -0.00148938+0.000353758j -0.00330802-0.00247023j 0.00240697-0.00511318j 0.000621969+0.0015737j 0.00233933+0.00399089j -0.00483518-0.000733434j -0.00123813-0.00543908j -0.00385159+0.00313317j -0.00286384+0.00521251j -0.00504558+0.000159734j 0.00340493-0.00086377j 0.00584909+0.00114958j 0.00912546-0.00114209j -0.000109583+0.00344359j -0.00876193-0.00154454j 0.00305761+0.00184973j 0.0036962-0.00400427j -0.00170456-0.00400975j 0.00445059-0.00122784j 0.000342736+0.00119932j 0.00749813+0.00145572j -0.0117305+0.000930461j -0.00170345+0.00245108j -0.000600337-0.00466645j 0.00158818-0.00312538j 0.000756532-0.00560167j -0.00378468+0.00263124j -0.00218387+0.000128037j -0.00413933+0.00214365j 0.0018544-0.000185001j -3.48799e-06+0.00107307j 0.000955862-0.00248769j -0.0070373-0.000527606j 0.00387546-0.00123243j 0.0010808+0.000809991j 0.00605117+0.00402362j -0.00583412+0.000712878j -0.00167108-0.00389044j -0.00693677-0.00219076j 0.00363068-0.00287909j -0.00481643-0.00417463j -0.00745549+0.000982824j 0.000622739-0.00347306j -0.00821501-0.00117069j -0.00271312+3.66922e-07j 0.00299342-0.00355859j 0.00509362+0.00307539j 0.00148553+0.00219228j -0.00745132+0.00165683j -0.0092873+0.000298404j 0.000328841+0.00322693j -0.00818297+0.00531348j -0.000793404-0.00194776j 0.00720253+0.00912637j -0.000571606+0.00134086j 0.00351018-0.00531938j -0.00387878+0.00263431j 0.00467271+0.000456839j 0.00158819-0.00391716j 0.00671858+0.0036721j 0.00964323-0.00263738j 0.00131184+0.00275264j 0.00321058-0.00147343j 0.00499588+0.00721958j -0.00237889+0.00694575j 0.01011-0.00514422j -0.00318377+0.000341072j 0.00568905-0.00305071j 0.00469861+0.00415167j -0.000718966+0.000820029j -0.00292798-0.000585707j -0.0042075-0.00213246j -0.00338675+0.000115951j 0.00157312-0.00304464j -0.000431903-0.00090038j 0.00166236-0.000149183j 4.91027e-05+0.000580267j 
0.00209746-0.000499665j -0.0043484-0.00242722j -0.00174754+0.00236821j 0.00442522-0.00482912j -0.00232251+0.00530933j 0.005639+0.00218232j 0.00303587-0.00399511j -0.000950687+0.00180886j -0.0103834-0.0003021j 0.00393406-0.00343285j -0.00569312-0.00488596j 0.00603494+0.00341106j -0.00371995-0.00639031j 0.0040465-0.00795444j -0.00134382-3.10206e-05j 0.00198485+0.000479651j 0.00504245-0.00505901j -0.00828277-0.00107428j -0.00283045-0.00298826j -0.00648757+0.000293521j -0.00028312-0.00954126j -0.00625744-0.00109906j 0.00629066-0.00545065j 0.00619254-0.000803699j -0.00576254+0.00828555j -0.00242856+0.00508479j 0.00341552-0.00367475j -0.00500577-0.00103084j -0.00166528-0.00350631j 0.0027691+0.00198856j 0.000724044+0.00165754j -0.0110366-0.00944934j 0.00222713-0.00574057j -0.00292729-0.00198607j 0.00659187-0.00855017j 0.00163056-0.00528705j 0.000467977-0.00251348j -0.00177861+0.00464438j 0.00168867+4.18924e-05j 0.012442-0.0102293j 0.00154165+0.00124064j 0.00261968-0.000574461j -0.00406588+0.00451939j 0.00434458-0.00495146j 0.00193437+0.00638289j 0.00472911+0.00156536j 0.000265407+0.00770761j 0.00209215+0.00944139j -0.000276279+0.00799034j -0.00323903+0.00328744j 0.00103068+0.00180321j 0.00198006-0.000378058j -0.0025854+0.00244442j 0.00181684-0.006799j -0.000360893-0.00145055j -0.000742272-0.0046442j -0.00259106-0.0022082j 0.000654494+0.0114248j 0.00374462-0.00157843j -0.000809564-0.00659203j -0.00128772-7.44066e-05j -0.00103717+0.00194166j -0.0017916-0.00159441j 0.00169988+0.00900891j 0.013498-0.00337878j -0.0027294-0.00464052j 0.0116978-0.00265337j 0.0051204+4.59909e-05j -0.00334486-0.00226734j -0.00574349-0.00222067j 0.00337275-0.000525674j 0.00681445+0.00370387j -0.00143679+0.00323885j -0.0011251+0.00110483j -0.0017353+0.00187371j 0.00343378+0.00308398j -0.00209956+0.00204422j -0.00215313+0.00314366j 0.000594589-0.00613014j 0.00100274+0.002935j 0.00134742+0.00291079j -0.00345408+0.000484259j -0.0045171-0.000306399j -0.00160006+0.00121068j 0.00143642-0.00266968j 8.45942e-05-0.00347492j -0.000716141+0.00288692j -0.00422496+0.00124083j 0.000975603-0.000686234j 0.00189548-0.000597458j -0.00302343-0.00257455j -0.000232589+0.000319299j 
-0.00148358+0.00193728j -0.00189874+0.00245144j 0.00256282+0.00269598j 0.00267119-0.00032596j 0.00165058-0.000785731j 0.0054729-0.00282353j 0.0034265+0.00775205j -0.00481518-0.0120583j -0.0031249+0.000985323j 0.0023274+0.00595778j -0.00368163+0.00318934j -0.00323366+0.0032292j -0.00627308-0.00255356j -8.08451e-05-0.00064576j -0.00323942+0.000908446j -0.00242885+0.00506086j -0.00843484+0.0016842j 0.00316933-0.000656935j -0.00505897-0.0025482j 0.00191914-0.000826157j 2.96693e-05+8.31148e-05j 0.000810009+0.000128582j -0.000484379+0.00667768j 0.0106984-0.00159488j 0.0018051-0.000108398j -0.000940595-0.00517378j -0.000616585+0.00609309j -0.00226858+0.00948325j -0.000611442-0.0059383j -0.0045395-0.00240566j 0.0012584+0.000329486j -0.00270396+0.00519514j 0.00504888+0.00429717j 0.00394077+0.00289833j 0.00329311-0.00161495j -0.00235305+0.0056109j -0.0020067+0.0018456j -0.00471211+0.000885351j 0.00573169-0.00731976j 0.00423011-0.000194839j 0.00417831-0.00346511j 0.00305538-0.00295339j -0.00411872+0.00371731j 0.00333383+0.00378833j -0.00379384+0.00177078j -0.00877648+0.00245546j 0.00227083-0.00252321j 0.00129474-0.00146414j -0.000209988-0.00415043j 0.00203433+0.00564916j -0.00429863+0.00103549j 0.0034987+0.00723772j -0.00251618-0.0014581j -0.0040597-0.0107486j 0.00164892+0.000157219j 0.000345604-0.00221712j -0.00747237-0.000863529j -0.00106735+0.000617661j -0.00348583-0.00115234j -0.00571155+0.0015026j -0.00175141-0.00188394j -5.53972e-05+0.0013613j -0.000337749-0.00205387j 0.0035853-0.00816026j -0.00986732+0.00464391j 0.00667491+0.00595974j -0.0136137+0.00508926j -0.00455083-0.00622321j -0.00107791+0.00242016j -0.00128584+0.0021078j -0.00323446-0.00588142j -0.000231656-0.000768246j 0.00337-0.000511661j 0.00200087+0.0014888j 0.000542611+0.00514452j -0.00592892+0.00122645j 0.00365753-0.000189417j 8.15736e-05-0.004648j -0.00346156+0.00824798j 0.000120469+0.000855771j -0.0045005-0.00200627j 0.00533071+0.000374088j -0.00223935-0.00107344j 0.00158655-0.00318396j -0.000936443-0.00263386j -0.00422772+0.00143107j 0.00163827+0.00057366j 0.00217187+0.00253929j 0.000493852+0.00107693j 0.000965318+0.00230419j -0.00112514-0.00111134j 0.000680513+0.000812022j 
-0.00168992-0.00359302j -0.00565264+0.00192339j -0.00231429-0.000859823j 0.00409913+8.90526e-05j 0.00124272-0.00150286j -0.00155803-0.0029472j 0.00879004+0.00725706j -0.00218675-0.00699427j 0.00353182+0.000358199j 0.000143466+0.0036178j 0.00155222+0.00579534j -0.00433217+0.00136949j -0.0019088-0.000823319j -0.000395546+0.00261997j -0.000556316+0.00438385j -0.00163889+0.00434012j -0.00185668+0.00618795j 0.000614246+0.00234354j -0.00430194-0.00293788j 0.00418531-0.00281956j 0.00326888+0.00364662j -0.000741607+0.00280653j 0.00879102+0.00385998j 0.00798055-0.00406606j 0.000771778-0.00466366j 0.00800502-0.0067456j -0.00297752+0.00349763j 0.00247426+0.00468746j -0.00292329+0.000513068j 0.00137242+0.00200528j 0.000543752-0.00221915j -0.00170959+0.00700554j 0.00208986+0.00467601j -0.000539448+0.00200884j 0.00155486-0.00620028j -0.00205075+0.000221774j 0.00663322+0.00107511j -0.00127818-0.00225426j 0.00211055-0.0018233j -0.000373713+0.000719397j 0.00264787+0.00121042j 0.00371307+0.00255777j -0.00252321+0.000369872j -0.00264632+0.00100755j -0.00271523+0.000766799j -0.00338357+0.000456561j 0.00374142-0.00124448j 0.0042029-0.00193041j -0.00209681-0.00365575j 0.00225294+0.00300994j -0.00720597+0.00100936j 0.00270919+0.00797238j 0.00565103-0.001728j 0.00214741-0.00481633j 0.000546049+0.00254303j 0.00232736+0.0035681j 0.00314717-0.001653j 0.0030728-0.00224658j -0.00119977+0.00181511j 0.00135908-2.45283e-06j -0.00427052-0.00202998j -0.00318044+0.000662305j -7.64414e-05-0.00254883j 0.000909449-0.00999128j -0.00424132+0.000182035j 0.00667686+0.000323304j -0.00453877-0.000716872j -0.00869351-0.0018351j 0.000961912-0.00166412j 0.000761407+0.000520606j 0.00225412+0.00185133j 0.00161717-0.00509876j 0.00114225+0.000858142j 0.00397194+0.00516399j 0.00258857+0.00359632j -0.00527956+0.00131526j -7.61678e-05-0.00375377j -0.00255325-0.00434174j -0.00143198+0.00266483j -0.00197209-0.000599542j -0.00621997-0.000998179j 0.0003809-0.00183622j -0.00472462+0.00417705j -0.00233705+0.000704039j 0.00385618-0.00152434j -0.000323154+0.00105862j 0.00450922+0.00089884j 0.00197436-0.000468387j 0.00160611+0.00288313j -0.00109501+0.00322191j -0.0058419-0.00263915j 0.0024551-0.0033905j 
-0.00266849-0.00107771j -0.000815213+0.00403748j -0.00124649-0.00797082j 0.00473837+0.00511373j 0.00372834+0.00427242j -0.00280505+0.000679622j -0.00781438+0.00861246j -0.00081081+0.00191923j 0.00293531-5.0971e-05j 0.00306444+0.00192917j 0.00540781-0.000235314j 0.010215+0.00373822j -0.00243309-0.00431307j -0.00184621+0.0008115j 0.000152857-0.00311112j 0.00382347-0.00143141j -0.000174311+0.00107774j 0.00557117-0.00136127j 0.0034219-8.75146e-05j -0.000750097-0.00113307j -0.0069485+0.00296514j -0.00522219+0.00142805j -0.00218759+0.00331381j -0.00548409-0.00408172j 0.00410576+0.000323345j -0.0144626+0.00334264j 0.0130622+0.00185313j -0.000262938-0.000273996j 0.0072712+0.00346238j 0.00204911-0.00528302j 0.000601365+0.000803266j -0.00935181+0.00814658j 0.00141382+0.00421035j -0.00268789-0.00529389j 0.00201583+0.00171809j -0.00141544+0.00530249j -0.000440605+0.000758769j -0.000562305-0.00185139j -0.00265196-0.00552079j 0.00303495-0.00412645j 0.00383258+7.15252e-05j -0.00276708+0.0105151j 0.00411174-0.0027307j 0.009442+0.000404641j -4.26536e-05-0.000869176j -0.00600436+1.73806e-06j 0.000645882+0.00291982j -0.004031+0.00267858j -0.00649252-0.00396264j -0.00664128+0.00270224j -0.0067921-0.000941201j 0.00139314+0.0051479j -0.000837559+0.000356786j -0.000568468-0.00223269j -0.00787305+0.00251776j 0.00113986+0.00391411j 0.000544828+0.00516494j 0.00492562-0.0014523j 0.00634486+0.00171647j -0.0127557+0.00658447j 0.00935461-0.000834955j 0.00774242-0.00859546j 0.00634413-0.00392182j -0.00679279+0.00247123j 0.00264371+0.00823263j 0.00433869+0.000740001j -0.0149291-0.00155337j 0.00883823-0.00267355j 0.0073046-0.0133713j 0.00017348+0.00853353j 0.00963828+0.00645428j -0.00744228+0.00726135j -0.00267667+0.00137696j 0.00366027+0.00154322j 0.00225326-0.00875356j 0.00141729+0.000124j -0.00827287-0.00294098j 0.00220492+0.00932666j -0.00399896+0.000290626j 0.00067314-0.0068017j 0.00345684-0.00418522j 0.0125934+0.00400074j -0.000764459+0.00531058j -0.00229332-0.00290088j 0.00145094-0.00204492j 0.00229515+0.000442026j 0.0043341-0.00316617j 0.0111678+0.0042626j 0.00256087+0.000490498j 0.00322764+0.00787624j -0.00251954-0.000549247j 0.0013851-0.00349377j 
-0.00577773-0.00575715j -0.00686517+0.00437113j -0.00637744-0.00926873j 0.00657464+0.00215611j 0.004439+0.00757822j -0.00259344+0.0049377j -0.00252216+0.00173565j 0.00236423+0.00705392j -0.00168215+0.00327996j -0.000649471+1.75468e-05j -0.000400231+0.00313448j 0.00270922-0.000392069j -0.00496273-0.00141541j -0.000694934-0.00513343j 0.00163635+0.00524042j 0.00203652+0.000309641j 0.0056005-0.0018756j 0.00291594+0.00310647j -0.000469479-0.0047081j -0.00301098-0.00845474j 3.1766e-05+0.00268374j -0.00510972+0.00646955j -0.00175049-0.00669253j -0.00218848-0.00486555j 0.00510328-0.00071115j 0.00493672+0.00413641j 0.00344182-0.00606171j -0.00196807-0.0109654j 0.00704888+0.00196084j 0.00417101-0.00030032j -0.00147003-0.00250274j -0.00790544-0.00052215j 0.000961584+0.00223265j -0.00153421-0.000706278j -0.00715229-0.0102405j -0.00563769-0.00464883j -0.00216034-0.0037731j 0.00109282-0.000383595j -0.00226425-0.00422302j 0.000400521-0.00141596j -0.000875641+0.00479702j -0.00432576+0.00415561j 0.0014324-0.00116161j 0.00202555-0.00612711j -0.00110413-1.40033e-05j -0.00615732+0.00325794j 0.00735216+0.00155396j 0.00380865+0.00376041j 0.00217033-0.0012335j -0.000919976+0.00496366j -0.00782923+0.000780375j -0.00549248-0.000428024j -0.00322455-0.00274124j 0.00425977+0.00666352j -0.00182744+0.0019984j -0.00211047+0.00101605j -0.00286439-0.00443334j 0.00380097+0.00220173j -0.00244415+0.00356221j -0.00420708-0.00118173j -0.002259+0.00349513j 0.00555971+0.00217744j 0.000805265-0.00726668j -0.00462179+0.00443798j 0.00986624-0.0046826j -0.00845505-0.00109744j -0.0114206-0.00670427j 0.0109068+0.00357132j 0.000109366-0.00190286j 0.00287947+0.000984559j 0.00572518+0.000598j -2.30838e-06+0.00374828j -0.000871039-0.00116083j 0.00201365-0.00322416j 0.00133872+0.000699384j -0.00216336-0.0025488j -0.00178582+0.00457707j -0.00061926+0.00532791j -0.00424417-0.00268561j -0.00425666+0.00217948j -0.00014405-0.00163647j -0.000849261+0.000576353j -0.0105572+0.000259136j -0.0131155+0.00262639j 0.0114102+0.00550371j -0.00760834+0.00410316j -0.0032346+0.00175151j 0.00970437-0.00130142j 0.00267166+0.00649571j -0.000756735+0.0056625j -0.0091366-0.00239795j 0.00113418-0.00699205j 
0.00262295-0.00169408j -0.000804251-0.00235449j 0.00276808-0.0044507j 0.00247287-0.00253187j 0.00193626+0.0019325j 0.00307492-0.00217049j 0.000489712-0.00681609j -0.00263816-0.0015915j 0.000929471+0.000557154j 0.000582185+0.00125292j 0.0031026-0.00507437j 0.00274003-0.00176823j -0.00366497-0.00160795j 0.000764095-0.00493154j -0.000450855-0.0007459j 0.00140353-0.000388944j 0.00348283-0.00251759j 0.000113163+0.00229706j -0.000110381+0.0019658j -0.00170854+0.00145161j 0.00119198-0.00325544j -3.72528e-05+0.00420497j 0.000570903+0.00190599j -0.000141193+0.00325372j 0.000458657+0.0017611j -0.00871322+0.00303006j 0.00503847-0.00113057j 0.00121132-0.00117949j 0.000325029+0.00166699j 0.0112026-0.000811698j -0.00201263+0.00039133j 0.00813216-0.001767j 0.000720275+0.00480766j 0.00280703-0.00387352j -0.00104771+0.00947856j -0.00469377-0.00102565j 0.0021793+0.00383341j -0.00178142+0.00305799j 0.00375195+0.00236276j 0.00290724-0.00819342j 0.000715041-0.00158529j -0.0019831+0.00308525j 0.0024139-0.00085413j 0.000592072-0.00222498j 0.00131497-0.000416964j -0.00159924-0.00301042j 0.000147846-0.00114738j -0.00012708-0.000302398j -0.000658243+0.000743241j -0.00390319-0.000935116j -0.000603002-0.00180312j -0.00142681+0.00448899j 0.00158441-0.00518578j -0.000504049-0.000288733j -0.00147774-0.00147702j 0.00656011+0.00333099j 0.000666098+0.00093723j 0.00727642+0.00809098j 0.00919265-0.00435245j -0.00676075-0.00271911j -0.00145902-0.00441755j 0.00545039+0.00260511j 0.00214232+0.00273749j 0.00011787+0.00121467j 0.0067418-0.00205141j 0.000860715+0.00191801j 0.00143419-0.000497733j 7.12379e-05-0.0140725j -0.00118567+0.00223453j 0.000368785+0.00445989j -0.00175891-0.00156152j 0.000885029+5.25484e-05j 0.00266497-0.00545711j -0.00338053-0.00202968j -0.000821814-0.00541541j 0.00578601+0.000427964j -0.00335636+0.00323414j -0.000989681-0.00229028j -0.00576058-0.0012477j 0.000177212+0.00186283j 0.00615239+0.00247438j 0.00182517-0.00199103j -0.00244407-0.00148267j 0.00050903-0.00730492j 0.00586034+0.000151517j 0.0011235+0.00282958j 0.00531814-0.00222009j -0.000400846-0.00304184j 0.00285875+0.000316742j 0.00335757+0.00350835j -0.000427191-0.00353774j 0.00344086+0.00160602j 
-0.00415922-0.00191213j 0.000458329+0.00226922j -0.00149385-0.00232225j -0.00847917-0.00189765j -0.00430219+0.00943699j -0.00412672+0.00115027j -0.00495123-0.00177807j -0.00115353-0.00312728j -0.00572995+0.00226276j -0.00567998+0.000840383j 0.000815878+0.00297236j -0.0112382-0.00421526j -0.00097965-0.00220388j 0.00510521+0.00129535j 0.00472532+0.00260893j -0.00026491-0.0028794j -0.00262056-0.00692264j -0.00132473-0.0026869j -0.00393914-0.00622579j -0.0055405-0.00156533j -0.00304884+0.00141781j 0.00797105+0.00124655j -0.00288307-0.000419652j -0.000498637+0.00450755j -0.0039087+0.00232763j 0.00206014-0.00614004j -0.00208296-0.00117457j -0.00447598+0.000781035j -0.00051403+0.00416801j 0.00630338-0.00398831j 0.00223828-0.00216175j 0.0150197+0.00527888j -0.00353325+0.00522457j -0.00607806+0.000692587j -0.0020413+0.0033214j -0.00278105+0.00466444j -0.00256719-0.000193844j 0.00220409-0.00203351j 0.00317236-0.00183296j -0.000504751-1.03007e-05j 0.00224277-0.000786026j 9.67943e-05-0.00122525j -0.0018477-0.000257992j 0.000737724-0.00392701j 0.00685371+0.000316285j -4.18542e-05+0.00868667j 0.0029976-0.00622347j -0.00394586-0.00771937j -0.00206324-0.0016727j -0.00393917+0.000408835j 0.00119561-0.00228406j -0.00460604-0.00216031j -0.000696121+0.0119996j -0.00318854-0.00774883j -0.000164178-0.00162002j -0.00425704-0.003626j 0.0110627+0.0066233j -0.000245172+0.00440603j 0.00100072-0.00659511j -0.00780602+3.95396e-05j 0.000856918-0.00348533j -0.0090212-0.00165155j 0.00134529-0.00160492j 0.00380684+0.00339789j 0.0048091+0.00231569j 0.00440737+0.00465182j 0.00357752-0.00469354j -0.00117971-0.00379745j 0.000552007+0.0100201j -0.00175106-0.00845696j -0.000200924+0.00308553j -0.0019769-0.00303301j -0.00154341-0.00561302j -0.00354154-0.00114996j 0.00282884-0.00343463j 0.00134383+0.00427349j 0.0012496+0.00261731j 0.00410243+5.26495e-05j -0.00523654-0.000898244j 0.000946758+0.00132437j -0.00114747-0.000358024j -0.00222145-0.0052894j -0.00182107+0.00115259j 0.00121988-0.00476644j 0.00242811-0.00223346j 0.00290891+0.00480771j 0.00128405-0.000416186j 0.000748249+0.00343049j -0.00161559+0.00411266j -0.000318653+0.00352501j -0.00425403-0.00179968j -0.00396324-0.00418881j 
-0.00326127+0.0019469j 0.00241511-0.000101066j 0.0014738-0.00361823j -0.0145319-0.00230542j -0.000325787+0.00639752j 0.000246042+0.0109212j -0.0115413+0.00353436j -0.0035892+0.00146795j 0.00150795-0.00205013j 7.32617e-05+0.00111927j -0.00678143+0.00611511j -0.00597526-0.00601807j -0.00303777-0.00355261j 0.00187841-0.00617679j -0.0024489-0.00384825j -0.00276854-0.00698606j 0.00152919-0.00787395j 0.0015546+0.00235113j 0.00142139-0.000914494j -0.00343686+0.00545939j -0.00212233+0.00162926j 0.00319015-0.0015823j -0.00136209-0.00237826j 0.0040089+0.00385938j 0.0014309+0.00688419j 0.00175118-0.00577014j -0.00587791-0.001695j -0.00169837+0.00462033j -0.00395905+0.00149504j 0.00102311-0.00226356j 0.000383541-0.00249998j 0.00520144+0.00750325j -0.00219537+0.00282942j -0.00176062+0.00571977j -0.00487903+0.00121436j -0.00068206+0.0093981j -0.00844524-0.00157166j 0.000460707-0.00427719j 0.00794847+0.00305355j 0.00416584+0.00265957j 0.00350424+0.0057534j 0.00643515-0.000482776j 0.00197385-0.00020025j 0.00102006-0.00722545j 0.000168143+9.3026e-05j 0.00818462+0.00549041j -0.00368715-0.00182953j 0.000873329-0.00485188j -0.00251209-0.000616831j -0.000395594-0.00332376j 0.00773372-0.0035028j -0.00160554+0.00535505j -0.0075451+0.00212417j -0.0032307+0.00198778j -0.00068394+0.00534665j -0.0022967+0.00240642j 0.00577869+0.00347031j -0.0039798+0.00358225j -0.000423427-0.00691473j -0.00788414-0.000554445j 0.0061874+0.00710097j -0.00339797+0.00681974j 0.000427381+0.00139705j 0.000322825+0.00514945j -0.00252526-0.000872376j 0.00171239+0.00111904j 0.0109307+0.000586516j -0.00230852-0.00302865j -0.00290767+0.00408251j 0.00931991+0.00389176j 0.00548836+0.00601291j -0.00943717+0.00551956j -0.00407709-0.003859j -4.20411e-05+0.0014435j 0.00234969-0.00209918j 0.00175754+0.000191541j 0.00511911+0.00491954j 0.00148446+0.00172983j -0.00131134-0.0071967j 0.00632982-0.000566326j -0.00329306-0.00385484j 0.00267512-0.00254086j 0.000922514+0.00327904j 0.00178502-0.00551553j -0.00519079+0.00180539j -2.61359e-05+0.00269353j -0.00540453-0.00100605j -0.00531131+0.00496753j -0.00734835-0.00177943j -0.00566122-0.00731895j -0.000106516+0.00249641j 0.000141426+0.00432345j 
-0.00377659-0.00168272j -0.00210655+0.00345219j 0.0015493-0.00214133j 0.000640405-0.000945781j -2.7779e-05+0.00106095j -0.00403537+0.00201984j 0.00169654+0.000584448j -0.00101653-0.00140712j 0.00104475+0.00133042j -0.00137031+0.000823134j 0.000841166+0.00385328j -0.000290113-0.00152292j -0.00263523+0.00249159j 0.000215155+0.00106932j -0.00292352+0.00366263j -5.99114e-05-2.26738e-05j 0.00269169+0.00280522j 0.002+0.00213253j -0.00129875-0.00275724j 0.00231411-0.00388042j 0.00327978+0.000557343j -0.000317169+0.00411239j 0.000389016+0.000621225j 4.4038e-05-0.00197028j 0.00201578-0.00225359j -9.98663e-06-0.00140395j -0.00204236+0.000334878j 0.00206463-0.00338934j 0.00350538+0.00183023j 1.89611e-05+0.00132809j -0.00161947-0.00147095j 0.000493666+0.00153324j 0.00347914+0.00301625j 0.00012757-1.3162e-05j -0.00441566+0.00218332j -0.00286568+3.06879e-05j -0.00138063+0.00218044j -0.000591263+0.000598256j 0.00146485-0.000924291j -0.00268491+0.00177377j -0.00198107+0.00238421j -0.00124332-0.00100511j 1.59595e-05+0.000162715j -0.00145305-0.000497196j -0.00107802+0.000228191j -0.00352806+0.0019095j 0.000568808-0.000176052j -0.00202264+0.000793889j -0.00154012-0.00242997j 0.00141968+0.00118285j -0.002624+0.00305572j 0.000973728-9.43939e-05j -0.00357303-0.00264823j 0.000195353+0.00344276j -0.000483711+0.00342634j 0.00282712+0.00212208j -0.000784132-0.00325025j -0.000252283-0.000834951j -0.00258263+0.00396528j -0.000867808+0.00161478j -0.0054821+0.00182747j 0.00290293+0.00344801j -0.00206152-0.00341065j -0.00182361-0.00149561j 0.000462484+0.000381824j -0.00122933+0.00252338j -0.00888289+0.00633821j -0.00263448+0.00421895j -0.00100736+0.00173849j 0.0010076-0.000892507j -0.00312694-0.00235587j 0.000397852-0.00512432j 0.00292961-0.0052737j 0.000100444+0.00319385j 0.0039277-0.00143915j -0.00122643-0.00216038j -0.00137684-1.05866e-05j -0.00310644-0.00497318j -0.00196923-0.000812779j -0.0018864+0.00186177j -0.00304986-0.000967459j 0.00040631-0.00349625j -0.00117487-0.00160145j -0.00350836+0.000630888j 0.00616057+0.00395822j -0.000497237+0.00319714j -7.38013e-05-0.00169479j 0.00587209+0.00114358j 0.000650752+0.00498552j -0.00391936+0.00145818j -0.00415029+4.89396e-06j 0.000171787-0.00196898j 
-0.00197388+0.000865703j 0.000871478+0.00261124j -0.0034538-0.00672513j 0.00608425+0.0044541j 0.00105861+0.00635669j 0.00144559+0.00418001j -0.00503961+0.00163381j 0.00454083+0.00451858j -0.00405094+0.000169183j 0.00219269-0.000536563j -0.000874074+0.000786035j 0.00555175+0.000628933j 0.00258289-0.000651672j -0.000556319-0.0050302j 0.00216527-0.00248325j 0.00140881-0.00207226j 0.000886917-0.00742275j 0.0006893+0.000248673j 0.00263044-0.000308384j -0.0020716+0.00243631j -0.00445654-0.000159263j -0.00128544-0.00298682j -0.00497326-0.0030143j -0.00437959+0.00324057j 0.00411481+0.00172828j -0.000879318+0.0053473j 0.000913672-0.00287402j -0.00139536+0.00107032j 0.00501613+0.00203946j -0.00134421-0.00099869j 0.000481495-0.00244425j -0.00464947-0.00545481j -0.00256607-0.00143347j 8.33504e-05-0.00189995j 0.00152673-0.00658245j 0.00256767-0.00389591j -0.00620742-0.00356432j -0.000780351-0.000806073j -0.00347031-0.000471949j 0.000697622-0.00261182j 0.000836571+0.0021636j 0.00089031+0.00426008j 0.00112099-0.000544865j 0.00417144-0.00289455j -0.00150193-0.00107974j 0.00658857-0.00284221j -0.00156212+0.00272131j 0.00695191+0.00121591j 0.00533449-0.000207848j -0.00304107+0.00203258j 0.000544218-0.00224481j -0.00241136-0.00177974j -0.00105391+0.000325382j 0.00280609+0.0021196j -0.00324193-0.000338902j -0.00544183+0.000272883j 0.00125569-0.00153473j 0.00273543+0.0024579j -0.00556703-0.00139169j -0.000133507-0.000518248j 0.0118327-0.00252091j -0.000185279-0.00265737j 0.00109753+0.000247812j 0.00107842+0.00464647j 0.000794668-0.000568345j -0.0018077+0.000216018j 0.00379487-0.0082688j 0.00452422+0.000845663j -0.000262392-0.00195703j -0.000952588+0.00189315j 0.008687+0.00396054j 1.58936e-05+0.00613154j -0.00545688+0.000756698j 0.000371387-0.00391225j 1.28955e-05-0.00242414j -0.00093486+0.00268672j 0.00598159+0.00345961j 0.00583418+0.00656852j 0.00235243+0.000487424j 0.00478429-0.00142211j 0.00862406+0.00016312j 0.00382553+0.00557598j 0.000630053+0.00370517j -0.000520318+0.00386768j -0.0106573+0.004863j 6.03316e-05+0.000206577j -0.00163906-0.00756006j -0.0018188-0.00382604j 0.00759603+0.00157303j -0.00370716+0.00373529j -0.0020584+0.00285398j -0.0024657-0.00149421j 
0.00371623+0.00224869j 0.0036595-0.00384958j 0.00484357+0.00147548j -0.00437383-0.00778152j -0.00816427-0.00346895j 0.00293196-0.000144184j 0.00275579-0.00483529j 0.00364497-0.0102127j 0.000387126-0.00552388j -0.00517723+0.0042002j -0.000984546-0.012171j -0.00124064-0.00622401j 0.00239644-0.00463458j 0.000780754-0.00307547j -0.000201136-0.00196505j 0.00224913-0.00239964j -0.00563054+0.00656593j -6.23109e-05-0.00890848j 0.00320774+0.00458321j -0.0023446+0.00527328j -0.00409414+0.00121264j -0.000736699-0.00716212j -0.0046477-0.00135298j -0.00413698+0.0045306j -0.00617918+0.0046277j -0.00315058+0.0012114j -0.00183505-0.00409146j 0.00139906+0.00502559j -0.0104033-0.00509217j 0.00254644-0.003805j 0.00511465-0.00227624j 0.00423847+0.000929446j -0.00549871-0.000821274j -0.00642492+0.0103691j 0.00196751+0.00227433j -0.00302514+0.00372987j 0.00346362-0.000523308j 0.00329584-0.000554198j -0.00271621+0.00430799j 0.00143091+0.000182675j 0.000871491-0.00496833j 0.0018643-0.00521509j -0.00124106-0.000606989j -0.00271489+0.000386717j 0.00134728-0.000196791j -0.0013149+0.00575603j -1.52493e-05-0.00633154j -0.00725735+0.000940109j -0.00156101+0.00233632j -0.00172155+6.8983e-05j 0.00165171-0.00602536j -0.00180217-0.00439005j -0.00222749+0.00681462j -0.0044086+0.000943885j 0.00106501-0.00574609j -0.00307274-0.000517217j -0.00279428-0.00583449j -8.45259e-05+0.00415092j 0.00210788+0.0046606j 0.0026315+0.00428736j -0.000503827+0.00124843j 0.00311751-0.00307787j 0.00478072+0.00520467j 0.00264576-0.000475798j -0.00489999+0.000855224j -0.000738139-0.000541718j -0.000745606-0.00198267j 0.000482106-0.000192612j -0.00166592+0.00655404j -0.00183673-0.00290811j -0.00885738+0.00436383j 0.00042235-0.00328332j -0.00126133+0.0053778j -0.00598167-0.000619584j -0.00264595+0.00421327j -0.00207156+1.28009e-05j 0.00165182-0.00291789j 0.00856315-0.00146912j 0.00122822-0.00145528j -0.00046334-0.000152914j 0.00482242-0.000108791j -0.00554645-0.00547617j 0.00276282-0.00158779j 0.00227572-0.00269608j 0.00140197+0.00273797j -0.00275144+0.0023976j -0.00233422+0.000118934j 0.00248871+0.00180005j -0.00123475-0.00222463j 0.00264003+0.00155197j 0.0060847+0.000779882j -0.00119256+0.000595335j 
0.00522142-0.00291275j -0.004236-0.00537183j 0.00713913-0.00205968j 0.0104733-0.00989888j -0.00385222+0.00094854j -0.000813799-0.00329849j 0.00653211-0.00469369j 0.00996492-0.0111478j 0.00670037-0.000996138j -0.00170337-0.000595573j 3.47166e-05-0.00642432j 0.011682-0.00850354j 0.00690398+0.00363134j -0.000321745+0.00822865j -0.0077115+0.00537768j -0.000774448+0.000118536j -0.00384972+0.0125849j 0.000507243-0.00726934j -0.00175896-0.0025729j 0.00528877-0.00434646j -7.35714e-05-0.00277582j -0.00244845+0.00385948j 0.0022638-0.00360034j -0.00418252+0.00278497j 7.74962e-05-0.00136774j 0.000811121+0.000369505j 0.0102441-0.000862108j -0.00518385+0.00575084j -0.00875284-0.00444096j 0.00300642-0.0052445j -2.00696e-05+0.00328505j -0.00055582-0.00570574j -0.00310953-0.00242265j -0.00147811+0.0030716j 0.00732495-0.000383129j -0.000851655-0.000199961j 0.00244171+0.00425494j 0.00177212+0.000396309j -0.00369092+0.00011188j -0.000588753+0.00209123j -0.00195887-0.00440433j -0.000559032-0.00375678j -0.00255686+0.00183897j -0.0016526+0.00495332j 0.000887426+0.000971896j -0.000496069+5.95319e-05j 0.00217166+0.000613795j -0.00415549+0.00113859j -0.00228143+0.00185232j 0.00374051-0.00352156j -0.00494283+0.00682483j -0.00810004+0.00220889j -0.00333699-0.000707041j -0.000439533+0.00166672j -0.000618436+0.00264287j -0.00485256-0.000408449j 0.00128869-0.00261404j -0.00177274+0.00466148j 0.00308027+0.00240524j 0.00299853+0.00725386j -0.0011591-7.25406e-05j 0.000274242+0.00014715j -0.00209892-0.0019395j -0.00101582+0.00229127j 0.00087462+0.000643307j 0.00140441-0.00226228j -0.0039056-0.00181006j 0.00254465-0.00152568j -0.00032592+0.00535113j -0.00746535-0.00214211j -0.00753337-0.000908877j 0.00715923+0.00128533j -0.00135492+0.0021118j -0.00490457+0.0044041j -0.00811931+0.00466653j -0.00884114+0.00244087j 0.000116217-0.0022457j -0.00154661-0.00345289j -0.00449997-0.00697396j 0.00488398+0.000921436j 0.00628705-4.54592e-05j -0.00111397-0.00305374j 0.000781309-0.000313044j 0.00398719+0.000885307j 0.0020491+0.00137707j -0.0050766-0.00215532j 0.00190883-0.00355848j 0.00297911+0.00328933j 0.00455676-0.00506618j 0.00492994+0.00737504j -0.00485042-0.00381624j 0.00286816-0.0017462j 
0.00020631+0.000756127j 0.000909769-0.000314723j -0.00190318+0.000921081j 8.20441e-05+0.00147225j 0.00169916-0.00276073j 0.00330687+0.00421354j 0.00116935+0.000991291j -0.00151038+0.00575512j -0.00027541+0.000495057j 0.00114531-0.000202728j -0.00298927+0.00253473j -0.000171119+0.000660596j -0.000707016+0.00100557j -0.000302098-0.000754748j -0.000882974-0.000735971j 0.000808227+0.000248733j 0.00114019-0.00109938j -0.00311526+0.00336071j -0.000184479+0.00289417j -0.000114236+0.000303351j 0.000377842+0.000518612j 0.000770283-0.000343674j -0.000138511-0.00270193j 0.00145118-0.00318224j 0.00159184+0.000439408j 0.00448422+0.00123996j -0.0011824+8.81287e-05j 0.00129073-0.00150638j -0.000611166-0.00276j -0.00272585+0.00197993j -0.00212675+0.000381179j -0.00251376+0.000126976j 0.000622834-0.00244815j 0.00208849-0.000984219j -0.000448521-0.00141234j 0.00146093+0.000480247j -0.000554453-0.00111238j 0.000470924+3.22283e-05j 0.000209689+0.00207606j 0.000533505+0.000788074j 0.00123824+0.00221942j 0.00253532+0.000906809j 0.00143145-0.000859088j -9.45018e-05+0.000792858j -0.00130013+0.000709257j 0.00152874-0.00270336j 9.36155e-05+0.00191468j 0.0039582+0.00200427j -6.54892e-05-0.00157051j 0.00148054+0.000657203j 0.00223088-0.00222196j -0.000101167+7.76027e-05j -0.00151362-0.00524851j 0.0010416+0.00282016j 0.00288927+0.000290405j -0.000252144+0.00130132j 0.000328514+0.00103882j -0.00237251-0.0025791j -0.0017903+0.000108616j 0.000133797-0.00136347j 0.0010876+0.00306262j 0.00297856+0.00211964j -0.000644034+0.00171288j -0.00155968+0.000441269j -0.00151302-0.001252j -0.00310363-0.00135068j 0.00339675+0.001576j -0.000613857-0.000226805j -0.00102876-0.00134768j 0.00531881+0.000345946j 0.00231721-0.0025011j -0.000254582+0.00231197j -0.00153358+0.00163891j 0.00270402-0.00339588j 0.000546526+0.00254252j 0.000228599+0.000969311j 0.00457277-0.00121857j -0.00111556-0.000717133j 0.00065974-0.00112721j 0.000187915+0.000421952j -0.0016572-0.000432189j 0.000246372+0.00362513j -0.00201915+0.000637325j -0.00492438-4.57441e-05j -0.00140927+0.00399369j -0.00565858+0.000436026j -0.00448066+0.0019155j -0.00160867-0.0038981j -0.0013403-0.00172034j -0.000279509-0.00491623j 0.00122172+0.00220583j 0.000508326+0.00107335j 
0.00343766-0.00104266j -0.00113003-0.00302587j 0.00052503-0.00267072j 0.00453139+0.00112055j 0.00532096+0.004651j 0.00343498-0.00444119j 0.00180455-0.00289512j -0.000280244-0.00211511j -0.000134863-0.00316388j 0.0019499-0.00301502j 0.00288549-0.00282081j 0.000946993-0.00034723j 0.00591895-0.00208344j -0.000882263+0.00183871j 0.00101609-0.00300096j -0.00104698-0.00109327j -0.00236672-0.00222549j -0.00310794-0.000506977j -0.00166495-0.00480225j 0.00202674+0.000223005j 0.00141055-0.00313788j 0.00234302-0.00122637j -0.00169591+0.000169497j -0.000612838+0.00364022j -0.00157884+0.00165886j -0.00542886+0.00089581j 0.00518559-0.00147993j -0.00140381+0.00194018j 0.0049543+0.00304241j 0.000473315-0.00212415j 0.00158144+0.00292482j 0.00147345-0.00515729j 0.000281533+0.000136224j 0.00295495-0.00199043j -0.00120434+0.00177175j 0.00123373-0.00147753j 0.00139656-0.000213907j -0.0029102+0.000603273j -0.00104638-0.00106693j -0.00107866-0.00152636j -0.00306897-0.00270278j -0.000455022+0.00258655j -0.00238423+0.000616831j 0.00306527+0.0010979j 0.0011938-0.00109356j 0.00332552-0.00244254j -0.00169887+0.000410102j 0.00156764-0.00499803j 0.00129513+0.00103712j -0.00212837-0.00217522j -0.00104402+0.00543219j 0.000128604+0.00287278j 0.00473154+0.00341302j 0.00100839-0.00562696j -0.00158094-0.0021189j 0.00082905-0.000381722j 0.00206908+3.95511e-06j 0.00304368+0.00399773j 0.00292767-0.00840892j -0.00243101-0.00346354j 0.00242984-0.00273511j -0.00308228-0.00465641j -0.000430353-0.000908418j 0.00145651-0.000954026j 0.00307826-0.000437945j 0.00358421-0.000491249j 0.0049202-0.00294136j -0.000222294-0.00631666j 0.00227969+0.00134034j -0.00630157+0.00186139j 0.00108208-0.00126037j 0.00199216+0.0043163j -0.00194343-0.00191261j -0.00277981-0.000832158j -0.00220848-0.00139748j 0.00337641+0.00415829j 0.000357512+0.00291845j 0.00498188+0.00370044j 0.00417111+4.61301e-05j 0.00188723+0.000558623j 0.00874773+0.00130976j -0.000612093+0.00189759j 0.00318581+0.000545827j 0.00864931-0.00157488j -0.00833303-0.00271435j 0.00350256-0.00140163j -0.000257006+0.00102027j -0.0112205-0.0022011j 0.00483925-0.000239687j -0.00449739+0.00452529j 0.000519644-0.00586402j 0.0036403+0.00122367j 
0.0011776+0.00175919j 0.00208316-4.53427e-05j -0.00123472-0.00541729j -0.000829065+0.0025126j 0.00132777-0.00312918j -0.000270823+0.000170445j -0.000534684-0.00305027j -0.00215251-0.000654437j 0.000139088-0.000185288j -0.000365063+8.3382e-05j -0.00335152+0.00156012j 0.00210721-0.00266843j -0.00457399+0.0048545j 0.00487605-0.00220366j -0.00316292-0.00480054j -0.00254437-0.0058608j 2.18323e-05-0.00598421j -0.00489532-0.00239425j -0.00365723-0.00560426j 0.0157093-0.000483435j 0.000401014-0.00217554j 0.00435458-0.00389007j -0.00326232-0.000523248j -0.00717712-0.0032335j 0.00908078-0.00384796j 0.00133603-0.00387497j -0.00741422-0.000672035j 0.00102019-0.00127895j -0.00112334+0.000997045j 0.00245859+0.00113562j -0.00188892-0.00474337j -0.00445288+0.00160094j -0.00100548-0.0022399j -0.00262568-0.000550981j 0.00100123-0.000490599j -0.00312563+0.000106688j 1.7383e-05-0.00146821j -0.000290616+0.00375817j 0.000552331+0.000266068j 0.00698852+0.00095558j -0.00032583+0.00272259j 0.00180006-0.000152535j 0.000584671-0.000541582j 0.000726229+0.00450932j -0.00388397+0.00285028j 0.00192444+0.00150051j -0.00341382+0.00036362j -0.00304901-0.00150966j 0.00207567-0.00411694j -0.000434171-0.00434283j -0.000516193+0.00599439j -0.000278969-0.0043798j -7.32559e-05+0.00147384j -0.000465135+0.00151998j -0.000906397-0.00353605j -0.00240277+0.000657417j 0.00049067+0.00382975j 0.00113588+0.0019567j 0.00315682-0.0046814j -0.00141811+0.00747775j -0.000450599+0.0023921j -0.0019915+0.00505735j -0.00116636-0.002875j -0.00191084-0.00163461j -1.5456e-05-0.000754128j -0.00199887-0.000927007j 0.0005773-0.00208887j -0.00232801-0.00103583j -0.00136178-0.000690642j 0.0030377+0.00314253j -0.00220274+0.000336478j -7.81589e-05+0.0011244j -0.000126138-0.0017182j 0.00695176+0.00110851j 0.000369549-0.000769413j -2.27221e-05+0.00293537j 0.000416686+0.000347899j 0.00394645+0.0034572j 0.00121787+0.000630991j 0.00180002-0.000460138j -0.000492356+0.000478506j -0.000580197+0.00243749j -0.00185604+0.00103872j -0.00468993+0.000491889j 0.000134199+0.00353233j -0.00200539+0.00453619j -0.00106102-0.000548134j 0.0037834-0.000523778j 0.00193415-0.000538466j 0.00207438+0.00133317j 0.000914712+0.00127788j 0.00064241+0.000711365j 
0.00702609+0.00120914j 0.00108055-0.00411366j 0.00195375-0.0058135j 0.000767555-0.0016511j -0.0033112-0.0030826j 0.00861791-0.000235187j -0.00152237-0.0026774j -0.00299716-0.0066219j 0.00561787-0.0014475j 0.00357376+0.000443281j -0.00482577-0.00519207j 0.00965839-0.00294744j -0.00627363-0.00183883j -0.000833786-0.00650438j -0.00988479+0.000504935j -0.00553541-0.00582956j 0.00445979-0.00109112j 0.00173985-0.00230086j 0.00314593+0.00176021j 0.0119969+6.36916e-05j 0.0013707-0.00214047j -0.00447043+0.00284612j 0.00351941-1.46811e-05j 0.00124633+0.00263352j 0.0122738-0.000997741j -0.00925492+0.000340154j -0.000697937-0.00131872j 0.00321587+0.00494337j -0.00489458-0.00319717j 0.00472122+0.000775938j -0.00535969-0.00705165j -0.00115313+0.00286692j 0.000356918-0.00416925j 0.00145741+0.000137495j 0.00540218+0.00788237j -0.00335586+0.00795182j 0.000503616+0.000455399j -0.00108037+0.00188059j 0.00173422+0.00578861j 0.00839933-0.00385215j -0.000127025+0.00045922j 0.00624352-0.00367487j 0.00806197-0.000506504j -0.00444784+0.00279781j -0.00845496+0.00294215j 0.000885004-0.00643065j -0.00804938+0.00327404j -0.000454433+0.000159064j 0.000191038-8.65441e-05j 0.000250312-0.00760902j 0.00391504+0.000432236j 0.0027633+0.00403106j -0.00485809-0.0101934j 0.00211547+0.00523162j 0.000472868+4.55362e-05j 0.00777496+0.0059405j -0.00480283-0.00235714j 0.00247619+0.00189155j 0.00752727-0.00405508j -0.000664237+0.00414789j 0.00133786+0.00393509j 0.00595233+0.00691488j -0.00197363+0.00701554j -0.00505584-0.00141963j -0.00555168-0.00523749j -0.000218073-0.00203006j 0.00602558+0.00234293j -0.00580595-0.0079421j -0.0048181-0.0033306j 0.00649798+0.0115j -0.000888134+0.000661998j -0.00298847+0.00227022j 0.00062699-0.000498562j 0.00148523+0.0036376j -0.00188171-0.0023235j 0.00129635-0.00153114j 0.000110982+0.00121751j -0.00029336+0.00334396j -0.000145456-0.00111156j 0.0045631-0.00238901j 0.0017556+0.00187433j 0.00202283-0.00561052j 0.00231237+0.000789574j 0.00427803-0.00117745j -0.0028817+0.00400697j 0.000348028-0.000187983j 0.00488881+0.00214782j -0.00525882-7.96447e-05j -0.000735006-0.00410558j -0.000262301+0.00468077j 0.00543003+0.000349075j 0.00924641+0.00398558j 
-0.000544308-0.000764553j 0.000254451+0.000622816j 0.000870306+0.000794444j -0.000576062-0.000663596j 0.000438594+0.0030858j -0.00240898+0.000261873j 0.00471681-0.00422114j -0.00130307+0.00395902j -0.00286467-0.000120864j 0.000837637+0.000581611j 0.00123294-0.00444953j -0.00158006+0.00466771j -0.00526491-0.00140498j -0.00268388-0.00299877j 0.0028627+0.005676j -0.00548573-0.0018473j 0.00245547-0.00350478j 0.00505242+0.000505802j -0.00145564-0.00159843j 0.000893717+0.000969793j 0.00397352+0.00148808j 0.000446149-0.00703364j 0.000478222+0.001696j -0.00267453-0.00207518j 0.00339834-0.000418398j 0.0013876-0.000522848j 0.00268565-0.00165233j -0.00101926-0.00143661j -0.00498294-0.00209613j 0.000314326-0.000489779j 0.00400623+0.00262387j 0.00277581-0.000261392j -0.00352916+0.000759817j -0.00236582+0.00119867j -0.000378218+0.00321813j -0.00398861-0.00662469j 0.000904327+0.00107311j -0.00172695-0.00437427j 0.00463914-0.00213826j -0.00127966-0.00418179j -0.00294893-0.00117039j -0.00264928+0.000121638j 0.00189555+0.00125778j 0.000737035-0.00255951j 0.0019332-0.00237738j -0.00157886+0.00403597j 0.00203983-0.00437284j 0.000518164-0.0022897j -0.00260397+0.000651883j 0.00128471+0.000652657j 0.00188925+1.64211e-05j -0.00267962-0.00254402j 0.000150164+0.00413868j 0.00347495-0.00253775j -0.00639776-0.000802029j 0.00396112-0.00290673j -0.00413456+0.00127011j 0.00089552-0.000884788j -0.00193373+0.00025135j 0.00144276+0.00148435j -0.00167818-0.000205798j -0.000125398-0.000881225j 0.00282072+0.00053747j -0.000299558-0.00193977j -0.000255638+0.000114367j -0.000985419-0.000408747j -0.00255285-0.00240885j 0.000258872-0.00350153j 0.000917615+0.00235164j 0.000709616-0.00232873j 0.000493154-0.00126881j 0.00135009-0.00604653j -0.000469087+0.0059373j -0.00327933+0.00597053j 0.00248474-0.00416505j 0.00137261-0.00333793j -0.00117611+0.0069952j 0.00107906+0.0027011j 0.00012299+0.00328814j -0.0027434+0.00178582j 0.000108975+0.00373189j -0.000912684+0.00145297j -0.00293822-0.00107517j -0.00201277-0.00163419j 0.00562018+0.00322055j -0.00209112+0.00127166j -0.00288859-0.000237405j 0.00447474-0.0038352j -0.000636425+0.00250384j 0.000136003-8.88113e-05j 0.000230041+0.000615476j -0.00159612-0.00218918j 
0.000272319-0.00103149j -0.00168618-0.000441523j 0.000840326-0.000652533j 0.00262059-0.00276808j -0.000788257-0.00468865j 0.000526141+0.0037408j 0.00404364-0.00278528j 0.000459334+6.98783e-05j -0.00510701-0.000908687j 0.0023989+0.00654825j 0.00359591-0.00486787j -0.000193414+0.00224411j -0.00259081-0.00145139j 0.00496613-0.00436123j 0.00451724-0.00043867j 0.0067351-0.00206785j -0.0073335+0.00461198j -0.00843359+0.00139908j -0.0036605+0.00261264j 0.00587023+0.00868109j -0.00747999+0.00143013j 0.00335305-0.00220068j -0.00420751+0.00111961j -0.00362813+0.000557199j -0.00399712+0.00228705j 0.000147248+0.00611716j 0.00235723+0.00199078j 0.00540007-0.00165382j 0.00132855-0.00173251j -0.00179213+0.000131324j 0.0010909+0.00399323j -0.0010002-0.00139453j -0.00094933+0.00294112j 0.00198244+0.000691855j 0.000549203+0.00132411j 0.000835723-0.00383981j -0.000461462+0.000204042j 0.00163647-0.00632748j 0.00161885+0.00637836j -0.00440291-0.00216876j 8.7703e-05-0.00191386j -0.000535934+0.00451998j -0.000967209-0.00366587j -0.000399433+0.000805248j 0.00510625+0.00111086j -0.000326888+0.00228332j 0.00341679-0.00579112j 0.00366076+0.00465301j -0.00371013-0.000416767j -0.00360709+0.00123564j 0.000849753-0.00872118j 0.00430253-0.000763925j -0.000553079-0.00139854j 0.00165038+0.000568447j 0.00190536-0.00746873j -0.00121169+0.000449426j -0.00365231-0.00222095j -0.00127674-0.00337263j 0.00262426-0.00137649j -0.000726975-0.000569153j 0.00163149-0.00380164j 0.00447591-0.00441883j 0.00491888+0.00759169j 0.00100919-0.00292568j -6.02717e-05+0.00183166j -0.000356303+0.00101344j -0.00138676+0.000327598j -0.00161218-0.00216069j -0.0012078+0.0017024j 0.00108137-0.00157511j -0.00407854+0.00274934j 0.00199282-0.00272561j -0.000974119+0.00243958j 0.00656326-0.00336647j 0.000539738+0.000301633j 0.00132475-0.000390381j 0.000935302+0.000794724j 0.000554791-0.000253899j -0.000731133+0.0023034j -0.00215499+0.000153568j 0.00483205+0.000209698j -0.00123192+0.000469398j -0.00166071-0.000765315j -0.000296767-0.00118223j 0.00109415+0.00216542j -0.00293274+0.000250524j -0.0010413+0.000166636j -0.0021384-0.00448297j 0.00101946+0.000469901j -0.000275718+0.00122296j 0.00112006+9.76702e-05j 0.000265965-0.00200518j 
0.000642385-0.00242631j -0.00439886-0.00171351j 0.00271335-0.00212358j 0.00268884-0.00176049j 0.00926575+0.00201188j -0.0039745-0.000894524j 0.00107829+0.000942606j 0.00425117+0.000934369j 0.00246922-0.000822706j -0.00211012-0.00694164j 0.00189475+0.007455j 0.00144921-0.00674914j 0.00621345+0.00387837j 0.00613141+0.00537679j -0.0087609+0.00424175j -0.00661455-0.00276693j -0.0027079+0.00129679j -0.00078273+0.00273526j -0.00906543-0.0121791j 0.00654516-0.00711348j 0.00274204-0.00513627j 0.00308397+0.00603446j 0.000648712-0.00153772j -0.000481918+0.000265712j 0.00251936-0.000341025j 0.00208648-0.00491251j 0.00571227+8.8201e-05j -0.00161754+0.00227828j 0.00516047-0.00086477j 0.00292212-0.00269562j 0.00149409+0.00616206j 4.2237e-05-0.00494889j 0.00332778-0.000546392j 0.00211803-0.0048526j -0.00217444+0.00288886j 0.000537895+0.000613814j -0.00243845+0.00647842j -0.000149636-0.00262017j 0.00142803-0.000556472j -0.00155408+0.00668108j -0.00536265+0.00318757j -0.00226253+0.000866847j -0.00188309+0.00122232j -0.000478901+0.00106514j 0.00107643+0.00106053j 0.002603-0.000423351j 0.00073731+0.0040765j -0.00376451-0.00392374j -0.00565295-0.00137608j 0.0011533-0.0052472j 0.00146161+0.0148958j -0.00197803+0.00441808j -0.000319169-0.00175671j 0.00310182+0.00177593j 0.00204182+0.00940878j 0.000275405+3.46314e-05j 0.0051057+0.000519094j 0.000559255+0.00508528j -0.000170413-0.00510836j -0.00365998+0.00111282j -0.00243861+0.00529757j -0.00399293+0.00647437j -0.00731731-0.00707067j -0.000930911+0.00232055j 0.00349143-0.00276812j 0.000967223-0.000730791j -0.00021999+0.00307305j 4.81835e-05-0.00155077j 0.00113822+0.00324158j -0.005848+0.000115271j -0.00138892-0.00541159j 0.00463814+0.00523929j -0.00119126-0.00885753j 0.00299235+0.0080435j 0.000275556+0.00108172j -0.00233903+0.00455825j 0.00109684+0.00301709j -0.00470109+0.000121885j -0.00338152-0.00511828j 0.00267891+0.00139566j 0.00119582+0.000933576j 0.00190685+0.000335005j -0.000631876+0.0012992j 0.000571176+0.000738689j 7.02469e-05-0.00187674j 6.07251e-05-0.00176306j -0.00118003+0.0021523j -0.000327067+0.00250514j 0.00108738-0.00117122j -0.00316539+0.00280598j -0.00662002-0.00271542j 0.00390521+0.000505047j 
-0.00126596+0.000944633j 0.000121023+0.00183096j 0.000400979+0.00285406j -0.00428414+0.000444067j -0.00513999-0.000646909j 0.000106845-0.000714328j -0.000204549+0.00179442j -0.00478866-0.00275713j -0.000943921-0.000317856j 0.00295958+0.00243696j 0.00133001+0.000114855j -0.00353512+0.00360326j -0.00255257-0.00287094j -0.00232266-0.00155608j 0.00364047-0.000777796j 0.000206894+0.00204142j -0.000649757-0.00170374j 0.000882923-0.00165253j 0.00309611+0.00389616j 0.000366919+0.00512492j -0.000138118+0.00276265j -0.001169-0.00276164j 0.00324418+0.00305299j 0.00378867+0.000517972j -0.00248418+0.000297607j -0.000338774-0.0018716j -0.00423957+0.00234001j 0.000212365+0.000277402j -0.00201667-0.000193059j -0.00118005+0.00133725j -0.000173849-9.19399e-05j -0.0010678+0.0023264j -0.000194804+0.00100493j 0.000191892+0.00214647j -0.000647647-0.000604506j 0.00083899-0.00231239j 0.000990778-0.00199184j 0.000367508-0.0007752j 0.00266387+0.0012658j -0.000507319-0.00311843j 0.00274684-0.00117148j 0.0021354-0.000910023j -0.000524377+5.62399e-05j -0.000981717-0.00121181j -0.00027549-0.000339948j 0.00205396+0.000848539j -0.00148959-0.00241525j 0.00301756+0.00119693j 0.00264064+0.000362922j -0.000182581+0.00130424j 0.000107301-0.00628977j 0.00316072-0.00184331j -0.000277158+0.00171159j -3.60853e-05-0.00167144j 1.354e-05-0.00174026j 0.00102349-0.000242681j -0.003061-0.00284763j -0.00303817-0.00353782j -0.000333765+0.00103329j 0.00116789-0.00245521j 0.000810909-0.00287182j 0.000140774-0.00117035j 0.000604845+0.00332032j 0.00237835-0.00323651j -0.00165848+0.000948368j 0.00201895-0.00024987j 0.00417706-0.00210573j -0.0034667+0.00255511j -0.00126603-0.000608077j 0.0026459-0.00109744j -0.000434244+0.00137286j -0.00480257-0.00298325j -0.000496544+0.0043155j -0.0010671-0.000173686j -0.00183743+0.00010287j 0.00294141-0.00149879j -0.00244986-0.000838692j -0.00165362+0.000627139j 0.0026428+0.00344698j -0.00107377-0.00102861j -0.0020772+0.000304064j 0.000653345-0.00241007j 0.00300191-0.000211663j 0.00253759+0.000595631j -0.00346859-0.00308223j 0.00516737+0.000636838j 0.00238822-0.00129648j -0.00519222+0.00375711j -0.00322436+0.000104376j -0.00200545-0.00186277j 0.00203898+0.00151508j -0.000947649+2.86991e-05j 
-0.000684347-0.0011506j -0.000656023+0.000371815j 0.00374551+0.0021972j 0.000603063-0.00040862j -0.00133354+0.00592749j 0.00250847-0.000157606j 0.000170664-1.70296e-05j 0.000922282+0.00276416j 0.00223943-0.000672226j 0.00137173-0.00255748j 0.000610909-0.00116157j 0.00219456-0.000155561j -0.00255265-0.00554916j -0.0108581+0.00251744j 0.000638092+0.00831192j -0.00299808+0.00749976j 0.00941059-0.00107698j 0.0143516-0.000618185j 0.00762009+0.00433647j -0.0151823+0.00262345j 0.00893073+0.00219065j -0.00640718+0.0029908j 0.00648642-3.46148e-05j 0.0100083+0.00200934j 0.00374406+0.00217651j -0.000974117+0.00408185j 0.00777425-0.00353213j -0.0022444+0.00584776j -0.00501967-0.000876971j -0.000364712-0.00202665j -0.000253867+0.00281042j 0.005204-0.00176333j -6.16253e-05+0.00122624j 0.00189292+0.00160695j -0.000249328+0.00314009j 0.000320616+6.14528e-05j -0.000860811+0.00117397j -0.00362793-0.00124807j 0.00076119-0.00145164j -0.000700507-0.00521396j 0.00178737+0.000192839j -0.00129714-0.00298801j 0.00350822+0.00271224j 0.000292051-0.0065229j -0.00136566-0.00441576j -0.0022438-0.00290216j -0.000676079-0.000333235j 0.00460045-0.00201317j 0.000531384+0.00358122j 0.00460666+0.00151611j 0.00440328-0.00540161j -0.00225027+0.00696234j -0.00482909-0.00489626j 0.00351252-0.00125539j -0.00306231+0.00967721j 0.00672438-0.00144866j -0.00350303-0.00313206j 0.000234604-0.000487483j -0.00466478+0.00587792j 0.00196547-0.0061813j 0.000522703+0.00238279j 0.00366408-0.000144533j -0.00111802+0.00350797j 0.00109264+0.000727061j -0.000713571+0.000459804j 0.00105224-0.00105374j 0.00266723+0.000783394j 0.00117422-0.00541492j -0.00055859+0.00108067j 0.00169538+0.00157168j 0.00565977-0.00368552j -0.0015781-0.000264168j -0.00136419+0.0030461j -0.0114027+0.00843072j -0.00117555-0.00233668j -0.00160821-0.00378044j 0.00261613+0.00512628j -0.00510151+0.00213679j -0.000809552-0.000912896j 0.00224319+0.00137259j -0.000965068+0.00288298j 0.00263153-0.00158663j 0.00103422-0.00102542j 0.00161036-0.00442108j 0.000485484+0.00134154j -0.00103775-0.00311462j 0.00114519-0.000422312j -0.00179042-0.00073943j -0.00203573+0.00093762j -0.00368695-0.000246747j -0.000342426+0.00081495j 0.00138446+0.00088374j 
-0.00103567+0.00120095j 0.00132938-0.00104029j -0.00310352-0.00242974j 0.00502312+0.00167671j -0.00708939-0.00225048j 0.00458448+0.00404743j -0.00504387-0.00514336j 0.000283554+0.00115926j -0.000345031-0.00502699j 0.00374212+0.00203527j 0.00811201-0.00331165j 0.000541195-0.00830642j -0.00513508+0.00626401j 3.02323e-05+0.00418573j -0.00193515-0.0115869j 0.00456068-0.00146197j 0.000826592-0.0045013j -0.00742802-0.00108356j -0.0109246-0.00433643j 0.0138685-0.00104225j -0.000798018-0.00309838j 0.00872488-0.00402571j -0.00257123+0.00660496j -0.00375051+0.00336961j 0.00507213-0.00229828j 0.00162821+0.000673421j 0.00117617+0.00315068j 0.000421728+0.0026331j 0.000196429+0.00719575j -0.00163486+0.00014873j -0.00320823+0.00406001j -0.00197152+0.00529499j 0.00089324+0.00454826j 0.000837661+0.00597081j -0.00317772-0.00659622j 0.00249024-0.00340191j 0.000594988+0.00270849j 0.000599816+0.00865895j -0.000543591+0.000275584j 0.00454283-0.0131935j 0.00608824+0.00313936j 0.00212984+0.00215925j -0.000671953-0.000214342j 0.00760347+0.00448862j 0.00636797+0.000963284j 0.00278226+0.000979805j 0.000522365-0.0102793j 0.000892317+0.00585133j 0.00297839-0.00533547j -0.0021057-0.00455399j 0.00420415-0.00188733j 0.00116844-0.00412532j -0.00344924+0.00515223j -0.00244572-0.0030194j -0.00485132-0.00148827j -0.00221503-0.00244015j 0.00296683+0.00125002j 0.00187703-0.00150654j 0.000247959-0.00418773j 0.00261986+0.00427624j -0.00180977-0.00122368j 0.0025884-0.00169524j -0.000673696-0.000647091j 0.00162255-0.0024523j 0.00164197+0.00136164j 0.00174634+0.00190905j -0.000817433-0.00197832j 0.000241441-0.00254553j 0.000975974+0.00128888j 0.000920139-0.000148909j -0.00197045+9.00319e-05j 0.00273235+0.00168666j -0.00466871+0.00670781j 0.00774389+0.000965594j 0.0013782-0.0034456j -0.00112225-0.00189233j 0.000368463+0.00233715j 0.00144835+0.00279753j -0.00249727+0.00141041j 0.00391857+0.00258906j -0.000193511-0.00176204j 0.00214089+0.00273344j 0.000404218-1.01678e-05j 0.000654208-0.00172284j -0.00309033+0.001896j 0.00286751+0.00257951j 0.000814089-0.00143061j -0.000979829-0.00112677j 0.00271494+9.04192e-07j -0.00114235+0.0019385j 0.000371655-0.000993852j 0.000893644+0.00131256j 
0.000298551+0.000752651j -0.00106245-0.000908645j -0.00412313+0.00425117j 0.0017362-0.00175028j -0.00689217-0.00196911j 0.000735809-0.00545671j 0.00633464+0.00574437j -0.00361485+0.00205527j 0.00480786+0.00336234j 0.00832976-0.00261891j -0.00744202+0.0063108j 0.00533971-0.00279977j 0.00540112+0.000601808j -0.00727102-6.25185e-05j 0.00525786+0.00120594j -0.00580583+0.00377577j -2.74701e-06-0.00773476j 0.00671696-0.000872287j 0.00665953+0.00599758j -0.00458384-0.00538666j 0.000126621-0.00405979j -0.00721596-0.000638961j -0.000555783-0.00189656j -0.00257187-0.000687049j -0.000777201-0.00062806j -0.00322636+0.000636211j 0.00210213-0.0040912j 0.00259842+0.00209024j 5.47782e-05+0.00144441j 0.000727344-0.00166714j -0.00431887-0.00315696j -0.00259191+0.00476142j -0.00201241-0.0034443j 0.00113678+0.000650282j -0.000144271-0.00133785j 0.00355849+0.00255674j 0.000456833+0.00432563j -0.00240529+0.00654981j -0.00220067-0.00222277j 0.00504609-0.00673481j 0.00752084-0.00526911j 7.41458e-05+0.00241071j -0.000321887+0.00238675j 0.000496037+0.00294987j -0.00419508-0.00119844j 0.00114098+0.00818807j -0.00277913-0.00184213j -0.00406207+0.00507526j 0.00526468+0.00119068j 0.00187151-0.000385632j -0.00278859+0.0018492j 0.00018386-0.00386992j -0.0024543+0.00801676j -0.00122203-0.0026197j -0.00440866-0.000333012j -0.00141318-0.00226553j 0.00372317+0.00312839j 0.00305373+0.0013438j 0.00860894-0.000585243j -0.00341867+0.0013704j -0.00158641-0.0022591j 0.00240544-0.00142174j 0.000269938-0.00258252j 0.000448962+0.00496123j 0.00129695-0.000862366j 0.000829562-9.10182e-05j -0.00300374+0.00368472j 0.00165184+0.00233534j -0.000277054-0.000279546j 0.000348524+0.00203423j 0.00480176+0.00502016j -0.00146712+0.00297421j 0.00727686-0.00585756j -0.00495658-0.00900714j 0.00180033-0.00014594j -0.00486637+0.00312588j -0.00167381-0.00580883j 0.00102247-0.000834247j 0.00214991+0.00224852j 0.000324474-0.00498481j 0.00107129-0.000929849j 0.00203589-0.000217103j -0.000361961+8.6637e-05j -0.00286339+0.00111029j 0.0024499-0.00320337j 0.00216008-0.00046794j 0.000240336+0.00200083j 0.00311068+0.00260694j 0.000242693+0.000444893j 0.000798487+0.000830855j -0.000510078-0.000327313j 0.000754681-0.00101752j 
-0.000309052+0.00120441j 0.00337168-0.000225599j -0.00247847-0.000985653j -0.000353172+0.00337468j -0.00650706+0.00762085j 0.00102094-0.00121239j -0.00439324-0.00338982j -0.00306624-0.00138744j 0.00292702-0.00113488j -0.00120553-0.0020847j -0.000616926-0.00110191j -0.00306102-0.00112214j -0.00299014+0.00163112j -0.00574573+0.00683374j -0.000441302-0.00290524j -0.00305349+0.0038464j 0.00578183-0.0087011j 0.00564199-0.00567171j 0.00433646-0.00280602j -0.00597021-0.00548188j 0.00749026-0.00322166j 0.000262786-0.00289191j 0.00328752-0.00113703j 0.00222856+0.00104022j 0.00399272-0.00455247j -0.00225268-0.00462889j -0.00577862-0.00013419j -0.00513645+0.000903833j -0.00473436+0.00523211j 0.00145158+0.000337569j -0.00290439-0.00634376j 0.00355507+0.00233529j -0.00125316-0.00149781j -0.00320975+0.00452532j -0.000716166-0.00523499j -0.00330508+0.000654685j 0.00331215-0.00257267j 0.00225936+0.0116977j -0.0027517-0.00830154j 0.00331273-0.00796516j 0.00123344+0.00124152j 0.00278561-0.0070324j 0.00330797+0.00224624j -8.83734e-05+4.00977e-05j -0.00404527+0.000162956j -0.00146315-0.00100433j -0.00336138-0.00120147j -0.00322554-0.00229068j 0.00633534-0.00429537j 0.003313-0.00107366j 0.000292083+0.00245035j -0.00567998-0.00214722j 0.00229359+0.00586005j -0.00505383-0.00186769j -0.00602975+0.00321117j 0.0012275-0.00295519j 0.00211028+0.00315875j 0.00236367+0.000424804j -0.00390222+0.00132618j 0.00454369+0.00318194j -0.00192861+0.000107648j -0.00226681+0.000382409j -0.00225123-0.00303446j -0.00212337-0.00201403j 0.000409767+0.000173823j -0.00117603+0.000383578j 1.73354e-05-0.00697983j 0.00151566+0.000915537j 0.00162242-0.00292494j -0.000459534-0.000558855j 0.0033779-0.00313818j -0.0036352-0.00206109j 0.000249678+0.00538253j -0.0071386+0.00273101j -0.001834-0.000674246j -0.000444448-0.00236487j -0.00140736+0.00244099j 0.00266455+0.000166788j 0.000639013+0.000457216j 0.00156668+0.00427749j -0.00257478+0.00149571j -0.00180505+0.000122667j 0.00142992+0.000325254j 0.000864367-0.00129216j -0.00196541+0.000270711j 0.00165307+0.00229291j -0.000292063-0.0020441j 0.00132113-0.000994041j 0.00119086+0.000410075j 0.00129511-0.000641816j 0.00122365-0.000392116j -0.00195875+0.000992774j 
1.43031e-05-0.00257051j -0.00464063+0.00154332j 0.00597649-0.00471663j 0.00132965-0.0039126j -0.00713794+0.00158099j -0.009843-0.000205064j 0.00286863-0.00646492j -0.00279232-0.00968639j 6.13545e-06+0.00350154j 0.00232265+0.00355132j -0.000520994+0.00439204j 0.00100231+0.000983122j 0.00504012+0.00126197j 0.000828665+0.0063026j -0.000302877+0.00664093j -0.00274812+0.00255511j -0.00226106+0.00367527j -0.00186805-0.00011183j 0.00215811+0.000545655j 0.00261717-0.00410815j -0.00247872-0.00542998j -0.000406201-0.000201123j 0.000861892-0.00457052j 0.00130222-0.00102626j -0.00296496-0.000566747j -0.00186428-0.00377802j -0.00285491+0.0101668j -0.00116207-0.00199563j -0.00236821-0.000387724j 0.00173956-0.00134482j -0.00187015-0.000146407j -0.000914793-0.00576546j 0.00207248-0.00213986j -0.00178711-0.00153824j 0.00280818-0.00112561j 0.000942697-0.00537253j 0.00235265-0.00272604j 0.00131345+0.000524911j 0.0031964-0.00438909j -0.00209378-0.000871769j 0.00148823+0.000798892j 0.00318325-0.00243238j -0.00434964-0.00108607j -0.00332793+0.00349878j -0.000451423+0.00175453j 0.00133558+0.000265419j 0.00361335-0.00123058j -0.00206821-0.00364803j 0.00137297-0.00305846j 0.0033911+0.00209933j -0.0029815+0.00371959j -0.00132536+0.0031619j 0.00118614+0.000435104j -0.00297989-0.000358839j 0.0028405-0.00304272j -0.000770666+0.000434348j -0.000204057+0.00156021j -0.00386891-0.00221854j -0.00201208-0.00152357j 0.00395475+0.00119119j -0.00143499-0.00378418j -0.00158002-0.00215708j -0.00243162+0.00012645j -0.00183585-0.00208112j 0.00304366-0.00142708j 0.00217701-0.00121944j -0.00165567-0.00297746j -0.00467974+0.00652289j 0.00256031-0.00503257j -0.00257304-0.0043651j -0.00441184-0.0016475j -0.00212519-0.00542496j 0.00294944-0.003959j -0.00260297-0.00269085j -0.00661465+0.00404502j 0.00185642+0.00168738j -0.00399875-0.00103247j -0.00566508-0.00389312j -0.00493047-0.00178788j -8.28647e-05+0.00693173j 0.00233653-0.000162582j -0.00127048-0.003325j 0.00138905+0.000458906j 0.00169834+0.00343285j -0.00137521-0.00278901j -0.000794267-0.00210094j 0.00059338-0.00328885j -0.00253897-0.00100915j 0.00277358-0.00106698j -0.000687063+0.00470798j -0.00504688-0.00130547j 0.000240163-0.00249265j 
-0.000444602+0.000873878j 0.000547438-0.000805311j 0.00354601+0.00182805j 0.000342927-0.00302272j 0.012016+0.000568053j -0.00742426-0.00415694j -0.0041105+0.00100601j 0.00634294+0.00424742j 0.000645972+0.00322646j -0.00810712-0.00325695j 0.00248812-0.00332581j 0.00609576+0.00305177j -0.000608399+0.00834527j -0.0135478-0.00303153j 0.0022856+0.00594451j -0.000655743-0.0091877j 0.00864172+0.00317069j -0.00240659+0.00458355j -0.00376447+0.00294243j 0.00167161-0.00149345j 0.00239955+0.00131888j 0.0037186-0.000902695j -9.32442e-05+0.000379536j -0.00204811-0.00151292j -0.000617935+0.000743481j 0.00240846-0.0051917j 0.00210377-0.00212364j -0.00295533-0.000397984j -0.0042723+0.000351025j -0.00094953+0.000612049j 0.00252201-0.00282878j -0.000692522+0.00195113j -0.00109305+0.000575318j -0.00157415-0.00155287j 0.00508967-0.00281849j 0.00533008-0.000267903j -0.00477161+0.00594167j -0.00974831-0.00760371j 0.00320225-0.00567032j -0.00395029+0.0044634j -0.00657482-0.00473723j -0.00363526-0.000582201j -0.0017017-0.00181473j 0.00118304+0.00171829j 0.00551669-0.00280164j -0.00529358+0.00748128j 0.00560513+0.00898754j -0.000424603-0.00784237j -0.00384465+0.0105514j 0.000905643+0.0110258j 3.11616e-05+0.000750063j 0.000209345-0.00122148j -0.000242953+0.00336151j 0.00351034+0.00236733j 0.00154887-0.00206745j 0.00174553-0.000759685j 0.000616869+0.00581786j 0.00112539-0.00135769j 0.0015651+0.00117261j 0.00221884-0.00201345j 0.00242125-0.00139262j -0.00350457-0.00391562j 0.00134644-0.00195162j 0.000998973+0.000780794j 0.000252796+0.0023778j 0.000305654-0.000314078j -0.00204283-0.00104319j 0.00142931-0.00069487j 0.000567788-0.00147282j -0.000883407+0.000695847j 0.000194808+0.00286247j 0.00601739-0.000946354j -0.0065789+0.00566386j 0.00669718-0.000890881j 0.00379853-0.00143655j -0.000633312-0.00180251j -0.00161133+0.00105307j 9.07572e-05-0.000168817j -0.00318737+0.00198696j -0.000358831-0.00269379j -1.38912e-05+0.00164601j 0.00284457+0.00246387j 0.00172673+0.000212692j 0.000849501+0.00128182j -0.00143942-0.000414319j 0.00297689-0.00125631j 0.00100576-0.00091939j 0.00162229+0.00117782j 0.000758144-0.000458369j -0.000386396+0.000457381j -0.000939046+8.59917e-05j -0.000509471-0.000262285j 
-0.00131496+0.00147083j 0.00186067+0.00319185j -0.0046068+0.00379837j 0.00372772+0.000298434j -0.00399782-0.00384082j -0.000794882+0.00287797j -0.00158119+0.00536763j 0.00391827+0.00609882j -0.000322892-0.00119953j 0.000589945-0.00223256j 0.00151032-0.00105884j 0.00393342+0.00153399j 0.00110748-0.00141917j 0.00488475+0.00415794j -2.27746e-05-0.00464014j 0.00494595+0.00492491j -0.000604096+0.00140909j 0.0052732-0.00119013j 0.00346115-0.00103054j -0.00467852+1.88894e-05j -0.00466612+0.0015426j -0.00439631+0.00258798j 0.000444379+0.0043435j -0.000980446-0.00146184j 0.00097082-0.0011962j 0.004567+0.00814468j 0.00465542+0.00126088j 0.00309878-0.000894225j 0.00107239+0.0007314j -0.00264002+0.00224035j -0.000785797+0.00256555j -0.0030352+0.00473355j -0.00288877-0.00291246j 0.000188414-0.000324282j 0.00110678-0.00345025j 0.000591161-0.00127288j -0.000329151+0.000807995j 0.00321798+0.00349947j -0.00674934+0.00157053j 0.000630791+0.000487976j 0.0028137-0.000168229j -0.00280122+0.00175449j 0.00128634+0.00108759j 0.000525162+0.00176506j -0.00130717+0.000404691j -0.000909635-0.00364553j -0.000725393-0.00143226j 0.000498965+0.00794085j 0.00175307-0.00236682j -7.4617e-05-0.003865j -0.000985204-0.000651535j 0.000760329-0.00202255j 0.00208649-0.00260436j 0.00156083+0.000584818j -0.00141649+0.00289215j -0.0028568-0.00201113j -0.00286761-0.000268707j -0.00173995-0.00201879j -0.00457897+0.00639514j 0.00294198-0.00132792j 0.00104901-0.0011755j -0.0011785-0.00359699j 0.000578754-0.0015789j -0.000549909+0.00541271j -0.00258571-0.00113464j -0.00157806+0.00229471j -0.00423409+0.00671751j 0.00534254+0.0007013j -0.000283771-0.00228043j 0.000719259-0.000344523j 0.00270976+0.001781j 0.0015361-0.000642668j 0.00385846+0.000684196j -0.00146925+0.00225275j 0.00359362+0.000549812j -0.00246915-0.0028584j -0.0021935-0.00219309j -0.00355927+0.000956724j 0.00268253+0.000451466j -0.000802529-0.00245113j 0.000539343+0.00225095j 0.000770162+0.00487859j 0.000172996-0.00042873j -0.00314289+0.00449614j 0.00128267+0.00129322j 0.00342681-0.00199021j -0.000267152-0.00014277j 0.00607654+0.00154518j 0.000175745-0.000201561j -1.72442e-05-0.000929287j -0.000572327+0.00297265j -0.00283352-0.00205354j 
0.000808745-0.000622652j -0.00144174-0.000993323j 0.00053894+0.000513515j -0.00107418-0.00136754j -0.00242617-0.00570039j -0.000291043+0.000570012j 0.0045668+0.00232777j -0.00494688-0.00114406j 0.00305391+0.00488459j 0.00472598+0.00255267j -0.00474197+0.0109703j 0.0014027-0.00300946j 0.00377484-0.00389563j 0.00782144-0.00220949j 0.000213163+0.00330139j 0.00703093+0.00557854j -0.0069133+0.00359423j -0.00291888+0.00275953j 0.00592691+0.00806208j -0.0110721+0.00294706j -0.000436173-0.00029442j -0.00528891+0.00762142j -0.00714923-0.00579979j 0.0071518+0.00177964j -0.00620214+0.00509218j 0.00121721+0.00566588j -0.00265959-0.00173096j 0.00216717+0.00101873j 0.00579676-0.000627958j 6.47189e-05-0.00244791j -0.00632204-0.00244225j 0.00203797+0.00141191j 0.000867743+0.00183686j 0.00427704+0.000774382j -0.00150983+0.00149741j 0.00433991+0.0033126j -0.00165021+8.15811e-05j 0.00325764-0.000319363j -0.00312197+0.00305711j 0.00191444+0.00222337j 0.00584417+9.37382e-05j 0.000907432-4.79342e-05j -0.00105079-0.00314526j 0.000523628+0.00395539j -0.00412634+0.000999432j 0.000615539-0.00143012j 0.000619071+0.00475493j 0.00126198-0.000151376j -0.000423515+0.00183155j -0.00206868+0.00422296j -0.000773803-0.00379514j 0.00160427+0.00319555j -0.00393642-0.00276083j -0.000749296+0.0044414j 0.00570284-0.00376897j -0.00199333+0.00588226j 0.00533832-0.000902665j -1.66921e-05+0.000504934j 0.00421884-0.00164711j -0.00404203-0.00247933j 0.00172718-0.000463743j 0.00191634+0.00186645j -0.00132339+0.0026861j 0.00426136+0.00230091j 0.00223025+0.000609623j 0.00178871-0.000787586j 0.00358672+0.000210731j -9.02209e-05+0.00364096j -0.00218675+0.0021221j 0.000714369+0.00162178j 0.0027073+0.00345564j -0.00300074+0.00643549j 0.00360858-0.00830422j -0.00563573-0.0118821j -0.00369783+0.00260274j -0.0039953+0.00506178j 0.00433607-0.00747204j -0.00123787-0.00430833j -0.00150395-0.00241361j 0.00269995-0.00318213j 0.000184732-0.00528696j 0.00120325-0.00237325j 0.000508321+0.000637998j -0.00219806-0.000818196j -0.00278567-0.000685327j -0.00345765-0.00194036j 0.00158604+0.00192617j -0.00330486+0.00177536j -0.00109288-0.001894j 0.000751721-0.000715277j -0.000496862-3.89303e-05j 0.00111484+0.00189175j 
-9.65531e-05-0.00052581j -0.000909193+0.000681167j 0.00166044-0.00175041j -6.46181e-05-0.000624708j -0.00829019+0.00975798j 0.00768429+0.00175468j -0.00630596-0.00192786j 0.00518266-0.00280586j -0.00228399-0.0043659j -0.00213585-0.00305049j 0.00235878-0.00416684j -0.000461832-0.00745971j 0.0076408+0.00344168j -0.0158654+0.00630209j -0.00486706-0.00680831j 0.000512479-0.00393252j 0.0107651+0.00191589j -0.0031053+0.0010875j -0.00182801-0.000401435j 0.00216684-0.00226219j -0.00811384-0.00334875j 0.00389354-0.000313049j 0.00396383+0.00323395j -0.00053046-0.000801202j 0.00010885+0.00354626j -0.00409715-0.00378155j 0.00348181+0.00759988j 9.73189e-05+0.00539785j -0.00237789+0.00108212j -0.000388387+0.0013002j 0.000882049+0.0100205j -0.00225704-0.00765911j 0.00689132-0.0017833j -0.000728205-0.00063782j -0.00172267-0.00184139j 0.00662836+0.00441131j -0.000963769-0.00650499j -0.000671267+0.00576939j 0.000267921+0.00377295j -0.00360776-0.00912156j 0.00613871-0.000494056j 0.00430981+0.000870116j -0.00442217+0.00272565j -0.000264359-0.00528089j 0.00779944-0.000572956j 0.00105358-0.00338488j -0.000545059-0.00678046j 0.00498051+0.00471208j 0.0033548-0.00720481j 0.00354584-0.00354603j 0.00104833-0.00422449j 0.002534+0.00553138j -0.00301257-0.00469535j -0.0047019-0.00353155j 0.00323022+0.00580838j -0.000947193-0.00121461j -0.00140529-0.0046568j -0.00323947-0.00124368j -0.00210443+0.00208409j 0.00337462-0.00416078j 0.000360652+0.000226037j 0.00449532-0.00302799j -0.00130289-0.000603175j -0.0015946+0.000306522j -0.000325069-0.000220406j 0.000383543-0.00106795j 0.00146253+0.00597513j -0.000709495+0.000819803j 0.00166475-0.00542001j 0.00175378-0.00245695j -0.00388496-0.00588596j 0.00307947+0.00235082j -0.00504943-0.00619648j 0.00313243+0.0023858j 0.00137777+0.00508845j 0.00444029+0.0016321j -0.00156654-0.00158103j -0.00435148+0.000239401j -0.00458277-0.00311168j 0.00236123+0.00539146j -0.00173292-0.000419358j -0.000846582-0.00225193j -3.42201e-05-0.00061736j 0.000787959-0.00129506j -0.00222611+0.000744754j -0.00153181-0.00293107j 0.00140248-0.00190971j -0.00213116-0.000443844j 0.00109569-0.000120079j -0.00219161+0.00232679j -0.000697583-0.000241698j 0.00189058+0.000744793j 
-0.000304442-0.00202176j -0.00242078+0.000550309j -0.00353481+0.00477296j -0.00157217+0.00384923j 0.00303861+0.0028255j 0.00874003-0.00283829j -0.000769109+0.00907323j 0.00933217-0.00329951j -0.00117044+0.00195207j -0.00971044-0.00561694j -0.00424585-0.000630291j -0.00169141-0.00329972j 0.00311704+0.00119111j -0.0123718-0.00271584j 0.0047294-0.00661949j -0.000149738-0.00713838j 0.00938073+0.00181054j -0.00392594+0.00110724j 0.00339059-0.000566155j -0.00222038-0.000990402j -0.00329389+0.00280127j 0.00439394+0.00224228j 0.00383619-0.000617393j -0.00712165-0.00226658j -0.00108298-0.00275312j -0.00355179-0.00185635j -0.00460859-0.00283509j 0.00306423+0.00108044j 0.0035179+0.00192346j 0.00102489+0.00375652j -0.00370469-0.00581085j -0.000803258-0.00424759j -0.000454006+0.000869043j -0.000403374-0.00490705j 0.000259487-0.000107231j 0.00350756+0.0112211j -0.000768166-0.0026491j -0.00405357+0.00366987j -0.00454576+0.00119792j 0.00474925+0.00721884j -0.00330337-0.00532435j -0.00134105-0.00172337j -0.00329274+0.00355618j -0.00227903-0.0037422j 0.000893733+0.00117195j 0.00192263+5.4867e-05j -0.00564589+0.00681613j -0.00562966+0.00240341j 0.00324496+0.00288861j -0.000106254-0.00225491j -0.00545808-0.000197508j -0.000960263-0.00339606j 0.00294811-0.00115241j -0.000492751-0.00150033j 0.00163779-0.00290825j -0.0037205+0.000639352j 0.00427271+0.000925872j 0.0044767+0.00501408j 0.00578841+0.00359341j -0.00593012-0.00271036j 0.000482074-0.000946088j -0.00110494+0.00379634j 0.000143872-0.000351279j 0.00674306+0.000366905j -0.00219304-5.22586e-05j 0.00135821-0.00234596j 0.00284592-0.000434416j 0.00237446+0.00575631j -0.00403833+0.00673225j 0.000289926+0.0035962j -0.00322202+0.00578954j 0.00337859+0.00363007j -0.00583377-0.00842139j 0.00117836-0.00557665j 0.00406195+0.00263444j 0.00326131+0.00583686j -0.000655207-0.00551235j 0.00298158-0.0042015j 0.00558908-0.00144004j -0.00140498-0.00496525j 6.7614e-05-0.00356611j -0.00132598-0.00260274j 0.000185439+0.00155567j 0.0011808+0.00113027j 0.00185979-0.00374203j -0.00254442+0.00057997j -0.000111095+0.0028899j 0.0010562+0.00192135j -0.00283426+0.000446657j 0.00236893-0.00302932j -0.000389754+0.000167338j -0.000798157-0.000905741j 
-0.0026267-0.00497472j -0.00707663+0.00251164j -0.00100081+0.0109037j -0.000873453-0.00215237j -0.000826731-0.00579573j 0.00512928+0.00769651j 0.00652654+0.00837118j 0.00598347+0.00358056j -0.00252101+0.00122758j 0.000758324-0.00396177j -0.000191522-4.57471e-05j 0.000392014-0.00505896j -0.00741856+0.00137891j -0.000651057+0.00159545j 0.0050258-0.00431762j 0.00144063+0.00249123j 0.00439175-0.000502265j 0.00217855+0.00282998j -0.00433323-0.00172081j 0.000341716+0.00304842j 0.00505165+0.00052678j -0.000877724-0.0050953j 0.00410806+0.00703814j -0.00115798-0.000521096j 0.00330931-0.00592546j 0.00839688+0.00902075j 0.00358011-0.00307367j 0.0108689+0.00534399j 0.00361706+0.00774629j -0.00240941+0.00315749j -0.00392492+0.0066141j 0.00462822+0.00305143j -0.00686572+0.0135751j 0.00589189+0.00336485j -0.0056093+0.000555775j 0.000829048-0.00368797j 0.000468742+0.00862091j -0.0037441+0.00392324j 0.00168934+0.00168072j 0.0029859-0.00259833j 0.0013761-0.0018523j -0.00762739-0.00128564j 0.000854528+0.00401088j 0.0023388+0.000234035j 0.00482199-0.00343899j 0.00673912-0.00105831j -0.00647307-0.00265423j -0.00377748+0.00677981j -0.00435736+0.00165906j -0.0034767-0.00724527j 0.00301613-0.00348314j -0.000289266-0.00454888j -0.00266666+0.00114823j 0.00708341-0.0028142j -0.00552308+0.0031952j -0.000729902-0.00121585j 0.00122384+0.000406689j 0.00355676+0.00384764j 0.00119519+0.00443117j -0.00314482-0.00757207j -0.00190055+0.000315537j 0.00132138+0.00910256j -1.64169e-05+0.00220186j 0.0149418-0.00165876j -0.00270462-0.0016649j 0.0062128-0.00177326j 0.0033857-0.00150925j -0.0013168+0.000723124j -0.00656026+0.0196591j 0.00347979+0.00310814j -0.00325588+0.00862106j 0.00259367-0.0017455j -0.00311301+0.000774591j 0.000740027+0.00520603j 0.00188261-0.00826092j -0.0038286-0.00119682j 0.0049622+0.00605563j -0.00444124-0.003532j 0.00727743+0.000633061j 0.00257954-0.00507418j 0.00210058-0.00207625j 0.00482909+0.000368892j 0.000767671+0.00119961j -0.000374701-0.0014661j 0.00739841-0.000346011j -0.00316127-0.00268273j -0.00334008+0.00501663j 0.000336261+0.00183633j -0.0081837+0.000289802j -0.00241714-0.00682881j -0.00399772+0.00254906j -0.000843985-0.00111068j 
-0.00168158+0.00587988j 0.00888403-0.00199281j -0.00273748+0.000724992j -0.00539442+0.00649919j -0.00215881+0.00374306j 0.00624089-0.00747559j -0.00732957-0.00146137j -0.000762728+0.00349056j 1.59524e-05-0.00257327j -0.00343537+0.00116894j -0.00171369+0.000480798j -0.00863715-0.000746151j 0.000195046-0.000642829j -0.00271442-0.00593081j -0.00368184-0.00220543j -0.00227501-0.00281117j 0.00276478-0.00240574j 0.00280917-0.00237816j 0.000299747+0.00217182j -0.00348608+0.00164491j -0.000616536+0.00408045j 0.00266722+0.0020629j -0.00151485-0.00087309j -0.00156354+0.00124628j 0.00104218+0.0028524j -0.00295813-0.00751004j -0.00518632-0.00426128j -0.00212111+0.00224597j -0.00258381-0.00502517j -0.000571134-0.00428623j 0.00290167-0.00462685j 0.00180233-0.000665187j 0.00640968-0.00534651j -0.0021048+0.0020961j -0.00171285-0.000825935j 0.00173927+0.0107149j -0.00142412-0.00584237j 0.00136143-0.00193766j 0.000283696+0.0039851j 0.00275769+2.90518e-05j -0.000195428+0.000402345j 0.00307318+0.00211306j 0.00197404+0.00113133j 0.0018592-0.00558968j -0.00138627-0.000555112j -0.00480452-7.93993e-05j -0.0011394-0.000978238j 0.00164743+0.000964905j 0.0040724+0.000916663j -0.00158682-0.000400572j 0.00155241-0.000328627j 0.00212532-0.000536793j -0.00357323+0.000280083j -0.0077397-0.000776103j 0.00171903+0.00347137j 0.00140345-0.00167894j 0.00248391-0.00392453j 0.00334892-0.00277283j 0.00119802+0.00100941j -0.00107241+0.00584479j -0.00314032+0.00371739j 0.000351602+0.000240907j -0.000430881-0.00182054j -0.00446095+0.00197181j 0.000487451+0.00476589j -0.00286959-0.000111983j -0.00325108+0.00146519j 0.00426215-0.00265957j 0.00476984-0.00570627j 0.00279278+0.00143327j 0.00240273-0.00579942j 0.000678943+0.00680178j -0.00169861-0.000982407j -0.000981652-0.000265326j 0.00374941+0.00274679j 0.000168455+3.39775e-06j 0.0009498-0.00484257j 0.00407214+0.00437019j -0.00617122+7.73528e-05j -0.0019923-0.00152123j -0.00472518-0.00157241j -0.000496075+0.00120518j -0.00279511-0.00192697j -0.00469163-0.00242823j -0.00130808+0.000705604j 0.000999057+0.00485342j 0.00269478-0.00169207j 0.00629282+0.000407819j -0.000887549+0.000482948j 0.00621806-0.00284662j 0.00756783+0.00259778j -0.00301966+0.00528896j 
-0.000769002+0.00234727j 0.00220858-0.000354287j -0.00250721+0.000928575j 0.00420285+0.0017128j -0.00163456+0.000253955j 0.00451933+0.00271821j 0.00196178-0.00237562j -0.00232378-0.000270943j -0.00320717-0.00256295j 0.00168017+0.00402919j -0.000720178-0.00327789j -0.00750214+0.00376734j -0.00914297-0.00580705j 0.0147132-0.00235238j 0.00220631-0.00564647j 0.00337793+0.00376105j -0.00773511+0.00297791j 0.00110439-0.00206414j 0.00406507-0.00431269j 0.00197351+0.00126945j 0.000277708+0.00108442j 0.00342675+0.00222681j 0.00409015-0.00176206j -0.000535612+0.000465813j 0.00117564-0.00401753j 0.000740458+0.00571224j -0.00409497-0.00298099j -0.00204716-0.0082579j 0.000132892-0.00157343j -0.00136684+0.000162783j -0.000579229-0.00748235j 0.00128024+0.000544678j -0.00292626+0.00253244j 0.000553933+0.000140784j 0.000912527+0.00112232j -0.00913946+0.00214733j 0.00233634-0.00230753j 0.00754829+0.00117049j -0.0026501-0.00317311j 0.00514588+0.00431552j -0.00251954+0.00126501j 0.00262745-0.000541566j 0.00433723-6.05443e-06j -0.00262987-0.0028445j -0.00673879+0.00545562j -0.00377265-0.00560847j -0.00443823-0.00226679j -0.000809162+0.00268098j 0.000253868-0.00688216j -0.00253972-0.00836061j -0.000525912+0.00158855j -0.00211022-0.00218388j 0.00247153-0.00119692j -0.00254324+0.000218866j -0.000682366-0.00046452j -0.000570599-0.00156212j -0.00259599-0.00207855j 0.000944698+0.000809549j -0.00122446-0.000976143j -0.000712999+0.0072524j -0.00173576+0.00246291j 0.000290132+0.00278138j 0.00098664+0.00242027j -0.00375716-0.00155005j -1.9784e-06-0.000186995j -0.00316334+0.000761219j -0.00193991-0.00318779j 0.00135993-0.00158621j 0.0015048+0.000653164j -0.00143024-0.00141875j 0.000292743-0.00016409j -0.00161584-0.00352153j 0.00297935+0.00229433j -0.00229213-0.000898212j -0.00167536+0.00169005j 0.000248471-0.00011096j 0.000413581+0.00133649j 0.00312567+0.000900249j 0.000977777+0.00032441j -0.00204008+0.0015718j 0.00170809+0.000615353j -0.00471397+0.00166345j -0.00285656-0.00082835j -0.00118839-0.00130849j 0.00114893+0.00112952j -0.000858203+0.00426979j -0.0017868+0.000485345j 0.00121671-0.00274921j 0.00120525+0.000899095j 0.00201342-0.000728244j 0.00227564-0.000302848j -0.00177782-0.00028806j 
-0.000314187-0.00697574j -0.00261684+0.00116205j -0.00540316-0.00398101j -0.00224327+0.00553274j -0.00660944-0.00168632j -0.00488109-0.00227257j 0.00810367+0.000403772j -0.00392778+0.00455106j 0.00232172+0.00300975j 0.00639466-0.00617976j 0.00080525+0.00749053j 0.0044613+0.00139099j 0.00463169+0.00139527j 0.00600406-0.0100125j -0.00400357+0.0150051j -0.00451357+0.00337063j -0.00304677-0.00610481j 0.0039292-0.00934365j -0.0104815-0.00232483j 0.000543319+0.00411704j 0.00694406+0.00511172j -0.00986933-0.00610349j -0.0102671+0.00276292j -0.00276727+0.000750776j 0.00395956-0.00235547j 0.00513119-0.00643997j 0.00322353-0.00202233j 0.00558189+0.00863214j 0.0055878-0.00528252j 0.00362905-0.00457953j 0.00363967+0.00698402j 0.000364201-0.00397393j -0.00194689-0.00913266j -3.49917e-05-0.00067423j -0.00594115+0.00279472j -0.00342447-0.00921364j 0.00334263-0.000701629j -0.00219843-0.00636573j 0.0029617+0.0128289j -0.00292219-0.00876397j 0.000208461+0.00427621j -0.00392108+0.00501845j 0.00115394+0.000126566j 0.00323814+0.00470065j 0.00141288-0.0057809j 0.00648178+0.00579692j 0.00147029-0.00429974j 0.000789841+0.00031478j -0.00137281+0.00859955j -0.00159324+0.00296476j 0.00178041+0.00162309j -0.00373577-0.00393115j -0.000180739+0.00248686j 0.00561587-0.00286289j -0.0106876+0.0022593j 0.00117284+0.00142545j 0.000520768+1.27893e-05j 0.000238948-0.00183436j -0.00375494+0.00182777j 1.28545e-05-0.00236922j 0.000719527-0.00278542j -0.00140429-0.00167003j -0.0012516-0.00150005j 0.00477839-0.00237054j 0.00091399+0.000918768j 0.00167721-0.00120717j -0.00217643-0.00304396j -0.000310615-0.00146238j -0.00348396+0.0069449j -0.000361798+0.00345398j 0.00174623-0.00332471j -0.00216122+0.00246765j 0.00394827-0.00235497j -0.00193249+0.0124509j -0.00259254-0.0049271j -0.00471923+6.44353e-05j 0.0025845+0.00482515j 0.00136594+0.00419245j 0.00769613+0.00154231j -0.0010436-0.000603737j 0.00436448+0.00316863j 0.00463812+0.00212876j 0.000591429+0.00127597j -0.00252234+0.00250799j 0.00376848+0.00164351j -0.00255765+0.00137974j -0.00199954-0.000875125j 0.0032663-0.00159794j -0.000890972+0.00145412j -0.000441574-0.000250314j -0.00358179+0.0015522j -0.00128362-0.00369172j 
-0.000291456-0.00475021j -0.0071965+0.00251451j -0.00132171-0.00099754j 0.00264394-0.000501217j -0.00536023+0.000486283j -0.00172467-0.00463283j 0.0100587+0.00271028j -0.000276524-0.00617181j -0.000630109+0.00275711j 0.00439989-0.00304975j -0.00417153+0.00648794j 0.00366279-0.000240995j 0.00629483-0.000579085j -0.00144609-0.00350544j 0.00216272+0.00327151j -0.00662386-0.00101708j -0.00306572-0.00169951j -0.000209636-0.00134417j 0.000511108-0.00209126j 0.00718289-0.00360584j -0.00528452-0.00147885j -0.00343105-0.00137508j -0.00134557-0.00137644j -0.0093217-0.0011986j -0.000318233-0.0034966j -0.00519525-0.00254688j 0.00160579+0.000589488j 0.00777021-0.00102458j 0.00641508-0.00106967j 0.00329878+0.000544509j -0.00169222-0.000871144j -0.00493163-0.0053603j -0.000851854-0.00322208j -0.000270095-0.00669859j 0.000158981+0.00264472j 1.79702e-05-0.00291831j 0.00291514+0.000213063j -0.00180214+0.00105348j 0.00314286+0.00504933j 0.000609724-0.00220644j -0.000761187-0.0040488j 0.000368664+0.00293916j -0.00182509+0.00314166j -0.00255412+0.00206129j -0.000957694+0.00101512j 0.00664509+0.00330591j -0.00341246-0.00124047j -0.00336773+0.0045821j 0.0027665-0.000901358j -0.00181792-0.00242724j -0.00521401+0.00558862j -0.000856862-0.00353512j 0.00177308+0.00274447j 0.000226846-0.00281544j -0.00349147-0.0040432j -0.00309567+0.000926335j 0.000662575-0.00040813j 0.0014688+0.00121006j 0.00569754-0.00377794j -0.0062927+0.000840289j -0.000861557-0.00294411j 0.00192826+0.000118724j -6.71222e-05-0.000437633j 0.00362886-0.00135773j 0.00130136-0.00211484j 0.00131804-0.00138839j -0.00115144+0.00168666j -0.00180245+0.00385684j -0.00271702+0.00347333j -0.000427767+0.00172598j -0.00299248+0.00311635j -0.000345848+0.000127915j 0.00101088-0.011685j -0.00061226-0.0032711j -0.000933578-0.000990961j 0.00180693+0.00548503j -0.00458678-0.0018861j 0.000625613-0.00205387j 0.00484748+0.000541231j -0.00337874-0.00114392j 0.00500252-0.00222224j 0.00061391-0.00260849j 0.000436528+0.00261657j 0.00140639+0.00430832j 0.00386549-0.00387932j -0.00146264+0.00149267j -0.000969622+0.000394028j -0.000243768-0.00022006j 0.00212989+0.00208768j -0.00150638+0.00343624j -0.00523295-0.00120185j 0.00178564-0.00520118j 
0.00575668+0.00334202j 0.00137597+0.00141826j 0.00946452-0.0114394j -0.0107553-0.00650208j 0.00451975-0.00562664j -0.00534031+0.00490066j -0.0019189-0.00328187j -0.00872748+0.00354212j -0.000153128-0.00181482j 0.00340626+0.00653053j -0.000740935+0.00123184j 0.00817718-0.00135595j 0.00129175-0.000342072j -0.00788621+0.00239588j 0.00186101-0.00352531j -0.00285951+0.00348492j -0.00877112-0.000996625j -0.00334928+0.00106531j -0.00153995+0.00121897j 0.00106071-0.000608093j -0.0043463-0.0072517j -0.00402439-0.00311826j -0.0085745-0.00280499j 0.00467939+0.00176907j -7.74541e-05+0.00630382j -0.00118563+0.000429219j -0.00227455-0.000161904j -0.00268506+0.000253607j -0.00760233+0.0022842j 0.00286798-0.00360359j -0.00502263+0.0146823j 0.00318636+0.00576404j 0.00197319+0.00490455j -0.0027386+0.00887275j 0.00242334-0.00180425j 0.000723928-0.00227151j -0.00242966-6.31048e-05j -0.00169761-0.000266777j 0.00481291-0.00358119j -0.00493476-0.000382107j -9.57496e-05+0.00482953j 0.00245718-0.0028843j -0.00719034-0.00588968j 0.00525501+0.00208677j 0.000535556+0.000207847j 0.00563529-0.00145653j 0.00354846+0.0024334j 0.00115116-0.00563183j -0.00222253-0.00263296j -0.00090213+0.00651381j 0.00151648-0.00157828j 0.00665675+0.00460309j 0.0038753+3.78569e-05j 0.00207489+0.00216414j 0.00470712-0.00191156j 0.00483234+0.00286466j -0.00298362-0.000707396j -1.6988e-05+0.000560977j 0.000458467-0.00686687j -0.0028068+0.000428584j 0.000322034+0.00145722j 0.00075192+0.000213602j 0.00220366-0.000823992j -0.0065796+0.00129001j -0.000377103+0.00324451j -0.00195541+0.00157809j 0.00228351+0.00196686j -0.0041476-0.00535702j 0.00403955-0.00609104j 0.00164317-0.00107473j 0.0023049+3.58953e-05j -0.00597565+0.00488904j 0.00337718-0.00146996j 0.00165508-0.00616013j -0.0023445+0.000198928j 0.00105422-0.00266123j 0.00246638+0.000859536j 0.0034802+0.00030033j -0.00212887-0.00061188j 0.000717499+7.98923e-05j -0.00132733+0.000520439j 6.74817e-05+0.000527188j -0.000555228-0.000544924j -0.00246238-0.00357405j -0.00403626+0.00284885j -0.000397923+0.000850921j -0.000404076-0.000425015j -0.00291637-0.000619069j 3.46245e-05-0.000904569j -0.000149006-0.000992089j 0.00469357-0.000703841j 0.0028422+0.00425169j 
-0.000236093+0.00142526j 0.000510559+0.00796917j 0.00671294-0.000356661j -0.00722762-0.0035409j 0.00215539-0.00514176j 0.000483193+0.00637088j -0.00226924+0.00545558j 0.00493552+0.00121982j -0.00674281-0.00178073j -0.00835607+0.00144091j -0.0018184-0.00288253j 0.0068353-0.00127717j -0.00348704+0.00179687j -0.00724863+0.0061094j 6.22524e-05-0.00991304j 0.0039234+0.00104509j 0.00335511+0.00129229j 0.00108043-0.000403023j -0.000327064-0.00191244j -0.00453589+0.00226156j -0.00260584-0.000482955j -0.0041159-0.00305897j -0.00290798+0.00243822j 0.000600373+0.00168557j -4.31819e-05-0.000110448j 0.00542544+0.00658951j -0.00490907-0.00523375j 0.00232274+0.000813161j 0.000400464+0.00443696j -0.00140484+0.00175693j -0.00537614+0.0108464j 0.00343531+0.00410809j -0.000964108+0.00983265j -0.00365592+0.00420692j 0.000223944-0.00310902j 0.000938752+0.00207559j -0.00151327-0.00131729j -0.00193572+0.00299642j -0.00277245+0.000453881j -0.00284583+0.00283523j -0.00557087+0.00417336j -0.00343352-0.00311063j -0.00296418-0.000680219j 0.00487923-0.000900336j 0.00247291-0.00128009j 0.00362945-0.00757732j -0.00124176+0.00688855j -0.000650457+0.00192932j -0.00110447-0.000680925j -0.00263813+0.00362719j 0.000325439-0.00443684j 0.00284875-0.000598606j 0.00305275-0.00397481j 0.00570827+0.000262389j 0.00209895+0.00153337j 0.000228711+0.00134511j -0.00430382-0.00322956j 0.000460343-0.00204426j -0.00358142+0.00386842j -0.00121696-0.0048155j 0.00267678+0.00214579j -4.04903e-05+0.00108179j 0.00104244-0.0022027j 0.00327568+0.000544257j -0.00406145+0.0052049j -0.00141793+0.00163737j -0.00127498+0.00223498j 0.00189165-0.000418966j 0.00151048+0.002701j 0.00268649-0.00027878j 0.000175846+0.00225372j -0.000690231+0.000609213j -0.000170766+0.000445774j -0.000490483+0.000912993j 0.00225043-0.00592343j -1.45195e-05-0.00317209j 0.00235263-0.000313129j 0.00341383-0.00135778j 0.00401648+0.000617496j -0.00248139-0.00296072j 0.000260984-0.000828175j 0.0026694+0.00333606j 0.00212296+0.000571317j -0.00460336-0.000720361j -0.000744775+0.00430662j 0.00109587+0.00010858j -0.000452677-0.00107575j 0.00533667+0.00265637j -0.00306978+0.0024251j -0.00277477-0.00401073j 0.00167227+0.00432494j -0.0035078-4.1467e-05j 
0.00418919-0.00379426j 0.00177965+0.0014712j -0.00578301-0.00541676j -0.0121861+0.00780523j -0.00488886+0.003585j 0.00283754-0.0025163j -0.00147014+0.00434117j -0.00296612+0.00128241j -0.00433769+0.00490875j -0.00551243+4.17841e-05j -0.00174298-0.00162991j -0.00298218+0.00659811j 0.00381302-0.00135511j -0.00981359-0.00221034j -0.000753504+0.00261444j -0.00606608+0.000202362j 0.00177924-0.0033276j -0.00292739-0.0106604j -0.00750348-0.00499847j -0.00392647+0.00167089j -0.00302967+0.0042048j -0.00317395-0.0022884j -0.00363727-0.00139362j -0.00286233+0.000561967j 0.000785648-0.000443822j -0.00075934-0.00795279j -0.00805225+0.00189878j -0.00295674+0.00510239j -0.000550354-0.00405243j 0.00336904+0.000205878j -0.00227252+0.00822736j 0.00309804-0.00374445j 0.000352919-0.0100956j -0.00643505+0.00205118j -0.00313713+0.00225431j -0.000827215+0.00666093j 0.000496796-0.0100724j 0.00109524-0.00152724j -0.00229608+0.012074j -0.00320589+0.000245922j -0.00408154+0.00482636j 0.000991288-0.00247554j -0.00220995+0.0010611j -0.00526445-0.00236507j 0.0028446-0.000779064j 0.00153145-0.00269879j -0.000782683+0.000309579j -0.00356224+0.00199682j 0.000262319+0.000567679j -0.00125465-0.000690503j -0.00283214-0.00107711j 0.00124469-0.00335057j 0.00650098-0.00367137j -0.00130114-0.0027118j -0.00039589-0.000438812j 0.00104754+0.000686662j -0.00076381-0.000323406j 0.000225186+0.000440698j -0.00364416+0.00469072j -0.000736861-0.00148298j 0.000818351-0.00418341j -0.00433113+0.000213559j -0.000916456-0.000535204j -0.00139549+0.00112107j -0.00329521-0.000205993j -0.00146461+6.22593e-05j 0.00107439-0.0028925j -0.00106162+0.00242178j -0.00072742+0.000427176j -0.00175399-0.00226788j -0.00141819-0.00343628j -0.00228526+0.000900376j 0.000965504-0.0044678j 0.000527424+0.00747962j 0.0028565+0.00349989j 0.0046963-0.00276402j -0.000527039-9.46025e-05j 0.00331096-0.000269212j 0.00527264-0.00204217j -0.00230753+0.00104025j -0.00283156+0.00214545j -0.00298776-0.00211241j -0.000537494-0.000150803j -0.000372786+0.0022327j 0.00120658-0.00157982j -0.00244584+0.00194352j -0.00104364+0.00163584j 0.00244811-0.00209538j -0.00513701+0.00091j 0.00542484-0.00600993j 0.00361148+0.00114917j -0.00315659+3.69168e-06j 
0.00137853-0.00828649j -0.00611788+0.00311475j -0.00367852-0.00901469j -0.00065977-0.00225027j -0.000144703+0.005177j 0.00118943+0.00409561j 0.00483503+0.00572794j -0.000150625-0.00877788j 0.00102613+0.000491148j -0.00335785+0.00131327j -0.000323624-0.00702814j 0.00287126-0.000584109j 0.00307989-0.00273508j -0.00434678+0.00239079j -0.00101948+0.00210672j 0.000869676-8.77748e-05j 0.00196923+0.00570937j -0.00279881-0.00865005j -0.00179224-0.00440736j -0.00105214-0.000812169j -0.00335208+0.00508427j -0.0036578+0.000338099j -5.20948e-06+0.000226754j -0.00276146-0.00158298j -0.00207562-0.00153175j 0.000194034+0.00207222j 0.00306722+0.00379406j -0.000940079-0.00199452j -0.00248228-0.000315898j 0.00483437-0.000261579j 0.0022643+0.00536154j -0.00095969-0.00241341j -0.0017095-0.00150685j -0.00426694+0.00277349j 0.000416834-0.00157776j -0.00355499+0.000692631j 0.00427964-0.00490061j 0.00303558-0.000562812j -0.00656094+0.00245993j -0.00180898+0.00130524j -0.000995341+0.000295122j -0.00222258-0.000690042j -0.00158794+0.000355072j -0.00379617+0.000202607j 0.00225425-0.000761576j -0.00111038+0.00157867j 0.00251727-0.00197625j -0.00429552+0.00611686j -0.00428175-0.000958154j 0.00195804+0.000230289j -0.00490892-8.72032e-05j -0.00488796+0.00215314j 0.00509671-0.00384816j 0.000744562+0.000862346j 0.000648379+0.000761965j -0.00155882+0.00246579j -0.00441281-0.000273596j -0.000749048+0.000999783j -0.000385419+0.00486115j 0.000754368-0.00113831j 0.00371786-0.00184493j 0.000930033-5.68664e-05j 0.000187361-0.00227457j -0.000127576+0.000660954j -0.00123989-0.00220549j -0.00114113-0.00116024j -0.00325228+0.00129948j 0.00198253+0.00103623j -0.00285046+0.000259581j -0.00302706-0.000512256j -0.00479022+0.000712521j -0.00167622-0.00297815j 0.000984548-0.000227737j 7.17454e-05+0.0060492j -0.00209587+0.00329327j 0.00336442-0.0013799j -0.00643942+0.000206474j 0.0025551-0.00335228j 0.00534565-0.00214844j -0.00510881+0.00146931j 0.00224295+0.00283281j -0.00546128-0.00393391j -0.000691206+0.00122301j 0.00178292+0.00468918j 0.00685434-0.000906241j -0.000793074+0.00228024j -0.00207571+0.00294266j 0.00240441+0.000188364j 0.000464597+0.00243641j -0.00158926+0.00556008j -0.00737897-0.0042761j 0.00255233-0.00861019j 
-0.000192877-0.000819783j 0.000661828+0.00189515j 0.00204703-0.00283442j -0.00525282-0.00110907j 0.000359568-0.00178264j -0.00244188-0.00331622j -0.00440018+0.00327838j 0.000928246-0.00293946j 0.00345793-1.68236e-05j -0.00390913+0.00218642j 0.00144275-0.00292737j 0.00310114-0.00358984j -0.000261939+0.00160496j -0.00566994+0.00106718j -0.00121828-0.000619162j 0.00172585+0.000429279j 0.00247643+0.0056234j 0.00215222-0.00425893j -0.000569608+0.0018005j -0.00285707+0.00042322j -0.00186064+0.00155088j -0.00309505+0.00334641j -0.00114546+0.00411712j -0.00016161+0.0018225j -0.00207469+0.000347156j -2.88437e-05-0.000247652j -3.17293e-06-0.00128209j -0.00152536+0.00262203j -0.00282076+0.00335028j 0.0028207-0.00322555j 0.000910286+0.003254j 0.0012898+0.00477748j 0.00135983+0.003468j -0.00288824+0.00592156j 0.000271152-0.001868j 0.000568413+0.00460679j 0.000228067+0.000559291j 0.00102419-0.00132477j -0.00303769-0.000693544j -0.00047509+0.00128165j 0.000134947+0.000819157j -0.00421734-0.000346228j -0.00176011-0.00075656j 0.00207513-0.000358938j 0.00187587-0.00146262j -0.00543754+0.00279415j 0.00338549+0.000784945j -0.00469161+0.00199576j -0.00199753+0.00151098j -0.00106394+0.00298431j -0.000684887-0.000283552j -0.000529034+0.00130125j -0.00123474-0.00182264j -0.00238328+0.00213099j 0.00186748+0.00271466j 0.00050282+0.000717561j -0.00189696+0.000273312j 0.00325352-0.00114631j 0.0021306+0.00439902j 0.000655774+0.0013744j -0.000171154+0.00120901j 0.000850854-0.00166117j -0.000627801-0.00260799j -4.86879e-05+0.0021068j 0.000523709+0.00206248j 0.00179495+0.0016721j -0.00628223+0.00393954j 0.00163274-0.00116475j 0.00174906-0.00201421j -0.000466646+0.00311023j -0.000912029+0.00143926j -0.00180164+0.00214221j -0.00129399-0.000195249j 0.000447531+0.00163296j -0.000151096-0.000166279j -0.00104825-0.0017556j -0.00315437-0.000314074j 0.000469918-0.000850645j -0.00197042-0.000260104j -0.00102139-0.00119004j -0.00126465-0.00178204j 0.000551062-0.0017241j 0.000863737-0.000454769j -0.00174008+0.00046025j 0.00339531-0.00317012j 0.00387221+0.00160744j 0.00455567+0.00123057j 0.00601602+0.0042254j -0.00167103+5.29984e-05j 0.00312705+0.00227661j -0.000171198-0.000846982j 0.000281974+0.000100418j 
-0.000828774+0.000677928j 0.000250555+0.00248479j 0.000557256-0.00846748j -0.000643293-0.00344988j 0.00117557+0.0023137j -0.000272087+0.0028977j 0.00243741+0.000716328j -0.00237634-0.00220072j 6.74869e-05-0.00105054j 0.0022948+0.0052858j -0.002235+0.000609342j 0.00373512-0.00335334j -0.00063562+0.00091925j -0.00257189-0.00321494j 0.000585472-6.41758e-05j -0.00169475-0.00100974j -0.0022729+0.00081258j 0.00096345-0.00135736j 0.000137168+0.000135324j 0.0013744-0.000500051j -0.00249521-0.00127853j -0.00246597-5.14485e-05j -0.00510648-0.00213032j -0.00318511+0.000645835j 0.000829175+0.0016746j -0.0011792+0.000247796j -0.00195827-0.00209129j -0.000285872-0.000921668j -0.00131106+0.000764395j 0.000906416-0.00393644j 0.000196733-5.92087e-05j 0.00167249+0.00122679j 0.00128524+0.00387827j -0.000839132+0.00516856j 0.000144143-0.00352791j 0.000181619+0.000347163j -0.00161015+0.000502249j -0.000834021-0.00145965j -0.000118527-0.00166644j 0.000318424-0.000827654j 0.000163797+0.000970875j 0.00108264+0.00143224j -0.00156105-0.00111082j 0.00178521-0.0010182j -0.00188206+0.000274548j -0.000218405+0.00277046j 0.00138039-0.000591718j -0.000248339+0.00256266j -0.000242956-0.00139892j -0.00108396+0.00240641j -0.000911642+0.000644884j 0.00170157+0.000760624j -0.00196844+0.00205463j -0.000505882+0.00281967j 0.000385867+0.00108739j 0.000581445+0.00209382j -0.000319181-0.00225176j 0.0036574+0.0026679j 0.000767579-0.00148567j -0.00181898+0.0042019j 0.00198649-0.000142508j 0.00402502+0.00222501j 0.000892115-0.00246242j -0.00347441+0.0031107j 0.000238652+0.00136097j -0.0014474+0.00142779j -0.00598052+0.00216522j 0.00128016-0.00351004j 0.00199388-0.00160536j -8.36003e-06-0.000695518j 0.00041224+0.00146963j 0.000633714+0.000904626j 0.0028466-0.00380593j -0.000994093-0.00267601j 0.0020944-0.000915464j -0.00173229+0.00017895j 0.00115336-0.00281243j 0.00466903-0.000954038j -0.00219577+0.000224724j -0.000743116-0.001448j 0.00303711-0.000257464j -0.00157076-8.17748e-05j -0.00221134+0.0012867j -0.00246404+0.000513124j 0.00141689+0.0050386j 0.000767955+0.0059172j -0.00058308-0.00409164j 0.00562798-0.00132964j 0.00477985+0.00513476j -0.00155282+0.00390575j -0.00219219-0.000281792j 0.000425601-0.00169978j 
-0.00677969-9.97458e-06j 0.00342911+0.00934871j -0.000158727-0.00449816j 0.0019919+0.00510305j -0.00498706-0.00203666j -0.00777017-0.00427534j 0.00141013-0.00129816j 0.00542865+0.00410281j -0.00232977-0.000480872j -0.00420985-0.000164376j -0.000448343+0.00346735j 0.0080095-0.000572001j -3.87862e-05+0.00192302j -0.00160913-0.00550869j -0.00301901+0.00452064j 0.00271259+0.00193786j 0.00173671-0.00136938j 0.00654249-0.00468806j -0.00167545-0.00055028j -0.0037786+0.00136583j 0.00098428+0.00187335j -0.00453566-0.00233387j -0.00826664+0.00400018j -0.00686341+0.00366282j 0.00472873-0.00194479j 0.00340083+0.00322005j -0.00284561-0.00948996j 0.00540862+0.00357983j 0.00636248+0.00481345j -0.000450731-0.00334061j 0.00171484-0.00216073j -0.000651694-0.000746912j -0.00023163+0.0011452j -0.00381907+0.00350828j -0.00240809-0.00433348j -0.000631718-0.00247902j -0.00267703-0.00301273j -0.00183809-0.00164288j -0.00407096+0.00490854j -0.000334267-0.00253496j -0.000682794+0.0063278j -0.00569501+0.00207616j 0.0007627-0.00108531j 0.00854069-0.00286184j -0.00118305-0.00330725j -0.00148713+0.00160381j 0.00109223+0.00134452j 0.00189802+0.00211822j 0.00178528+0.0021849j -0.00372648+0.00657738j 0.000785458+0.000957511j -0.00300138-0.00402162j -0.0043218+0.000409115j 0.00118091+0.00175903j -0.00506417+0.00288736j -0.00188038+0.00070605j -0.00172714-0.00224127j 0.00349843-0.00398457j -0.00723106+0.00666769j 0.00159515+0.0033668j 0.00339201-0.00110564j -0.000745793-0.00350046j -0.00202968-0.0035617j 0.00399828+0.00111443j 0.000677744+0.00734036j 0.000595749+0.00277145j -0.00887902+0.00333815j 0.0034375+0.00218187j 0.0023953-0.000663571j 0.00302921+0.0032535j 0.00206949+0.000815609j -0.000436231+0.0029469j 0.000777963-0.00433075j 3.48728e-05+0.00396732j 0.00224395-0.00991873j -0.00443464-0.00130499j 0.00275496+0.000666982j 0.0037544+0.00319695j 0.0017881+0.00147804j -0.000829822-0.00110929j 0.00653036+0.000999793j 0.00520525+0.00510933j 0.00315097+0.00303144j -0.00688432+0.00271175j -0.00118639+0.00601593j 0.00387365+0.00578588j 0.000181831-0.00783864j 0.0129598-0.0012801j 0.00522964+0.00801403j -0.00529585+0.00245765j -0.00361368+0.00531383j -0.00596776-0.00325013j 
0.00461719+0.00330858j 0.00452193-0.00740187j 0.00467383+0.00215587j -0.00861842-0.00180925j 0.00418191-0.00172314j 0.00518668+0.00384561j -0.00196982-0.00337493j -0.00852606+0.00205818j 0.00222959+0.00341016j 0.00437304+0.00672673j -0.00113629-0.00124363j -0.00504563-0.00321555j -0.00758579+0.00419605j -0.00249102-0.00169232j 0.00420993-0.00413437j -0.00172931-0.000600745j -0.000888642+0.000543765j -0.000950479+0.0033502j -0.00103044+0.00525034j -0.00218651+0.00318319j 0.00360729-0.00591261j 0.00488828+0.00115099j -0.000133187-0.0035747j 0.00357784+0.000283331j -0.00274253+0.00274321j -0.00216635-0.00018883j -0.00610764-0.000386466j -0.00969055+0.00151146j -0.00265018+0.00140817j -0.00242165-0.00117942j -0.00240626+0.00246895j 0.00782077+0.00373547j 0.00229274+0.00706633j 0.00288705+0.0067058j -0.000412242+0.00148259j 0.0019107+0.00465108j -0.00182394+0.00384967j 0.00120219-0.000695142j 0.000824788-0.0040658j 0.00192639+0.000714789j -0.000108747+0.00212139j 0.00117223-0.000258183j 0.000202582+4.92109e-05j 0.00109289-0.00228593j -0.000757275+0.00204292j -0.00730491-0.000548598j 0.00114372+0.00127258j -0.00361884-0.000289654j -0.00247274-0.00116966j -0.00134755+7.84119e-05j 0.00481459-0.000321161j 0.00498573-0.000589106j -0.00441737+0.00220019j -0.00356255+0.00154194j 0.00111588+0.00077829j 0.00347522-0.000267653j 0.0046777+0.000431336j 0.00370588+0.00407869j 0.00612945-0.00467155j -0.000168247+0.00564863j -0.00221737+0.00325218j 0.00320148+0.00577985j 3.3023e-05+0.00258554j -0.00194634-0.000625913j 0.00378587-0.000668808j 0.000264043-0.000422266j 0.00413654-0.00314147j -0.0020382-0.0011471j -0.000262163+0.000717571j -0.00145935+0.000218776j 0.0012127-0.000729839j -0.000842678+0.00124566j 5.71338e-05+0.00405398j -0.000555709-0.0045271j -0.00151284+0.00370414j 0.000525727-0.000845463j 0.00495402+0.000735512j -0.00169384-0.00267418j -0.00638243-0.00290996j 0.00577005+0.00203077j -0.00681139-0.00523138j -0.00236609-0.00334029j -0.00142361-0.002589j 0.0016159-0.0076219j -0.000211779-0.00109195j -0.00476208-0.00186131j 0.00273606+0.00353078j -0.00362463-0.000104882j -0.00418313-0.00416189j 0.00761916-0.0066784j 0.00823984-0.00157636j 0.00104693+0.010043j 
0.000295861+0.00471013j 5.27096e-05-0.00229203j 0.00337725+0.00236821j -0.00437854-0.00247844j -0.00105454+0.00052234j 0.00294336+0.00479793j -0.00603655+0.00126678j 0.00278744-0.000740857j -0.00197823-0.00628766j -0.000329152-0.00155299j -0.00150229+0.000685846j -0.00279091-0.00443049j -0.000744905-0.00341674j 0.00600442+0.00456998j -0.00263434-0.00082653j -4.01942e-05-0.00203882j -0.00243371-0.000122135j -0.00213391+0.000442244j 0.00206236-0.00181144j 0.00181026-0.00187982j -3.67222e-05+0.00338157j -0.00316038-0.00100051j -0.00512794-0.000346719j 0.00231254+0.00241817j 0.00134121+0.00532889j -0.00408161-0.000548037j 0.00353684-0.00406092j 0.00258195+0.000164424j -0.00581272-0.00250808j -0.00230084-0.00208086j -0.000257299+0.0010342j -0.00107897+0.00603132j -0.000181121-0.00120417j -0.00147204+0.00176558j 0.00117342+0.00433365j -0.000641193+0.00506471j -0.00403069+0.00438453j -3.75927e-05+0.0015839j 0.00770824-0.00369423j -0.00159647+0.00101265j -7.61738e-05-0.00134475j 0.00274212-0.00209973j -0.00134729-0.00118929j -0.00288691+0.00196932j 0.00148645-0.000203902j 0.00590603+0.00346308j -0.00351373-0.000438181j -0.000789249-0.00102077j 2.74987e-05-0.000326993j 0.00159154+0.0021166j 0.00190199-0.00218775j 0.00154023-0.000575671j -0.000702582+0.00599238j 0.00160163+0.00244592j 0.0016832-5.74829e-05j 0.00143395-0.000975243j -0.00316992-0.00589824j -0.00341147-0.00137141j 0.00264896-0.000666744j -0.00143947+0.0030543j -0.00363177+0.0072401j 0.00381671-0.00359178j 0.00128071-0.00292395j -0.00322463+0.00262199j 0.00103883+0.00160214j -0.0044475+0.00295126j -0.00818323+0.00542197j 0.00440279-0.00178091j 0.00278501+0.000485809j -0.00036188-0.00436819j -0.000488634-0.000139917j -0.000822851+0.00055924j 0.00220459+0.00230778j -0.000242689-0.00069763j 0.00349177+0.00102674j -0.0010954+0.00145412j 1.4897e-05-0.000774978j 0.00401168+0.00156751j -0.00409717+0.00318482j -0.00207499-0.000229903j -0.00581891-0.000538777j -0.00230718-0.00216471j -0.00497103-0.00034014j -0.00733872-0.00158343j 0.00736688-0.000298549j -0.00631895+0.00144209j 0.00108292+0.00236376j 0.00845258-0.00227005j -0.00528168-0.000603004j 0.00890482-0.00335902j 0.00635007+0.00168271j -0.00214858+0.00192372j 
-0.00443221-0.000707021j -0.00339072+0.00445628j 0.0102496+0.00205089j 0.00306239-0.00355987j 0.00165066+0.00458969j -0.00544398-0.00492544j 0.00959318-0.00128293j 0.00367793-0.00424862j -0.00534176+0.00103368j 0.0102591+0.00666831j -0.00550636+0.0032669j -0.00244605-0.00235459j -0.00460598-0.00205104j -0.00820804-0.0044089j 0.0118975+0.00148685j -0.0149412+0.00555322j -0.00161384+0.00252363j 0.0146957-0.000388643j 0.00587452+0.0023303j 0.00975693+0.00123391j -0.0122067-0.00122623j 0.0039745+0.0011157j 0.0123137-0.0068285j -0.015125-0.000249207j 0.00437444-0.00775556j -0.00174205+0.00355059j 0.00295522+0.00306954j -0.00222828-0.000256825j -0.00494054+0.000830141j -0.00133774-0.00238375j 0.00254585+0.00422072j -0.00223785-0.00511617j 0.000628427+0.00860757j 0.00608935+0.000110793j -0.00144963-0.00112846j -0.00186719-0.00508904j -0.00482435-0.00206517j 0.000382612-0.0226807j 0.00141802+0.000525333j -0.00108985+0.00855937j 0.0034249-0.00159155j -0.000306874+0.00725057j -0.00215213+0.00873112j 0.00555296-0.016309j -0.000300516+0.00417368j -0.000291459+0.00315238j 0.00358406-0.00962126j 0.000687155+0.00671071j -0.0025536-0.0073466j -4.54451e-05-0.00821228j -0.000229417+0.0093244j -0.00135738+0.000248119j -0.00164282-0.00175043j 0.00056868-0.0022334j -0.000744333+0.00596269j -0.00479686-0.00497873j -0.000428201-0.000597039j 0.00210214-0.00065421j 0.001033+0.00344303j 0.00309409+0.00781486j -0.000678616-0.00024509j 0.00230079-0.000411107j -0.000695177+0.00626679j 0.000123106+0.00427581j 0.00239913-0.000640358j 0.00223483-0.000624463j -0.00337521+0.00269609j 0.00235284+0.000232132j -0.00288577-0.00187758j -3.26902e-05+0.0029841j -0.000349946-0.000124102j -0.00262782+0.00209529j -0.000652394-0.00195526j -0.00243648+0.0013794j -0.00117719-0.000526342j -0.00218778+0.00374857j -0.00103398+0.00081811j -0.000345656+0.00192757j -4.74287e-05+0.000864769j 0.00232188+0.000956653j 0.000701208-0.00176546j 0.000588978+0.00137299j 0.000766111+0.00150453j -0.000741199-0.000286335j 0.000466176+0.00102688j 0.0014901+0.00278123j 0.00302854-0.00129882j 0.0028144-0.000301589j 0.00326625+0.00264012j -0.00155946+0.00462047j -0.00340997+0.000353694j 0.000251527-0.00217864j 
-0.00287775-0.00715198j -0.00819325-0.00268112j -0.00439899-0.00595464j 0.0145009-0.00383904j -0.00169239+0.00824358j -0.00256236+0.00144368j 0.000243891+0.000430031j 0.00309944-0.0111226j 0.0102039+0.00297j 0.00227728-0.000433898j 0.00564082-0.000166507j 0.00168265+0.000698333j 0.000998174+0.00359807j 0.0049999+0.000297739j -0.00282047+0.00833215j 0.00671872+0.000462566j 0.00327284+0.00683068j 0.000949367-0.00427836j -0.00166122-0.00021043j -0.000650005-0.0030385j 0.00114972+0.00286088j 0.00360762+0.00860659j 0.00438029-0.00121444j 0.000676476-0.000340873j -0.00248913-0.00391078j 0.000684609-0.00243989j 0.0096296+0.00415958j -0.00272425-0.00303713j 0.00220325+0.00216068j 0.00234846+0.000197637j -0.000142912-0.011021j -0.00205779-0.00175239j 0.00150864-0.00167216j 0.00270797-0.0040811j 0.00323899-0.00387777j -0.00152749-0.00209403j 0.00281158+0.00338432j -0.000777014+0.000861873j -0.00163912-0.00456319j 0.00274719-0.00342941j 0.00370187-0.00334324j 8.50093e-05+0.00197446j 0.00487389-0.000434083j -0.00532678+0.00233033j 0.000908644+0.00201107j -0.00619113+0.00638843j 0.00295807-0.00389026j 0.000773976+0.00238515j 8.3253e-05+0.00322357j 0.00120438+0.00015376j -0.00334015+0.00114454j -0.00796461+0.00596685j -0.00373205-0.00066732j -0.00249482+0.00330041j -0.000446542+0.0012056j -0.00540719+0.00212647j 0.00564834+0.00176215j 0.00127214+0.000315044j 0.00236996-2.15183e-05j 0.00111194+0.00118569j 0.00238814-0.00607563j 0.000606507-0.000311156j -0.00344835-0.00153221j -0.000146527-0.00251234j 0.00333089-0.00300623j 0.0037484-0.00102197j -0.0044734-0.00127416j 0.00227847-0.000230794j -0.00185584+0.000756762j -0.00234273+0.00183448j -0.00203725+0.00220015j 0.00272003-0.00350084j -0.00225419+0.00154714j -0.000608248+0.000772171j -0.00417122+0.000402452j 0.000172755-0.000647678j -0.00486722+0.00104714j -0.00608046-0.00339801j -0.00380268-0.00229419j 0.000943015+0.00149807j 0.00357648-0.000610464j -0.000951943-0.00497245j -0.000879103+0.0016099j 0.00600812+0.0036635j 0.00343222-0.00385044j 0.000743111+0.00012845j 0.00347575-9.8427e-05j -0.00206457+0.000534584j 0.00478618+0.000427501j -0.000658486+0.0108194j -0.0132138-0.00675583j 0.00520863-0.0074118j 
-0.00589666-0.00877532j -0.0108419+0.00219377j -0.00615561-0.00402405j 0.0134625-0.00154865j -0.00885209+0.0066024j -0.00572671+0.00335618j -0.00174161+0.0051764j 0.00821429-0.0107166j 0.00447846+0.000631188j -0.00288355-0.00182459j 0.00762739+5.48648e-05j 0.00335869+0.000383459j 0.00309559-0.000410718j 0.00678103+0.000527691j -0.00552854+0.0131209j 0.00774056-0.00350638j 0.00551348+0.00589352j -0.00107088-0.00364795j -0.00151973-0.00424119j -0.0016651-0.00358251j 0.00453256+0.00460143j -0.00115495+0.00638064j 0.00106305+0.00199074j 0.000708278+0.000288415j 0.0010565-0.00339568j 0.00187062-0.00211613j 0.0080106+0.00194595j 0.00484201-0.00247346j 0.00626645+0.00237265j 0.00213078+0.000638496j -0.00254533-0.0107898j -0.00504576-0.000863977j -0.000561956-0.00261025j -0.00145038-0.00416805j 0.00012757-0.00280788j 5.96527e-05-0.00372045j 0.0016987+0.000811736j 0.00259969+0.00505589j -0.00165573-0.00215301j -0.00100637-0.00648297j 0.00250544-0.00184045j -0.000890509-0.000887724j 0.00258239-0.00330108j -0.00593502+0.00550954j 0.00146719-0.00330948j -0.00123044+0.00684698j 0.0019451-0.00141015j -0.000545701+0.000900859j 0.00103444+0.00425127j 0.00252073+0.00182891j -0.00513026-0.000248645j -0.00926714+0.00283884j -0.00165779-0.000537624j 0.000763361+0.00323276j -0.00279213+0.00121032j -0.00208388+0.00337811j 0.00114974-0.000155578j -0.00192643-0.00309753j -0.00463345+0.00527752j -0.000689532-0.000939454j 0.00205738-0.00570158j 0.000370638-0.00469437j -0.00512131-0.00221256j 0.00322338-0.0024526j 0.00394928-0.00236117j 0.00390146-0.000343808j -0.00944698+0.000370798j 0.00131419+0.00277933j -0.002532+0.00273963j -0.00167107-8.60405e-05j -0.0038888+0.00196999j 0.000977273-0.00527939j -0.00119517-0.00186738j 0.000839111+0.00513815j -0.00270325-0.000805685j -0.000311536-0.00122674j -0.00503913+0.00146936j -0.0049615-0.00219373j 0.000369399-0.000675989j -0.00121546+0.00327411j 0.00394068+0.000359826j 0.000264401-0.00564224j 0.000154635+0.00298398j 0.00128669+0.00639468j 0.00605746-0.00358554j -0.000574786+0.00165204j 0.00179568-0.00104279j 0.00341363-0.000325116j 0.00246547+0.00378552j -0.00288895+0.00923022j -0.0145491-0.0034214j 0.00175372-0.0105934j 
-0.00295637+0.00173228j 0.0014138+0.00291312j 0.000997889-0.00394346j 0.00493489+0.00228535j -0.00114282+0.00126658j -0.00317385-0.00420559j -0.00141414-0.00195413j 0.0022042+0.00232049j -0.000596414-0.000947884j 0.000919517+0.00174882j -0.000866259+0.00160757j 0.00298036+0.00128404j 0.00123725+0.000905639j 3.19881e-05-0.00211522j -0.00110979+0.00137585j -2.5973e-05+0.000785042j -0.000474669-0.000634552j 0.00331019+0.000691718j 0.00124151+0.000271529j 0.000375349-0.000510188j -0.00169216-0.000848735j 0.000996556+0.000478607j -0.00317546-0.000170953j -0.00203606+0.00134808j 0.00342773+6.98373e-05j -0.00058642+0.000689585j 0.00228838+4.28612e-05j 0.000604757-0.000204383j 0.00224505+0.000754513j -0.000773834-0.00233249j 0.000431957-0.00191204j -0.000663413-0.00210214j 0.00144861-0.000225676j 0.000457645+0.000487142j 9.48693e-05-0.00289616j -0.000177231-0.00145389j -0.00210932-0.00148671j -0.000944332-0.00208878j -0.00117619-0.000556313j 4.78797e-06-4.17285e-05j -0.000303726+0.000720478j -0.000696848-0.000259732j 0.000925684+7.26487e-05j 0.00492916-0.0012291j -0.00162755-0.000913323j -0.00112278+0.000711229j 0.0012859-0.00112277j 0.00364657-0.00100611j 0.00197059+0.000187628j -0.00116274+0.00073536j 0.000614816+0.00102368j -0.000552946+0.00132122j -0.00345512-0.000146005j -0.000692621+0.00101651j -0.000628415+0.00112265j -0.000208168-0.000382256j 0.000567506-0.000506677j 0.00258453-0.00247386j -0.00178734+0.00048937j 0.000980408+0.00138985j 0.00113281-0.000658708j -0.00195052-0.0022466j -0.000458623-0.000603511j -0.000657765+0.000729949j 0.000233623+0.00289051j 0.000939691+0.000579018j -0.00384123-0.000418445j 0.00193609+0.000434012j 0.00193818-0.00284751j -0.000552688+0.00215937j 0.000649702-0.000838853j 0.000823782+0.00161786j -0.000836276-0.00181456j -0.00120728-0.000440431j 0.000103615-0.00318081j -0.00349639+0.000497094j 0.00058905-0.000556486j 0.00188284+0.00319514j -0.0017106+0.00169997j 8.22768e-05-0.00191496j 0.00427294+0.00111908j 0.00387487+0.00462735j 0.000425382-0.000753037j -0.00139064+0.000818702j -0.00308912+0.00305816j 0.00333498+0.00130877j 0.00069396-0.00391344j 0.00401566-0.000681796j 0.00552128+0.00235208j -0.00270906+0.00591432j -0.00216304+0.00151224j -0.000796057-0.00130055j 
0.00228775-0.00769189j -0.0033602-0.00477271j -0.00462039-0.00910319j 0.0111522-0.00094685j 0.0019193+0.0034652j -0.00338215-0.00765531j 0.00534019-0.00594437j -0.00255498-0.00435117j 0.00942147+0.00579484j 0.00393504+0.0062376j 0.00355205-0.00667285j 0.00336277+0.00105907j 0.00174387+0.00309826j -0.00544124-0.00352309j 0.00248847+0.00489925j 0.00301725+0.00116794j 0.00334607+0.00582567j -0.000341151-0.00394761j -0.00230997+0.00336975j -0.00167626-0.000100968j -1.10376e-05-0.00509495j 0.00629404+0.00713012j 0.00409758-0.00312533j -0.00207563+0.00191587j -0.00295728-0.00226303j 0.00258487-0.000146268j 0.00240867+0.00384455j -0.00708133-0.000832876j 0.00231529+0.0068862j 0.00439136-0.00250805j -0.000509677-0.005513j 0.00287944-0.00392323j 0.00154278+0.00171727j 0.00335751+0.0027338j 0.000728778-0.00513904j 0.000175986-0.00168788j 0.00398853-0.00261217j 0.00130351-0.00376024j -0.0117002-0.000469029j 0.00452139-0.0033264j 0.00385497-0.00273616j -0.00371138+0.00347664j 0.00317041-0.000845413j 0.00166772+3.5295e-05j -0.000398739+0.000838974j -0.0148926+0.00625308j 0.00843206-0.00552783j -0.00142286+0.00129591j -0.00239425+0.00128839j -0.000640195-0.00223353j -0.000429929+0.00508333j -0.00830674+0.00683868j -0.00195128-0.00541148j -0.00548234-1.88833e-05j 0.00050202-0.00148683j -0.00372099+0.00186397j 0.00702384+0.00713516j 0.00784699+0.00141374j 0.00410398-0.00248728j 0.00457709+0.00125165j 0.00290847-0.0062471j -0.00287261+0.00212562j -0.0031246+0.00363664j -0.000356185-0.00244383j 0.00377442-0.00352195j 0.00659461-0.00314726j 0.00308751-0.00527704j -0.00219689-0.00267808j -0.000756663-0.00114877j -0.00543394+0.00606518j 0.000404169+0.00117915j 0.0029355+0.000304006j -0.00287344+0.000548011j -0.000293365-0.00133452j -0.00423529+0.00323721j -0.00131305-0.000935201j -0.00145276+0.00128949j -0.00197049-0.00213767j -0.000855069-0.00344571j 0.00268098+0.00128257j 0.00599032-0.000883767j -0.00191483-0.000201968j -0.000375233-0.00299733j 0.00861655-0.000322546j -0.00222258-0.00263027j 0.00497572-0.00149418j 0.00341825+0.00555397j -0.00655578-3.88159e-05j 0.00932886-0.000384766j -0.00341471+0.0152247j -0.010294-0.00938774j 0.00828906-0.00391702j 
0.00476374+0.00432332j -0.000461944-0.00699953j 0.00418008-0.00372715j -0.000214296-0.00553543j 0.00479841+0.00314351j 0.00701936+0.00288894j -0.00373018+0.00112491j -0.00193985-0.00307266j 0.00161195-0.00820157j 0.00535314+0.00228851j -9.52042e-06-0.00249087j -0.00322315-0.00579777j 0.000525238-0.0055699j 0.00339058+9.6778e-05j -0.000543478-0.00223207j -0.00281569-0.00156535j -0.00450683+0.00276017j -0.000671162+0.00146748j 0.00190111-0.00205091j 0.00353597-0.00346053j -0.00052987+0.00119159j -0.000142114+0.0025381j -0.00264495-0.00493371j 0.00361161+0.0014636j 0.00136335+0.00546717j -0.00746168-0.00106063j 0.00721827-0.00361587j 6.54424e-05-0.00395698j -0.00785238-0.00162203j -0.00243535-0.00426869j 0.000989291+0.00220986j -0.00193852+0.00595022j 0.00180872+0.00123133j 0.00333285+0.00515953j 0.000832249-0.000608132j -0.000158978+0.00448775j -0.00162399+0.00492917j -0.000580432-0.00152841j 0.00627519-0.00707595j -0.000841143+0.00171586j -0.000609744-0.00417997j 0.00461086-0.00137573j -0.000851276-0.000507363j -0.00104446+0.00111653j -0.000916096+0.000270636j 0.00283528+0.00132972j -0.000848802-0.00273222j 0.00110603-0.00199741j -0.00041143+0.00108006j 0.000930597-0.0029888j -0.000352296+0.00217006j 0.00434574+0.00599551j 0.000439334+0.00489228j 0.00135732+0.0022116j 0.00203867+0.000563866j 0.00348054+0.000719598j -0.00347675-0.00544395j 0.00106128+0.00457362j 0.00568394-0.0051512j -0.00289406+0.00356899j -0.000847269+0.00604819j 0.00398217-0.00336985j 0.0029806-0.00206553j -0.0071857+0.00136341j -4.84305e-05-0.000449254j -0.00269978+0.000803137j -0.00519782+0.00504021j 0.00425825-0.00736511j 0.0026008-0.0020076j -0.00284108-0.000288451j 0.000373428-0.000366064j 0.00010666+0.0034153j 0.00120554+0.00273914j -0.00127981-0.00327691j 0.00116085+0.00369793j -1.65597e-05+0.000953808j 0.000516768-0.00111074j 0.00496398+0.00164227j -0.00257582+0.00267641j 9.38912e-05-0.00183062j -0.00210006+0.000984684j -0.00181021-0.00160283j -0.00542414-0.000542026j -0.000590352-0.000231938j 0.0028676-0.00404809j -0.00671432+0.00304857j 0.00199187+0.00262606j 0.000476086-0.00746991j -0.00160604-0.00211456j 0.00915439-0.00312689j 0.00756143-0.00451313j 0.00358399+0.00466686j 
0.00496731-0.00832491j -0.0104896-0.00867572j -0.000405632-0.00177734j 0.00296478-0.00287192j 0.0038576+0.00378049j 0.00651572+0.00169097j 0.00507364+6.01039e-05j -0.00433308-0.00967812j 0.00779944+0.000569817j 0.00541605-0.000721208j 0.00429658-0.00315317j -0.0052972-0.00277324j 0.00021524-0.00292277j 7.23661e-05+0.00109178j 0.00187713+0.00315089j 0.000159898-0.000858288j 0.000660637+0.00520212j -0.00588769-0.000180242j -0.00156519-0.00012391j 0.00323251-0.00175581j 0.00550021-0.000826238j 0.0015486+0.0033072j 0.00452444-0.00307042j 0.00338726-0.00120036j -0.00452898-4.27078e-05j -0.00527338-0.00154622j 0.00621537+0.00262642j -0.0023036-0.00078149j -0.00295468+0.000506145j 0.00339589+0.000959334j 0.000454445+0.0010005j -0.00287642+0.000922737j 0.000646347+0.000860815j 0.00327457-0.00137718j -0.00327613+0.00428823j -0.00334949+0.000726771j 0.00501263+0.00199685j 0.00181193-2.85795e-05j 0.00154612-0.00420585j 0.00102827-0.00245334j 0.00257572-0.0033915j 0.00106171+0.00103842j 0.000577478-0.000300569j -0.00581367+0.00215231j 0.0020447+0.00127371j -0.00284973+0.00504315j 0.00280006-0.00449833j -0.00291334-0.00129244j -0.00450181-0.000322824j 0.00349735-0.00231013j -0.00372326+0.00174975j -0.00505051+0.00535431j 0.000858072+0.000235718j -0.000114711-7.18726e-06j 0.00156384-0.00280503j 0.000399803+0.00194657j 0.000459275-0.000169217j -0.000374065+0.00286636j 0.00878005-0.00463637j -0.000620274-0.000731501j -0.00108011+0.00306587j 0.00639546-0.000565191j -0.00174723+0.00179881j 0.000521029-0.00572472j 0.0045411-0.00656488j 0.00180295-0.00262379j -2.62492e-06-0.00468996j -0.000581155+2.97909e-05j -0.00303192+0.00320548j -0.00387918+0.00392318j -0.00273582+0.000150542j -0.00374537-0.000632132j -0.00148849+0.00374685j 0.000756542-0.00106133j -0.00468387+0.00643492j 0.0056229+0.00224292j -0.00501395+0.00607418j -0.000276405-0.00340746j 0.00160007-0.00269091j -0.0010081+0.00568631j -0.00366902-0.00365052j -0.00417021-0.00976867j -0.00527619-0.000804504j 0.00469297-0.00222191j 0.00888755-0.00891025j -0.0110376-0.00288559j 0.00240577+0.0124514j -0.00812711-0.00309116j -0.00454658-0.00437744j 0.00724327+0.0025306j -0.00188064-0.0104245j 0.00827367-0.000762389j 
0.0114568+0.0118178j 0.012049-0.0126185j 0.0063285+0.0125193j -0.015249+0.0023339j 0.00247057-0.00955138j 0.0086693-0.00146425j -0.00692726-0.00780452j -0.00428594+0.0149614j -0.00622524-0.00220738j 0.00110434-0.000846022j -0.00471441-0.00202386j -0.00887495-0.00164515j -0.00189502-0.00269289j 0.00317929+0.00314048j 0.00198484-0.00901629j -0.00548817-0.000343856j -0.00396825-0.00540777j -0.00391801+0.00709452j 0.000147827+0.00266039j -0.001688+0.00105937j 0.00172669-0.00549634j 0.00134378-0.00564682j -0.00360034-0.00535001j 0.00560426+0.000366024j 0.00123942+0.00821828j -0.00286991-0.00211101j -0.0070295-0.00415208j -0.00236947+0.00364069j -0.00818618-0.00469367j -0.00609083-0.000193613j -0.00225798+0.0092735j 0.00495463+0.00470288j -0.00112209-0.00339779j 0.0025525+0.00299374j -9.38202e-06+0.00808089j 0.00320921+0.00729758j -0.00336406+0.00220199j -0.000364872+0.00200158j 0.00728796+0.000857734j 0.000153234+0.00336531j -0.00311209-0.00123725j 0.0027762-0.00380131j -0.00202103+0.000869525j 2.88191e-05+0.00201462j -1.90287e-06+0.000652679j 0.00206028-0.00815087j -0.0044166+0.00289784j -0.00213295-0.00698966j 0.000841476+0.000397927j -0.00142561-0.00465285j 0.00689892+0.000238483j 0.010285-0.00364627j 0.00347401+0.00366687j 0.000504211-0.00414072j 0.00113098-0.00489597j 0.00503488-0.004125j -0.000366969-0.000566726j -0.000656894+0.00449571j 0.00414768-0.00450218j 0.000200212+0.00172451j -0.00726117+0.00784219j -0.00316297+0.000168275j 0.00553295+0.00337733j -0.00465952+0.000948191j -0.00227603+0.00129036j -0.00406698-0.000445266j 0.00831946-0.00228563j -0.000748302-0.00246806j 0.00409722+0.00155179j -0.00107248-0.00423566j 0.00397094-0.0032761j 0.0025911+0.00469936j 0.0013497+0.00565511j -0.000612739-0.00454021j 0.00379893+0.00707598j -0.00105547+0.000561836j 0.0107899-0.00102666j 0.0010404+0.00347407j -0.00389194+0.000984568j 0.00552122-0.002215j -0.0101563-0.00287078j -0.000326686+0.00339603j -0.00343183-0.00726886j -0.00366017-0.0099239j -0.00345494-0.000687215j -0.0119962-0.00692928j -0.00217585+0.00681083j -0.0023364-0.00534309j -0.0117349-0.0115899j 0.0165819-0.0189219j 0.0247393+0.00430968j -0.00378256+0.0183676j 
